0.01000, -0.8000, -44.60
0.02000, -0.8000, -30.37
0.03000, -0.8000, -25.96
0.04000, -0.8000, -22.83
0.05000, -0.8000, -20.07
0.06000, -0.8000, -19.42
0.07000, -0.8000, -18.49
0.08000, -0.8000, -16.71
0.09000, -0.8000, -16.68
0.1000, -0.8000, -15.87
0.1100, -0.8000, -15.40
0.1200, -0.8000, -14.70
0.1300, -0.8000, -14.39
0.1400, -0.8000, -13.96
0.1500, -0.8000, -13.49
0.1600, -0.8000, -13.48
0.1700, -0.8000, -14.79
0.1800, -0.8000, -13.64
0.1900, -0.8000, -13.24
0.2000, -0.8000, -13.45
0.2100, -0.8000, -13.83
0.2200, -0.8000, -13.74
0.2300, -0.8000, -12.82
0.2400, -0.8000, -12.49
0.2500, -0.8000, -12.49
0.2600, -0.8000, -12.25
0.2700, -0.8000, -12.27
0.2800, -0.8000, -14.03
0.2900, -0.8000, -11.54
0.3000, -0.8000, -11.41
0.3100, -0.8000, -11.76
0.3200, -0.8000, -11.98
0.3300, -0.8000, -11.46
0.3400, -0.8000, -10.79
0.3500, -0.8000, -11.56
0.3600, -0.8000, -11.74
0.3700, -0.8000, -12.01
0.3800, -0.8000, -12.10
0.3900, -0.8000, -11.95
0.4000, -0.8000, -11.03
0.4100, -0.8000, -11.56
0.4200, -0.8000, -12.59
0.4300, -0.8000, -11.11
0.4400, -0.8000, -9.586
0.4500, 0.2300, -10.57
0.4600, 0.2310, 24.07
0.4700, 0.2320, 7.325
0.4800, 0.2330, 4.143
0.4900, 0.2340, 3.509
0.5000, 0.2350, 3.560
0.5100, 0.2360, 3.279
0.5200, 0.2370, 1.334
0.5300, 0.2380, -0.01494
0.5400, 0.2390, 0.5209
0.5500, 0.2400, 0.5333
0.5600, 0.2410, 1.044
0.5700, 0.2420, -0.7764
0.5800, 0.2430, -2.183
0.5900, 0.2440, -1.032
0.6000, 0.2450, -0.3952
0.6100, 0.2460, -1.538
0.6200, 0.2470, -0.7426
0.6300, 0.2480, -0.3609
0.6400, 0.2490, -2.420
0.6500, 0.2500, -2.643
0.6600, 0.2510, -3.563
0.6700, 0.2520, -1.439
0.6800, 0.2530, -1.907
0.6900, 0.2540, -2.792
0.7000, 0.2550, -2.424
0.7100, 0.2560, -2.935
0.7200, 0.2570, -2.855
0.7300, 0.2580, -2.765
0.7400, 0.2590, -2.625
0.7500, 0.2600, -1.404
0.7600, 0.2610, -2.236
0.7700, 0.2620, -2.649
0.7800, 0.2630, -3.866
0.7900, 0.2640, -2.700
0.8000, 0.2650, -2.539
0.8100, 0.2660, -2.379
0.8200, 0.2670, -2.073
0.8300, 0.2680, -2.627
0.8400, 0.2690, -1.922
0.8500, 0.2700, -2.096
0.8600, 0.2710, -2.741
0.8700, 0.2720, -2.445
0.8800, 0.2730, -2.904
0.8900, 0.2740, -2.317
0.9000, 0.2750, -0.8067
0.9100, 0.2760, -1.714
0.9200, 0.2770, -1.772
0.9300, 0.2780, -1.226
0.9400, 0.2790, -1.127
0.9500, 0.2800, -1.922
0.9600, 0.2810, -2.600
0.9700, 0.2820, -2.518
0.9800, 0.2830, -1.014
0.9900, 0.2840, -2.733
1.000, 0.2850, -2.770
1.010, 0.2860, -3.682
1.020, 0.2870, -2.176
1.030, 0.2880, -2.512
1.040, 0.2890, -1.988
1.050, 0.2900, -2.491
1.060, 0.2910, -2.503
1.070, 0.2920, -2.414
1.080, 0.2930, -2.513
1.090, 0.2940, -3.174
1.100, 0.2950, -2.528
1.110, 0.2960, -3.393
1.120, 0.2970, -2.152
1.130, 0.2980, -3.986
1.140, 0.2990, -2.165
1.150, 0.3000, -2.807
1.160, 0.3010, -2.174
1.170, 0.3020, -3.708
1.180, 0.3030, -0.4765
1.190, 0.3040, -1.460
1.200, 0.3050, -3.019
1.210, 0.3060, -1.379
1.220, 0.3070, -0.6486
1.230, 0.3080, -1.862
1.240, 0.3090, -1.233
1.250, 0.3100, -0.03764
1.260, 0.3110, -2.117
1.270, 0.3120, -2.257
1.280, 0.3130, -1.092
1.290, 0.3140, -1.572
1.300, 0.3150, -2.790
1.310, 0.3160, -2.270
1.320, 0.3170, -1.298
1.330, 0.3180, 0.2149
1.340, 0.3190, -2.838
1.350, 0.3200, 1.033
1.360, 0.3210, -0.2003
1.370, 0.3220, 0.7817
1.380, 0.3230, -1.657
1.390, 0.3240, -0.4953
1.400, 0.3250, -1.357
1.410, 0.3260, -1.034
1.420, 0.3270, -1.126
1.430, 0.3280, -1.602
1.440, 0.3290, -0.6284
1.450, 0.3300, -0.7774
1.460, 0.3310, -0.2143
1.470, 0.3320, -0.9047
1.480, 0.3330, -0.4082
1.490, 0.3340, -1.276
1.500, 0.3350, -1.865
1.510, 0.3360, -0.5498
1.520, 0.3370, 0.9492
1.530, 0.3380, 0.5345
1.540, 0.3390, -0.8461
1.550, 0.3400, -0.6227
1.560, 0.3410, 1.253
1.570, 0.3420, -0.8283
1.580, 0.3430, -0.7558
1.590, 0.3440, 0.1186
1.600, 0.3450, 0.4682
1.610, 0.3460, 0.07418
1.620, 0.3470, -0.7232
1.630, 0.3480, -1.560
1.640, 0.3490, -0.4846
1.650, 0.3500, -0.2268
1.660, 0.3510, 0.06982
1.670, 0.3520, -1.641
1.680, 0.3530, -0.7443
1.690, 0.3540, -0.1487
1.700, 0.3550, -0.5728
1.710, 0.3560, 0.6804
1.720, 0.3570, -0.3315
1.730, 0.3580, -0.1254
1.740, 0.3590, 1.959
1.750, 0.3600, -1.598
1.760, 0.3610, 1.330
1.770, 0.3620, 0.1220
1.780, 0.3630, 1.436
1.790, 0.3640, 0.3069
1.800, 0.3650, 0.8417
1.810, 0.3660, -0.4572
1.820, 0.3670, 0.2158
1.830, 0.3680, 0.4552
1.840, 0.3690, 0.4342
1.850, 0.3700, 0.3536
1.860, 0.3710, 1.461
1.870, 0.3720, 1.994
1.880, 0.3730, 2.152
1.890, 0.3740, 2.943
1.900, 0.3750, 3.454
1.910, 0.3760, 2.122
1.920, 0.3770, 2.005
1.930, 0.3780, 0.4444
1.940, 0.3790, 1.603
1.950, 0.3800, 2.022
1.960, 0.3810, 1.355
1.970, 0.3820, 0.05408
1.980, 0.3830, 1.069
1.990, 0.3840, 1.020
2.000, 0.3850, 2.257
2.010, 0.3860, 0.4437
2.020, 0.3870, 2.368
2.030, 0.3880, 3.103
2.040, 0.3890, 2.193
2.050, 0.3900, 2.937
2.060, 0.3910, 1.219
2.070, 0.3920, 2.728
2.080, 0.3930, -0.3468
2.090, 0.3940, 0.9041
2.100, 0.3950, 2.272
2.110, 0.3960, 3.535
2.120, 0.3970, 3.155
2.130, 0.3980, 2.774
2.140, 0.3990, 1.070
2.150, 0.4000, 1.933
2.160, 0.4010, 2.256
2.170, 0.4020, 2.862
2.180, 0.4030, 2.349
2.190, 0.4040, 2.718
2.200, 0.4050, 3.790
2.210, 0.4060, 3.784
2.220, 0.4070, 3.314
2.230, 0.4080, 2.842
2.240, 0.4090, 3.424
2.250, 0.4100, 4.101
2.260, 0.4110, 3.767
2.270, 0.4120, 4.409
2.280, 0.4130, 2.636
2.290, 0.4140, 4.379
2.300, 0.4150, 2.810
2.310, 0.4160, 3.758
2.320, 0.4170, 4.986
2.330, 0.4180, 5.596
2.340, 0.4190, 3.301
2.350, 0.4200, 3.847
2.360, 0.4210, 3.561
2.370, 0.4220, 4.230
2.380, 0.4230, 4.434
2.390, 0.4240, 4.104
2.400, 0.4250, 3.384
2.410, 0.4260, 5.427
2.420, 0.4270, 4.304
2.430, 0.4280, 5.560
2.440, 0.4290, 4.740
2.450, 0.4300, 5.755
2.460, 0.4310, 5.021
2.470, 0.4320, 4.697
2.480, 0.4330, 4.662
2.490, 0.4340, 4.908
2.500, 0.4350, 4.501
2.510, 0.4360, 4.516
2.520, 0.4370, 5.736
2.530, 0.4380, 4.501
2.540, 0.4390, 3.591
2.550, 0.4400, 6.126
2.560, 0.4410, 4.205
2.570, 0.4420, 3.014
2.580, 0.4430, 4.167
2.590, 0.4440, 4.719
2.600, 0.4450, 5.446
2.610, 0.4460, 6.653
2.620, 0.4470, 6.285
2.630, 0.4480, 6.944
2.640, 0.4490, 6.615
2.650, 0.4500, 6.937
2.660, 0.4510, 7.243
2.670, 0.4520, 6.657
2.680, 0.4530, 6.392
2.690, 0.4540, 4.562
2.700, 0.4550, 6.605
2.710, 0.4560, 7.395
2.720, 0.4570, 5.884
2.730, 0.4580, 6.516
2.740, 0.4590, 6.204
2.750, 0.4600, 6.975
2.760, 0.4610, 6.593
2.770, 0.4620, 7.031
2.780, 0.4630, 7.437
2.790, 0.4640, 8.651
2.800, 0.4650, 7.243
2.810, 0.4660, 8.600
2.820, 0.4670, 7.957
2.830, 0.4680, 8.379
2.840, 0.4690, 7.873
2.850, 0.4700, 7.123
2.860, 0.4710, 6.863
2.870, 0.4720, 7.766
2.880, 0.4730, 7.876
2.890, 0.4740, 8.392
2.900, 0.4750, 8.086
2.910, 0.4760, 8.962
2.920, 0.4770, 7.951
2.930, 0.4780, 7.022
2.940, 0.4790, 8.135
2.950, 0.4800, 7.915
2.960, 0.4810, 7.101
2.970, 0.4820, 7.959
2.980, 0.4830, 8.148
2.990, 0.4840, 8.960
3.000, 0.4850, 8.915
3.010, 0.4860, 8.767
3.020, 0.4870, 9.012
3.030, 0.4880, 8.601
3.040, 0.4890, 9.976
3.050, 0.4900, 9.452
3.060, 0.4910, 10.50
3.070, 0.4920, 8.792
3.080, 0.4930, 8.729
3.090, 0.4940, 11.26
3.100, 0.4950, 9.948
3.110, 0.4960, 9.077
3.120, 0.4970, 10.60
3.130, 0.4980, 10.51
3.140, 0.4990, 10.69
3.150, 0.5000, 9.350
3.160, 0.5010, 9.437
3.170, 0.5020, 10.88
3.180, 0.5030, 9.296
3.190, 0.5040, 9.756
3.200, 0.5050, 9.674
3.210, 0.5060, 9.016
3.220, 0.5070, 8.609
3.230, 0.5080, 9.248
3.240, 0.5090, 10.47
3.250, 0.5100, 9.071
3.260, 0.5110, 11.15
3.270, 0.5120, 8.932
3.280, 0.5130, 10.85
3.290, 0.5140, 11.31
3.300, 0.5150, 10.49
3.310, 0.5160, 11.03
3.320, 0.5170, 10.86
3.330, 0.5180, 10.81
3.340, 0.5190, 10.34
3.350, 0.5200, 11.16
3.360, 0.5210, 10.96
3.370, 0.5220, 9.765
3.380, 0.5230, 9.863
3.390, 0.5240, 9.909
3.400, 0.5250, 11.09
3.410, 0.5260, 10.83
3.420, 0.5270, 10.79
3.430, 0.5280, 11.32
3.440, 0.5290, 10.46
3.450, 0.5300, 11.21
3.460, 0.5310, 10.83
3.470, 0.5320, 12.68
3.480, 0.5330, 13.19
3.490, 0.5340, 13.04
3.500, 0.5350, 11.88
3.510, 0.5360, 11.21
3.520, 0.5370, 11.36
3.530, 0.5380, 11.56
3.540, 0.5390, 12.45
3.550, 0.5400, 12.00
3.560, 0.5410, 11.87
3.570, 0.5420, 12.01
3.580, 0.5430, 12.23
3.590, 0.5440, 10.44
3.600, 0.5450, 11.78
3.610, 0.5460, 11.42
3.620, 0.5470, 11.26
3.630, 0.5480, 11.26
3.640, 0.5490, 11.59
3.650, 0.5500, 13.21
3.660, 0.5510, 12.10
3.670, 0.5520, 13.22
3.680, 0.5530, 11.77
3.690, 0.5540, 12.68
3.700, 0.5550, 12.80
3.710, 0.5560, 13.02
3.720, 0.5570, 11.78
3.730, 0.5580, 12.07
3.740, 0.5590, 12.72
3.750, 0.5600, 13.03
3.760, 0.5610, 13.04
3.770, 0.5620, 12.33
3.780, 0.5630, 12.67
3.790, 0.5640, 13.03
3.800, 0.5650, 12.72
3.810, 0.5660, 12.18
3.820, 0.5670, 12.81
3.830, 0.5680, 12.34
3.840, 0.5690, 12.75
3.850, 0.5700, 12.84
3.860, 0.5710, 13.55
3.870, 0.5720, 12.88
3.880, 0.5730, 12.69
3.890, 0.5740, 14.51
3.900, 0.5750, 11.68
3.910, 0.5760, 13.97
3.920, 0.5770, 13.57
3.930, 0.5780, 13.22
3.940, 0.5790, 13.79
3.950, 0.5800, 12.20
3.960, 0.5810, 11.93
3.970, 0.5820, 11.98
3.980, 0.5830, 13.15
3.990, 0.5840, 12.72
4.000, 0.5850, 13.75
4.010, 0.5860, 13.78
4.020, 0.5870, 13.40
4.030, 0.5880, 13.41
4.040, 0.5890, 12.91
4.050, 0.5900, 13.33
4.060, 0.5910, 13.46
4.070, 0.5920, 13.82
4.080, 0.5930, 13.82
4.090, 0.5940, 14.37
4.100, 0.5950, 14.15
4.110, 0.5960, 12.30
4.120, 0.5970, 13.40
4.130, 0.5980, 12.56
4.140, 0.5990, 12.96
4.150, 0.6000, 14.32
4.160, 0.6010, 14.40
4.170, 0.6020, 13.04
4.180, 0.6030, 13.65
4.190, 0.6040, 14.30
4.200, 0.6050, 13.57
4.210, 0.6060, 13.76
4.220, 0.6070, 13.67
4.230, 0.6080, 13.53
4.240, 0.6090, 14.33
4.250, 0.6100, 12.92
4.260, 0.6110, 12.89
4.270, 0.6120, 13.62
4.280, 0.6130, 12.48
4.290, 0.6140, 15.02
4.300, 0.6150, 14.54
4.310, 0.6160, 12.69
4.320, 0.6170, 14.44
4.330, 0.6180, 13.66
4.340, 0.6190, 14.22
4.350, 0.6200, 12.52
4.360, 0.6210, 15.28
4.370, 0.6220, 14.91
4.380, 0.6230, 14.29
4.390, 0.6240, 14.41
4.400, 0.6250, 15.24
4.410, 0.6260, 13.76
4.420, 0.6270, 14.21
4.430, 0.6280, 13.88
4.440, 0.6290, 14.71
4.450, 0.6300, 14.22
4.460, 0.6310, 14.51
4.470, 0.6320, 12.85
4.480, 0.6330, 14.11
4.490, 0.6340, 14.07
4.500, 0.6350, 14.69
4.510, 0.6360, 14.62
4.520, 0.6370, 15.61
4.530, 0.6380, 15.02
4.540, 0.6390, 15.10
4.550, 0.6400, 15.30
4.560, 0.6410, 14.23
4.570, 0.6420, 14.36
4.580, 0.6430, 14.56
4.590, 0.6440, 13.35
4.600, 0.6450, 14.32
4.610, 0.6460, 14.46
4.620, 0.6470, 14.43
4.630, 0.6480, 14.29
4.640, 0.6490, 14.97
4.650, 0.6500, 15.40
4.660, 0.6510, 14.37
4.670, 0.6520, 15.29
4.680, 0.6530, 14.64
4.690, 0.6540, 15.16
4.700, 0.6550, 14.81
4.710, 0.6560, 15.13
4.720, 0.6570, 14.06
4.730, 0.6580, 14.90
4.740, 0.6590, 15.22
4.750, 0.6600, 16.91
4.760, 0.6610, 14.80
4.770, 0.6620, 14.46
4.780, 0.6630, 13.98
4.790, 0.6640, 14.64
4.800, 0.6650, 15.42
4.810, 0.6660, 14.49
4.820, 0.6670, 15.93
4.830, 0.6680, 15.08
4.840, 0.6690, 14.31
4.850, 0.6700, 13.51
4.860, 0.6710, 13.69
4.870, 0.6720, 14.89
4.880, 0.6730, 15.13
4.890, 0.6740, 15.56
4.900, 0.6750, 15.06
4.910, 0.6760, 13.80
4.920, 0.6770, 14.76
4.930, 0.6780, 14.19
4.940, 0.6790, 14.98
4.950, 0.6800, 15.34
4.960, 0.6810, 14.91
4.970, 0.6820, 14.45
4.980, 0.6830, 15.28
4.990, 0.6840, 15.22
5.000, 0.6850, 15.31
5.010, 0.6860, 13.48
5.020, 0.6870, 13.45
5.030, 0.6880, 15.44
5.040, 0.6890, 14.08
5.050, 0.6900, 14.87
5.060, 0.6910, 14.42
5.070, 0.6920, 13.04
5.080, 0.6930, 14.31
5.090, 0.6940, 14.45
5.100, 0.6950, 15.08
5.110, 0.6960, 15.26
5.120, 0.6970, 15.22
5.130, 0.6980, 15.24
5.140, 0.6990, 14.08
5.150, 0.7000, 15.50
5.160, 0.7010, 15.70
5.170, 0.7020, 14.25
5.180, 0.7030, 15.61
5.190, 0.7040, 14.22
5.200, 0.7050, 15.43
5.210, 0.7060, 14.27
5.220, 0.7070, 16.03
5.230, 0.7080, 15.69
5.240, 0.7090, 15.57
5.250, 0.7100, 14.83
5.260, 0.7110, 16.58
5.270, 0.7120, 14.92
5.280, 0.7130, 15.70
5.290, 0.7140, 15.71
5.300, 0.7150, 15.15
5.310, 0.7160, 14.61
5.320, 0.7170, 15.16
5.330, 0.7180, 14.23
5.340, 0.7190, 14.26
5.350, 0.7200, 15.04
5.360, 0.7210, 15.67
5.370, 0.7220, 15.24
5.380, 0.7230, 14.98
5.390, 0.7240, 15.59
5.400, 0.7250, 15.75
5.410, 0.7260, 14.99
5.420, 0.7270, 14.93
5.430, 0.7280, 14.96
5.440, 0.7290, 13.36
5.450, 0.7300, 14.82
5.460, 0.7310, 15.53
5.470, 0.7320, 15.26
5.480, 0.7330, 15.84
5.490, 0.7340, 15.75
5.500, 0.7350, 15.08
5.510, 0.7360, 15.26
5.520, 0.7370, 14.38
5.530, 0.7380, 15.40
5.540, 0.7390, 14.46
5.550, 0.7400, 13.29
5.560, 0.7410, 14.58
5.570, 0.7420, 15.31
5.580, 0.7430, 16.01
5.590, 0.7440, 16.38
5.600, 0.7450, 16.68
5.610, 0.7460, 16.29
5.620, 0.7470, 16.05
5.630, 0.7480, 14.63
5.640, 0.7490, 15.71
5.650, 0.7500, 14.52
5.660, 0.7510, 13.65
5.670, 0.7520, 14.72
5.680, 0.7530, 14.46
5.690, 0.7540, 14.77
5.700, 0.7550, 15.59
5.710, 0.7560, 16.91
5.720, 0.7570, 15.05
5.730, 0.7580, 16.44
5.740, 0.7590, 13.55
5.750, 0.7600, 15.61
5.760, 0.7610, 14.78
5.770, 0.7620, 16.43
5.780, 0.7630, 15.17
5.790, 0.7640, 15.66
5.800, 0.7650, 15.76
5.810, 0.7660, 16.36
5.820, 0.7670, 15.36
5.830, 0.7680, 15.12
5.840, 0.7690, 15.44
5.850, 0.7700, 16.38
5.860, 0.7710, 15.19
5.870, 0.7720, 14.75
5.880, 0.7730, 14.30
5.890, 0.7740, 14.70
5.900, 0.7750, 14.22
5.910, 0.7760, 14.67
5.920, 0.7770, 15.30
5.930, 0.7780, 14.52
5.940, 0.7790, 14.38
5.950, 0.7800, 15.67
5.960, 0.7810, 15.37
5.970, 0.7820, 15.00
5.980, 0.7830, 15.90
5.990, 0.7840, 15.54
6.000, 0.7850, 15.57
6.010, 0.7860, 16.82
6.020, 0.7870, 16.89
6.030, 0.7880, 15.68
6.040, 0.7890, 16.35
6.050, 0.7900, 15.48
6.060, 0.7910, 15.66
6.070, 0.7920, 15.62
6.080, 0.7930, 15.18
6.090, 0.7940, 15.32
6.100, 0.7950, 14.60
6.110, 0.7960, 13.97
6.120, 0.7970, 15.65
6.130, 0.7980, 15.75
6.140, 0.7990, 14.96
6.150, 0.8000, 15.02
6.160, 0.8010, 14.25
6.170, 0.8020, 15.24
6.180, 0.8030, 14.14
6.190, 0.8040, 15.53
6.200, 0.8050, 14.90
6.210, 0.8060, 15.10
6.220, 0.8070, 15.68
6.230, 0.8080, 14.60
6.240, 0.8090, 14.77
6.250, 0.8100, 15.15
6.260, 0.8110, 14.54
6.270, 0.8120, 12.98
6.280, 0.8130, 14.41
6.290, 0.8140, 15.46
6.300, 0.8150, 15.37
6.310, 0.8160, 15.40
6.320, 0.8170, 15.05
6.330, 0.8180, 16.45
6.340, 0.8190, 15.03
6.350, 0.8200, 14.82
6.360, 0.8210, 15.01
6.370, 0.8220, 13.91
6.380, 0.8230, 15.16
6.390, 0.8240, 16.20
6.400, 0.8250, 16.32
6.410, 0.8260, 15.82
6.420, 0.8270, 15.34
6.430, 0.8280, 16.07
6.440, 0.8290, 15.51
6.450, 0.8300, 14.88
6.460, 0.8310, 15.48
6.470, 0.8320, 15.60
6.480, 0.8330, 13.60
6.490, 0.8340, 16.01
6.500, 0.8350, 15.64
6.510, 0.8360, 15.32
6.520, 0.8370, 15.09
6.530, 0.8380, 15.40
6.540, 0.8390, 15.28
6.550, 0.8400, 16.14
6.560, 0.8410, 15.95
6.570, 0.8420, 15.90
6.580, 0.8430, 15.42
6.590, 0.8440, 15.64
6.600, 0.8450, 12.42
6.610, 0.8460, 15.37
6.620, 0.8470, 14.34
6.630, 0.8480, 14.75
6.640, 0.8490, 16.10
6.650, 0.8500, 15.47
6.660, 0.8510, 16.59
6.670, 0.8520, 16.22
6.680, 0.8530, 15.02
6.690, 0.8540, 15.01
6.700, 0.8550, 13.91
6.710, 0.8560, 14.99
6.720, 0.8570, 13.97
6.730, 0.8580, 15.65
6.740, 0.8590, 14.32
6.750, 0.8600, 14.97
6.760, 0.8610, 14.40
6.770, 0.8620, 14.95
6.780, 0.8630, 15.20
6.790, 0.8640, 15.44
6.800, 0.8650, 15.39
6.810, 0.8660, 15.20
6.820, 0.8670, 15.27
6.830, 0.8680, 15.12
6.840, 0.8690, 16.68
6.850, 0.8700, 15.34
6.860, 0.8710, 16.25
6.870, 0.8720, 15.45
6.880, 0.8730, 13.61
6.890, 0.8740, 14.83
6.900, 0.8750, 14.96
6.910, 0.8760, 14.01
6.920, 0.8770, 15.68
6.930, 0.8780, 14.84
6.940, 0.8790, 15.49
6.950, 0.8800, 15.96
6.960, 0.8810, 14.08
6.970, 0.8820, 15.71
6.980, 0.8830, 14.61
6.990, 0.8840, 14.00
7.000, 0.8850, 14.13
7.010, 0.8860, 14.49
7.020, 0.8870, 12.35
7.030, 0.8880, 14.71
7.040, 0.8890, 14.21
7.050, 0.8900, 15.47
7.060, 0.8910, 15.66
7.070, 0.8920, 15.53
7.080, 0.8930, 14.07
7.090, 0.8940, 15.98
7.100, 0.8950, 14.49
7.110, 0.8960, 15.17
7.120, 0.8970, 14.86
7.130, 0.8980, 14.31
7.140, 0.8990, 14.28
7.150, 0.9000, 14.76
7.160, 0.9010, 15.80
7.170, 0.9020, 15.28
7.180, 0.9030, 16.27
7.190, 0.9040, 15.67
7.200, 0.9050, 15.40
7.210, 0.9060, 15.44
7.220, 0.9070, 15.94
7.230, 0.9080, 15.98
7.240, 0.9090, 16.63
7.250, 0.9100, 16.12
7.260, 0.9110, 14.92
7.270, 0.9120, 14.47
7.280, 0.9130, 15.23
7.290, 0.9140, 14.67
7.300, 0.9150, 16.70
7.310, 0.9160, 15.43
7.320, 0.9170, 14.42
7.330, 0.9180, 17.03
7.340, 0.9190, 16.11
7.350, 0.9200, 16.88
7.360, 0.9210, 14.79
7.370, 0.9220, 15.39
7.380, 0.9230, 14.01
7.390, 0.9240, 14.41
7.400, 0.9250, 15.27
7.410, 0.9260, 14.49
7.420, 0.9270, 15.53
7.430, 0.9280, 15.12
7.440, 0.9290, 15.84
7.450, 0.9300, 14.60
7.460, 0.9310, 15.55
7.470, 0.9320, 16.45
7.480, 0.9330, 15.24
7.490, 0.9340, 16.36
7.500, 0.9350, 15.82
7.510, 0.9360, 16.66
7.520, 0.9370, 15.31
7.530, 0.9380, 15.80
7.540, 0.9390, 14.85
7.550, 0.9400, 15.59
7.560, 0.9410, 15.17
7.570, 0.9420, 13.72
7.580, 0.9430, 14.21
7.590, 0.9440, 15.36
7.600, 0.9450, 15.75
7.610, 0.9460, 16.92
7.620, 0.9470, 15.72
7.630, 0.9480, 16.27
7.640, 0.9490, 15.86
7.650, 0.9500, 15.79
7.660, 0.9510, 15.38
7.670, 0.9520, 16.66
7.680, 0.9530, 15.80
7.690, 0.9540, 14.65
7.700, 0.9550, 15.48
7.710, 0.9560, 17.54
7.720, 0.9570, 14.61
7.730, 0.9580, 14.86
7.740, 0.9590, 15.97
7.750, 0.9600, 17.31
7.760, 0.9610, 15.04
7.770, 0.9620, 15.57
7.780, 0.9630, 16.17
7.790, 0.9640, 15.86
7.800, 0.9650, 16.89
7.810, 0.9660, 16.36
7.820, 0.9670, 16.87
7.830, 0.9680, 15.89
7.840, 0.9690, 16.87
7.850, 0.9700, 16.03
7.860, 0.9710, 15.50
7.870, 0.9720, 17.67
7.880, 0.9730, 16.41
7.890, 0.9740, 15.35
7.900, 0.9750, 15.54
7.910, 0.9760, 15.72
7.920, 0.9770, 16.14
7.930, 0.9780, 17.34
7.940, 0.9790, 16.83
7.950, 0.9800, 16.27
7.960, 0.9810, 17.58
7.970, 0.9820, 16.10
7.980, 0.9830, 16.84
7.990, 0.9840, 16.01
8.000, 0.9850, 16.60
8.010, 0.9860, 15.41
8.020, 0.9870, 15.97
8.030, 0.9880, 15.55
8.040, 0.9890, 17.55
8.050, 0.9900, 16.62
8.060, 0.9910, 16.54
8.070, 0.9920, 17.15
8.080, 0.9930, 16.59
8.090, 0.9940, 15.72
8.100, 0.9950, 15.88
8.110, 0.9960, 16.09
8.120, 0.9970, 16.88
8.130, 0.9980, 17.05
8.140, 0.9990, 17.85
8.150, 1.000, 16.90
8.160, 1.001, 16.00
8.170, 1.002, 16.56
8.180, 1.003, 15.58
8.190, 1.004, 16.50
8.200, 1.005, 17.61
8.210, 1.006, 16.38
8.220, 1.007, 14.85
8.230, 1.008, 16.66
8.240, 1.009, 15.52
8.250, 1.010, 16.37
8.260, 1.011, 14.78
8.270, 1.012, 15.19
8.280, 1.013, 15.35
8.290, 1.014, 16.70
8.300, 1.015, 14.96
8.310, 1.016, 14.84
8.320, 1.017, 15.82
8.330, 1.018, 15.99
8.340, 1.019, 16.57
8.350, 1.020, 16.60
8.360, 1.021, 16.78
8.370, 1.022, 16.26
8.380, 1.023, 15.46
8.390, 1.024, 16.69
8.400, 1.025, 15.67
8.410, 1.026, 16.47
8.420, 1.027, 17.18
8.430, 1.028, 17.67
8.440, 1.029, 17.12
8.450, 1.030, 17.68
8.460, 1.031, 16.53
8.470, 1.032, 16.95
8.480, 1.033, 16.82
8.490, 1.034, 16.63
8.500, 1.035, 16.38
8.510, 1.036, 16.73
8.520, 1.037, 15.36
8.530, 1.038, 17.56
8.540, 1.039, 17.41
8.550, 1.040, 17.28
8.560, 1.041, 17.59
8.570, 1.042, 18.07
8.580, 1.043, 19.75
8.590, 1.044, 17.66
8.600, 1.045, 19.03
8.610, 1.046, 17.01
8.620, 1.047, 17.95
8.630, 1.048, 16.11
8.640, 1.049, 16.41
8.650, 1.050, 17.25
8.660, 1.051, 17.56
8.670, 1.052, 18.39
8.680, 1.053, 15.69
8.690, 1.054, 17.11
8.700, 1.055, 16.59
8.710, 1.056, 16.66
8.720, 1.057, 18.56
8.730, 1.058, 17.07
8.740, 1.059, 18.24
8.750, 1.060, 17.32
8.760, 1.061, 16.65
8.770, 1.062, 18.16
8.780, 1.063, 18.45
8.790, 1.064, 17.93
8.800, 1.065, 17.73
8.810, 1.066, 19.02
8.820, 1.067, 17.51
8.830, 1.068, 17.43
8.840, 1.069, 17.66
8.850, 1.070, 17.01
8.860, 1.071, 17.32
8.870, 1.072, 17.37
8.880, 1.073, 18.27
8.890, 1.074, 18.97
8.900, 1.075, 17.69
8.910, 1.076, 18.38
8.920, 1.077, 18.54
8.930, 1.078, 18.17
8.940, 1.079, 18.37
8.950, 1.080, 18.27
8.960, 1.081, 18.45
8.970, 1.082, 17.95
8.980, 1.083, 19.51
8.990, 1.084, 18.35
9.000, 1.085, 18.86
9.010, 1.086, 19.52
9.020, 1.087, 20.05
9.030, 1.088, 18.61
9.040, 1.089, 19.24
9.050, 1.090, 18.82
9.060, 1.091, 19.09
9.070, 1.092, 18.43
9.080, 1.093, 17.57
9.090, 1.094, 19.24
9.100, 1.095, 17.76
9.110, 1.096, 17.94
9.120, 1.097, 19.21
9.130, 1.098, 18.75
9.140, 1.099, 19.45
9.150, 1.100, 20.51
9.160, 1.101, 20.00
9.170, 1.102, 17.62
9.180, 1.103, 19.61
9.190, 1.104, 17.66
9.200, 1.105, 19.48
9.210, 1.106, 19.20
9.220, 1.107, 19.40
9.230, 1.108, 19.56
9.240, 1.109, 19.77
9.250, 1.110, 19.04
9.260, 1.111, 19.40
9.270, 1.112, 18.08
9.280, 1.113, 20.48
9.290, 1.114, 19.24
9.300, 1.115, 18.97
9.310, 1.116, 17.75
9.320, 1.117, 20.25
9.330, 1.118, 19.01
9.340, 1.119, 21.13
9.350, 1.120, 19.78
9.360, 1.121, 20.43
9.370, 1.122, 21.01
9.380, 1.123, 20.11
9.390, 1.124, 20.68
9.400, 1.125, 20.15
9.410, 1.126, 20.00
9.420, 1.127, 21.45
9.430, 1.128, 21.25
9.440, 1.129, 21.11
9.450, 1.130, 19.35
9.460, 1.131, 20.06
9.470, 1.132, 20.16
9.480, 1.133, 21.43
9.490, 1.134, 20.62
9.500, 1.135, 20.61
9.510, 1.136, 19.59
9.520, 1.137, 20.09
9.530, 1.138, 20.30
9.540, 1.139, 20.81
9.550, 1.140, 19.76
9.560, 1.141, 20.83
9.570, 1.142, 20.28
9.580, 1.143, 21.07
9.590, 1.144, 20.16
9.600, 1.145, 22.15
9.610, 1.146, 20.88
9.620, 1.147, 21.27
9.630, 1.148, 21.82
9.640, 1.149, 21.96
9.650, 1.150, 20.99
9.660, 1.151, 20.04
9.670, 1.152, 21.53
9.680, 1.153, 22.35
9.690, 1.154, 20.69
9.700, 1.155, 21.07
9.710, 1.156, 20.68
9.720, 1.157, 21.66
9.730, 1.158, 21.87
9.740, 1.159, 22.64
9.750, 1.160, 22.71
9.760, 1.161, 22.58
9.770, 1.162, 22.38
9.780, 1.163, 23.69
9.790, 1.164, 22.61
9.800, 1.165, 22.06
9.810, 1.166, 21.25
9.820, 1.167, 22.32
9.830, 1.168, 22.04
9.840, 1.169, 22.06
9.850, 1.170, 22.05
9.860, 1.171, 24.80
9.870, 1.172, 22.43
9.880, 1.173, 23.94
9.890, 1.174, 22.23
9.900, 1.175, 24.41
9.910, 1.176, 21.66
9.920, 1.177, 21.74
9.930, 1.178, 24.00
9.940, 1.179, 21.99
9.950, 1.180, 23.38
9.960, 1.181, 22.43
9.970, 1.182, 23.52
9.980, 1.183, 21.81
9.990, 1.184, 23.41
10.00, 1.185, 24.84
10.01, 1.186, 22.42
10.02, 1.187, 24.29
10.03, 1.188, 23.96
10.04, 1.189, 23.60
10.05, 1.190, 24.37
10.06, 1.191, 24.51
10.07, 1.192, 24.05
10.08, 1.193, 24.38
10.09, 1.194, 25.23
10.10, 1.195, 26.13
10.11, 1.196, 25.75
10.12, 1.197, 23.96
10.13, 1.198, 23.70
10.14, 1.199, 25.19
10.15, 1.200, 24.60
10.16, 1.201, 26.20
10.17, 1.202, 25.84
10.18, 1.203, 25.09
10.19, 1.204, 25.25
10.20, 1.205, 26.80
10.21, 1.206, 26.37
10.22, 1.207, 26.48
10.23, 1.208, 26.92
10.24, 1.209, 27.38
10.25, 1.210, 27.26
10.26, 1.211, 27.24
10.27, 1.212, 25.96
10.28, 1.213, 25.62
10.29, 1.214, 26.06
10.30, 1.215, 26.91
10.31, 1.216, 27.52
10.32, 1.217, 28.59
10.33, 1.218, 27.81
10.34, 1.219, 26.88
10.35, 1.220, 28.11
10.36, 1.221, 27.25
10.37, 1.222, 27.84
10.38, 1.223, 26.85
10.39, 1.224, 27.33
10.40, 1.225, 27.88
10.41, 1.226, 27.11
10.42, 1.227, 28.88
10.43, 1.228, 27.97
10.44, 1.229, 30.19
10.45, 1.230, 29.58
10.46, 1.231, 29.76
10.47, 1.232, 31.49
10.48, 1.233, 30.30
10.49, 1.234, 28.42
10.50, 1.235, 31.09
10.51, 1.236, 29.65
10.52, 1.237, 29.86
10.53, 1.238, 30.67
10.54, 1.239, 28.91
10.55, 1.240, 31.34
10.56, 1.241, 30.14
10.57, 1.242, 32.38
10.58, 1.243, 32.56
10.59, 1.244, 30.97
10.60, 1.245, 32.27
10.61, 1.246, 32.10
10.62, 1.247, 33.32
10.63, 1.248, 33.89
10.64, 1.249, 32.43
10.65, 1.250, 32.67
10.66, 1.251, 32.76
10.67, 1.252, 31.90
10.68, 1.253, 33.59
10.69, 1.254, 34.91
10.70, 1.255, 34.52
10.71, 1.256, 33.24
10.72, 1.257, 33.67
10.73, 1.258, 33.96
10.74, 1.259, 34.93
10.75, 1.260, 35.65
10.76, 1.261, 34.01
10.77, 1.262, 35.48
10.78, 1.263, 34.09
10.79, 1.264, 36.09
10.80, 1.265, 36.64
10.81, 1.266, 34.66
10.82, 1.267, 36.22
10.83, 1.268, 35.64
10.84, 1.269, 35.74
10.85, 1.270, 36.98
10.86, 1.271, 36.01
10.87, 1.272, 38.26
10.88, 1.273, 38.30
10.89, 1.274, 38.80
10.90, 1.275, 37.51
10.91, 1.276, 39.12
10.92, 1.277, 40.26
10.93, 1.278, 39.31
10.94, 1.279, 39.33
10.95, 1.280, 39.01
10.96, 1.281, 37.90
10.97, 1.282, 39.03
10.98, 1.283, 40.18
10.99, 1.284, 40.25
11.00, 1.285, 40.28
11.01, 1.286, 41.17
11.02, 1.287, 42.02
11.03, 1.288, 41.84
11.04, 1.289, 41.89
11.05, 1.290, 41.88
11.06, 1.291, 42.25
11.07, 1.292, 42.56
11.08, 1.293, 40.91
11.09, 1.294, 44.11
11.10, 1.295, 42.81
11.11, 1.296, 43.18
11.12, 1.297, 43.80
11.13, 1.298, 45.40
11.14, 1.299, 43.98
11.15, 1.300, 44.96
11.16, 1.301, 43.90
11.17, 1.302, 44.73
11.18, 1.303, 44.71
11.19, 1.304, 45.13
11.20, 1.305, 46.40
11.21, 1.306, 46.47
11.22, 1.307, 45.33
11.23, 1.308, 45.63
11.24, 1.309, 46.72
11.25, 1.310, 46.84
11.26, 1.311, 48.48
11.27, 1.312, 47.18
11.28, 1.313, 47.76
11.29, 1.314, 46.83
11.30, 1.315, 47.37
11.31, 1.316, 47.51
11.32, 1.317, 49.32
11.33, 1.318, 48.51
11.34, 1.319, 48.46
11.35, 1.320, 49.33
11.36, 1.321, 49.70
11.37, 1.322, 47.33
11.38, 1.323, 49.13
11.39, 1.324, 49.75
11.40, 1.325, 49.99
11.41, 1.326, 50.28
11.42, 1.327, 51.98
11.43, 1.328, 52.37
11.44, 1.329, 51.77
11.45, 1.330, 51.69
11.46, 1.331, 52.56
11.47, 1.332, 52.64
11.48, 1.333, 53.93
11.49, 1.334, 52.83
11.50, 1.335, 53.27
11.51, 1.336, 54.45
11.52, 1.337, 53.36
11.53, 1.338, 53.40
11.54, 1.339, 52.36
11.55, 1.340, 52.82
11.56, 1.341, 54.07
11.57, 1.342, 54.38
11.58, 1.343, 54.96
11.59, 1.344, 53.69
11.60, 1.345, 55.18
11.61, 1.346, 55.47
11.62, 1.347, 54.35
11.63, 1.348, 55.80
11.64, 1.349, 56.18
11.65, 1.350, 55.56
11.66, 1.351, 56.25
11.67, 1.352, 54.30
11.68, 1.353, 55.02
11.69, 1.354, 55.61
11.70, 1.355, 55.34
11.71, 1.356, 57.50
11.72, 1.357, 57.26
11.73, 1.358, 56.94
11.74, 1.359, 57.96
11.75, 1.360, 58.12
11.76, 1.361, 57.86
11.77, 1.362, 57.18
11.78, 1.363, 57.36
11.79, 1.364, 57.12
11.80, 1.365, 57.29
11.81, 1.366, 57.74
11.82, 1.367, 58.65
11.83, 1.368, 57.66
11.84, 1.369, 59.02
11.85, 1.370, 58.11
11.86, 1.371, 58.45
11.87, 1.372, 58.38
11.88, 1.373, 59.65
11.89, 1.374, 59.89
11.90, 1.375, 60.40
11.91, 1.376, 58.62
11.92, 1.377, 58.75
11.93, 1.378, 59.06
11.94, 1.379, 58.40
11.95, 1.380, 60.59
11.96, 1.381, 59.69
11.97, 1.382, 59.03
11.98, 1.383, 58.97
11.99, 1.384, 60.78
12.00, 1.385, 58.83
12.01, 1.386, 58.64
12.02, 1.387, 60.48
12.03, 1.388, 58.82
12.04, 1.389, 60.95
12.05, 1.390, 58.56
12.06, 1.391, 60.77
12.07, 1.392, 58.58
12.08, 1.393, 61.34
12.09, 1.394, 60.89
12.10, 1.395, 60.66
12.11, 1.396, 60.63
12.12, 1.397, 61.48
12.13, 1.398, 59.65
12.14, 1.399, 59.52
12.15, 1.400, 59.19
12.16, 1.401, 60.55
12.17, 1.402, 61.22
12.18, 1.403, 60.07
12.19, 1.404, 60.99
12.20, 1.405, 60.19
12.21, 1.406, 58.63
12.22, 1.407, 61.06
12.23, 1.408, 60.38
12.24, 1.409, 60.23
12.25, 1.410, 59.68
12.26, 1.411, 59.30
12.27, 1.412, 59.69
12.28, 1.413, 61.27
12.29, 1.414, 61.27
12.30, 1.415, 62.11
12.31, 1.416, 61.78
12.32, 1.417, 60.23
12.33, 1.418, 60.57
12.34, 1.419, 59.96
12.35, 1.420, 60.25
12.36, 1.421, 59.88
12.37, 1.422, 59.76
12.38, 1.423, 60.27
12.39, 1.424, 61.37
12.40, 1.425, 61.49
12.41, 1.426, 62.17
12.42, 1.427, 61.84
12.43, 1.428, 62.63
12.44, 1.429, 60.47
12.45, 1.430, 59.40
12.46, 1.431, 61.01
12.47, 1.432, 62.27
12.48, 1.433, 63.16
12.49, 1.434, 62.62
12.50, 1.435, 61.24
12.51, 1.436, 61.73
12.52, 1.437, 60.86
12.53, 1.438, 62.30
12.54, 1.439, 61.99
12.55, 1.440, 61.76
12.56, 1.441, 62.36
12.57, 1.442, 61.84
12.58, 1.443, 60.68
12.59, 1.444, 61.48
12.60, 1.445, 61.39
12.61, 1.446, 62.20
12.62, 1.447, 60.82
12.63, 1.448, 61.39
12.64, 1.449, 61.58
12.65, 1.450, 62.85
12.66, 1.451, 60.83
12.67, 1.452, 61.28
12.68, 1.453, 61.79
12.69, 1.454, 61.49
12.70, 1.455, 61.63
12.71, 1.456, 61.07
12.72, 1.457, 62.54
12.73, 1.458, 62.15
12.74, 1.459, 61.36
12.75, 1.460, 63.17
12.76, 1.461, 62.90
12.77, 1.462, 62.81
12.78, 1.463, 62.98
12.79, 1.464, 63.10
12.80, 1.465, 63.48
12.81, 1.466, 61.27
12.82, 1.467, 62.60
12.83, 1.468, 63.26
12.84, 1.469, 63.08
12.85, 1.470, 62.27
12.86, 1.471, 61.25
12.87, 1.472, 62.51
12.88, 1.473, 63.34
12.89, 1.474, 63.27
12.90, 1.475, 62.43
12.91, 1.476, 63.28
12.92, 1.477, 62.66
12.93, 1.478, 63.15
12.94, 1.479, 63.75
12.95, 1.480, 62.12
12.96, 1.481, 62.58
12.97, 1.482, 62.34
12.98, 1.483, 63.57
12.99, 1.484, 62.58
13.00, 1.485, 62.55
13.01, 1.486, 62.97
13.02, 1.487, 65.30
13.03, 1.488, 64.47
13.04, 1.489, 62.84
13.05, 1.490, 63.49
13.06, 1.491, 64.75
13.07, 1.492, 65.05
13.08, 1.493, 63.00
13.09, 1.494, 64.56
13.10, 1.495, 63.41
13.11, 1.496, 63.79
13.12, 1.497, 63.91
13.13, 1.498, 65.81
13.14, 1.499, 63.66
13.15, 1.500, 66.46
13.16, 1.501, 64.82
13.17, 1.502, 64.66
13.18, 1.503, 65.10
13.19, 1.504, 64.92
13.20, 1.505, 65.88
13.21, 1.506, 65.35
13.22, 1.507, 63.11
13.23, 1.508, 64.76
13.24, 1.509, 65.30
13.25, 1.510, 64.83
13.26, 1.511, 65.66
13.27, 1.512, 65.76
13.28, 1.513, 66.48
13.29, 1.514, 67.19
13.30, 1.515, 67.24
13.31, 1.516, 66.51
13.32, 1.517, 66.40
13.33, 1.518, 67.13
13.34, 1.519, 65.11
13.35, 1.520, 66.65
13.36, 1.521, 66.80
13.37, 1.522, 66.83
13.38, 1.523, 65.63
13.39, 1.524, 66.94
13.40, 1.525, 68.16
13.41, 1.526, 67.14
13.42, 1.527, 68.98
13.43, 1.528, 67.30
13.44, 1.529, 67.47
13.45, 1.530, 68.03
13.46, 1.531, 69.19
13.47, 1.532, 68.07
13.48, 1.533, 67.19
13.49, 1.534, 67.56
13.50, 1.535, 67.40
13.51, 1.536, 66.88
13.52, 1.537, 67.19
13.53, 1.538, 68.02
13.54, 1.539, 67.61
13.55, 1.540, 68.11
13.56, 1.541, 68.18
13.57, 1.542, 70.40
13.58, 1.543, 70.41
13.59, 1.544, 70.36
13.60, 1.545, 69.39
13.61, 1.546, 70.31
13.62, 1.547, 70.75
13.63, 1.548, 71.24
13.64, 1.549, 69.80
13.65, 1.550, 71.11
13.66, 1.551, 71.11
13.67, 1.552, 70.96
13.68, 1.553, 70.38
13.69, 1.554, 68.82
13.70, 1.555, 71.47
13.71, 1.556, 70.71
13.72, 1.557, 72.14
13.73, 1.558, 72.29
13.74, 1.559, 72.92
13.75, 1.560, 72.26
13.76, 1.561, 72.35
13.77, 1.562, 73.70
13.78, 1.563, 72.52
13.79, 1.564, 71.71
13.80, 1.565, 71.80
13.81, 1.566, 71.88
13.82, 1.567, 72.67
13.83, 1.568, 71.33
13.84, 1.569, 72.55
13.85, 1.570, 73.26
13.86, 1.571, 72.92
13.87, 1.572, 74.06
13.88, 1.573, 72.78
13.89, 1.574, 73.96
13.90, 1.575, 74.11
13.91, 1.576, 74.31
13.92, 1.577, 74.46
13.93, 1.578, 74.40
13.94, 1.579, 75.16
13.95, 1.580, 74.46
13.96, 1.581, 76.42
13.97, 1.582, 75.74
13.98, 1.583, 76.40
13.99, 1.584, 76.35
14.00, 1.585, 75.83
14.01, 1.586, 75.67
14.02, 1.587, 76.87
14.03, 1.588, 76.17
14.04, 1.589, 76.38
14.05, 1.590, 76.23
14.06, 1.591, 76.37
14.07, 1.592, 78.05
14.08, 1.593, 78.42
14.09, 1.594, 78.68
14.10, 1.595, 78.67
14.11, 1.596, 80.10
14.12, 1.597, 79.11
14.13, 1.598, 79.50
14.14, 1.599, 78.81
14.15, 1.600, 79.27
14.16, 1.601, 79.86
14.17, 1.602, 78.61
14.18, 1.603, 79.73
14.19, 1.604, 80.46
14.20, 1.605, 79.22
14.21, 1.606, 79.20
14.22, 1.607, 78.34
14.23, 1.608, 79.72
14.24, 1.609, 79.45
14.25, 1.610, 80.50
14.26, 1.611, 79.55
14.27, 1.612, 80.37
14.28, 1.613, 80.46
14.29, 1.614, 81.25
14.30, 1.615, 83.35
14.31, 1.616, 82.53
14.32, 1.617, 81.89
14.33, 1.618, 82.44
14.34, 1.619, 82.79
14.35, 1.620, 82.76
14.36, 1.621, 82.10
14.37, 1.622, 82.45
14.38, 1.623, 82.91
14.39, 1.624, 83.39
14.40, 1.625, 82.08
14.41, 1.626, 83.56
14.42, 1.627, 83.81
14.43, 1.628, 83.35
14.44, 1.629, 85.26
14.45, 1.630, 85.43
14.46, 1.631, 85.78
14.47, 1.632, 86.20
14.48, 1.633, 86.95
14.49, 1.634, 87.35
14.50, 1.635, 86.53
14.51, 1.636, 85.95
14.52, 1.637, 86.23
14.53, 1.638, 86.68
14.54, 1.639, 86.65
14.55, 1.640, 87.14
14.56, 1.641, 87.27
14.57, 1.642, 86.70
14.58, 1.643, 86.77
14.59, 1.644, 86.75
14.60, 1.645, 88.96
14.61, 1.646, 88.12
14.62, 1.647, 87.80
14.63, 1.648, 89.01
14.64, 1.649, 89.03
14.65, 1.650, 89.21
14.66, 1.651, 90.54
14.67, 1.652, 90.85
14.68, 1.653, 90.00
14.69, 1.654, 91.42
14.70, 1.655, 90.63
14.71, 1.656, 90.25
14.72, 1.657, 91.18
14.73, 1.658, 89.85
14.74, 1.659, 90.91
14.75, 1.660, 92.43
14.76, 1.661, 94.35
14.77, 1.662, 94.44
14.78, 1.663, 95.45
14.79, 1.664, 96.82
14.80, 1.665, 96.99
14.81, 1.666, 97.77
14.82, 1.667, 98.40
14.83, 1.668, 100.5
14.84, 1.669, 100.1
14.85, 1.670, 101.1
14.86, 1.671, 99.78
14.87, 1.672, 102.8
14.88, 1.673, 102.3
14.89, 1.674, 102.1
14.90, 1.675, 102.7
14.91, 1.676, 103.7
14.92, 1.677, 102.2
14.93, 1.678, 104.2
14.94, 1.679, 103.3
14.95, 1.680, 104.4
14.96, 1.681, 103.2
14.97, 1.682, 105.1
14.98, 1.683, 103.7
14.99, 1.684, 105.6
15.00, 1.685, 106.1
15.01, 1.686, 106.4
15.02, 1.687, 107.3
15.03, 1.688, 107.5
15.04, 1.689, 107.6
15.05, 1.690, 108.0
15.06, 1.691, 107.6
15.07, 1.692, 106.5
15.08, 1.693, 107.4
15.09, 1.694, 110.2
15.10, 1.695, 109.3
15.11, 1.696, 108.9
15.12, 1.697, 109.7
15.13, 1.698, 108.9
15.14, 1.699, 111.1
15.15, 1.700, 111.3
15.16, 1.701, 113.4
15.17, 1.702, 112.4
15.18, 1.703, 112.9
15.19, 1.704, 114.2
15.20, 1.705, 113.6
15.21, 1.706, 111.9
15.22, 1.707, 113.5
15.23, 1.708, 115.0
15.24, 1.709, 114.6
15.25, 1.710, 116.4
15.26, 1.711, 116.5
15.27, 1.712, 117.9
15.28, 1.713, 118.8
15.29, 1.714, 118.1
15.30, 1.715, 118.3
15.31, 1.716, 119.3
15.32, 1.717, 120.1
15.33, 1.718, 119.9
15.34, 1.719, 120.6
15.35, 1.720, 120.6
15.36, 1.721, 120.5
15.37, 1.722, 121.9
15.38, 1.723, 122.9
15.39, 1.724, 123.3
15.40, 1.725, 123.0
15.41, 1.726, 123.9
15.42, 1.727, 123.5
15.43, 1.728, 124.9
15.44, 1.729, 125.6
15.45, 1.730, 125.7
15.46, 1.731, 127.0
15.47, 1.732, 126.8
15.48, 1.733, 128.4
15.49, 1.734, 128.7
15.50, 1.735, 129.1
15.51, 1.736, 129.2
15.52, 1.737, 129.3
15.53, 1.738, 129.5
15.54, 1.739, 130.2
15.55, 1.740, 130.6
15.56, 1.741, 131.2
15.57, 1.742, 133.4
15.58, 1.743, 134.2
15.59, 1.744, 133.3
15.60, 1.745, 133.9
15.61, 1.746, 134.7
15.62, 1.747, 136.2
15.63, 1.748, 137.0
15.64, 1.749, 138.2
15.65, 1.750, 135.8
15.66, 1.751, 137.8
15.67, 1.752, 138.8
15.68, 1.753, 140.0
15.69, 1.754, 140.5
15.70, 1.755, 141.0
15.71, 1.756, 142.6
15.72, 1.757, 143.7
15.73, 1.758, 144.2
15.74, 1.759, 144.2
15.75, 1.760, 145.4
15.76, 1.761, 144.5
15.77, 1.762, 147.0
15.78, 1.763, 146.0
15.79, 1.764, 146.8
15.80, 1.765, 148.3
15.81, 1.766, 148.4
15.82, 1.767, 148.1
15.83, 1.768, 149.2
15.84, 1.769, 150.4
15.85, 1.770, 151.7
15.86, 1.771, 152.0
15.87, 1.772, 154.3
15.88, 1.773, 154.2
15.89, 1.774, 155.5
15.90, 1.775, 155.9
15.91, 1.776, 157.1
15.92, 1.777, 158.6
15.93, 1.778, 158.5
15.94, 1.779, 158.7
15.95, 1.780, 159.4
15.96, 1.781, 160.5
15.97, 1.782, 161.1
15.98, 1.783, 162.6
15.99, 1.784, 162.0
16.00, 1.785, 163.1
16.01, 1.786, 164.3
16.02, 1.787, 165.5
16.03, 1.788, 165.9
16.04, 1.789, 166.4
16.05, 1.790, 167.9
16.06, 1.791, 168.4
16.07, 1.792, 169.0
16.08, 1.793, 169.6
16.09, 1.794, 171.3
16.10, 1.795, 171.9
16.11, 1.796, 173.4
16.12, 1.797, 173.8
16.13, 1.798, 174.0
16.14, 1.799, 174.9
16.15, 1.800, 176.7
16.16, 1.801, 177.5
16.17, 1.802, 178.7
16.18, 1.803, 178.9
16.19, 1.804, 180.8
16.20, 1.805, 181.6
16.21, 1.806, 183.1
16.22, 1.807, 182.8
16.23, 1.808, 182.4
16.24, 1.809, 185.9
16.25, 1.810, 185.9
16.26, 1.811, 186.8
16.27, 1.812, 188.2
16.28, 1.813, 188.9
16.29, 1.814, 189.6
16.30, 1.815, 189.4
16.31, 1.816, 190.7
16.32, 1.817, 191.0
16.33, 1.818, 191.4
16.34, 1.819, 192.4
16.35, 1.820, 193.8
16.36, 1.821, 195.7
16.37, 1.822, 195.9
16.38, 1.823, 199.2
16.39, 1.824, 200.0
16.40, 1.825, 201.1
16.41, 1.826, 201.7
16.42, 1.827, 200.8
16.43, 1.828, 202.5
16.44, 1.829, 204.3
16.45, 1.830, 204.1
16.46, 1.831, 206.3
16.47, 1.832, 207.1
16.48, 1.833, 208.9
16.49, 1.834, 209.8
16.50, 1.835, 210.3
16.51, 1.836, 210.3
16.52, 1.837, 213.0
16.53, 1.838, 214.5
16.54, 1.839, 215.9
16.55, 1.840, 217.3
16.56, 1.841, 219.6
16.57, 1.842, 219.3
16.58, 1.843, 220.0
16.59, 1.844, 222.0
16.60, 1.845, 222.0
16.61, 1.846, 223.2
16.62, 1.847, 226.2
16.63, 1.848, 225.8
16.64, 1.849, 227.2
16.65, 1.850, 229.3
16.66, 1.851, 229.1
16.67, 1.852, 228.2
16.68, 1.853, 231.5
16.69, 1.854, 233.4
16.70, 1.855, 234.5
16.71, 1.856, 237.0
16.72, 1.857, 238.2
16.73, 1.858, 238.5
16.74, 1.859, 239.0
16.75, 1.860, 242.0
16.76, 1.861, 241.9
16.77, 1.862, 243.4
16.78, 1.863, 243.6
16.79, 1.864, 246.7
16.80, 1.865, 245.7
16.81, 1.866, 247.4
16.82, 1.867, 249.9
16.83, 1.868, 251.5
16.84, 1.869, 253.1
16.85, 1.870, 254.0
16.86, 1.871, 257.5
16.87, 1.872, 258.8
16.88, 1.873, 258.1
16.89, 1.874, 260.1
16.90, 1.875, 261.3
16.91, 1.876, 263.3
16.92, 1.877, 264.7
16.93, 1.878, 266.0
16.94, 1.879, 267.5
16.95, 1.880, 269.7
16.96, 1.881, 269.4
16.97, 1.882, 272.1
16.98, 1.883, 272.3
16.99, 1.884, 274.0
17.00, 1.885, 275.8
17.01, 1.886, 277.1
17.02, 1.887, 278.3
17.03, 1.888, 279.6
17.04, 1.889, 280.9
17.05, 1.890, 281.9
17.06, 1.891, 282.5
17.07, 1.892, 284.6
17.08, 1.893, 285.1
17.09, 1.894, 286.7
17.10, 1.895, 288.5
17.11, 1.896, 291.2
17.12, 1.897, 291.9
17.13, 1.898, 293.1
17.14, 1.899, 294.1
17.15, 1.900, 296.2
17.16, 1.901, 298.1
17.17, 1.902, 298.3
17.18, 1.903, 302.1
17.19, 1.904, 303.8
17.20, 1.905, 305.6
17.21, 1.906, 305.9
17.22, 1.907, 307.0
17.23, 1.908, 307.9
17.24, 1.909, 309.1
17.25, 1.910, 310.8
17.26, 1.911, 313.4
17.27, 1.912, 314.6
17.28, 1.913, 315.9
17.29, 1.914, 318.1
17.30, 1.915, 320.1
17.31, 1.916, 320.0
17.32, 1.917, 322.8
17.33, 1.918, 323.8
17.34, 1.919, 326.1
17.35, 1.920, 328.4
17.36, 1.921, 329.0
17.37, 1.922, 329.1
17.38, 1.923, 331.8
17.39, 1.924, 333.8
17.40, 1.925, 335.2
17.41, 1.926, 336.6
17.42, 1.927, 339.3
17.43, 1.928, 340.0
17.44, 1.929, 343.2
17.45, 1.930, 344.9
17.46, 1.931, 344.6
17.47, 1.932, 347.6
17.48, 1.933, 348.4
17.49, 1.934, 349.7
17.50, 1.935, 350.1
17.51, 1.936, 351.7
17.52, 1.937, 353.2
17.53, 1.938, 355.1
17.54, 1.939, 354.0
17.55, 1.940, 357.2
17.56, 1.941, 358.6
17.57, 1.942, 361.3
17.58, 1.943, 362.6
17.59, 1.944, 363.6
17.60, 1.945, 363.8
17.61, 1.946, 367.3
17.62, 1.947, 368.1
17.63, 1.948, 370.7
17.64, 1.949, 369.4
17.65, 1.950, 374.1
17.66, 1.951, 374.3
17.67, 1.952, 377.5
17.68, 1.953, 377.4
17.69, 1.954, 379.7
17.70, 1.955, 380.3
17.71, 1.956, 381.1
17.72, 1.957, 384.8
17.73, 1.958, 385.0
17.74, 1.959, 387.9
17.75, 1.960, 391.4
17.76, 1.961, 392.6
17.77, 1.962, 394.7
17.78, 1.963, 394.6
17.79, 1.964, 396.1
17.80, 1.965, 398.6
17.81, 1.966, 399.2
17.82, 1.967, 402.1
17.83, 1.968, 404.7
17.84, 1.969, 405.9
17.85, 1.970, 407.7
17.86, 1.971, 406.9
17.87, 1.972, 410.4
17.88, 1.973, 412.8
17.89, 1.974, 414.1
17.90, 1.975, 414.9
17.91, 1.976, 416.7
17.92, 1.977, 420.6
17.93, 1.978, 420.9
17.94, 1.979, 422.0
17.95, 1.980, 423.7
17.96, 1.981, 425.7
17.97, 1.982, 425.5
17.98, 1.983, 427.9
17.99, 1.984, 429.0
18.00, 1.985, 428.1
18.01, 1.986, 429.4
18.02, 1.987, 428.4
18.03, 1.988, 429.7
18.04, 1.989, 429.3
18.05, 1.990, 430.0
18.06, 1.991, 429.4
18.07, 1.992, 431.9
18.08, 1.993, 432.4
18.09, 1.994, 431.8
18.10, 1.995, 432.7
18.11, 1.996, 432.2
18.12, 1.997, 431.8
18.13, 1.998, 433.4
18.14, 1.999, 433.7
18.15, 2.000, 434.4
18.16, 1.999, 436.2
18.17, 1.998, 435.0
18.18, 1.997, 436.4
18.19, 1.996, 435.0
18.20, 1.995, 437.3
18.21, 1.994, 437.4
18.22, 1.993, 437.4
18.23, 1.992, 437.2
18.24, 1.991, 437.6
18.25, 1.990, 440.1
18.26, 1.989, 439.9
18.27, 1.988, 440.2
18.28, 1.987, 440.7
18.29, 1.986, 442.6
18.30, 1.985, 439.9
18.31, 1.984, 442.8
18.32, 1.983, 441.3
18.33, 1.982, 443.4
18.34, 1.981, 442.3
18.35, 1.980, 439.5
18.36, 1.979, 440.1
18.37, 1.978, 438.5
18.38, 1.977, 439.1
18.39, 1.976, 438.8
18.40, 1.975, 437.1
18.41, 1.974, 437.4
18.42, 1.973, 436.4
18.43, 1.972, 435.5
18.44, 1.971, 432.7
18.45, 1.970, 434.7
18.46, 1.969, 434.4
18.47, 1.968, 432.1
18.48, 1.967, 431.4
18.49, 1.966, 429.9
18.50, 1.965, 430.4
18.51, 1.964, 428.8
18.52, 1.963, 427.2
18.53, 1.962, 427.5
18.54, 1.961, 427.4
18.55, 1.960, 427.3
18.56, 1.959, 426.5
18.57, 1.958, 424.5
18.58, 1.957, 424.9
18.59, 1.956, 422.3
18.60, 1.955, 420.8
18.61, 1.954, 419.3
18.62, 1.953, 419.6
18.63, 1.952, 416.8
18.64, 1.951, 418.4
18.65, 1.950, 417.7
18.66, 1.949, 416.4
18.67, 1.948, 416.2
18.68, 1.947, 414.4
18.69, 1.946, 415.1
18.70, 1.945, 411.2
18.71, 1.944, 412.0
18.72, 1.943, 411.4
18.73, 1.942, 412.2
18.74, 1.941, 409.1
18.75, 1.940, 406.4
18.76, 1.939, 406.4
18.77, 1.938, 408.4
18.78, 1.937, 406.0
18.79, 1.936, 405.2
18.80, 1.935, 405.2
18.81, 1.934, 404.7
18.82, 1.933, 403.6
18.83, 1.932, 402.6
18.84, 1.931, 400.7
18.85, 1.930, 401.6
18.86, 1.929, 398.5
18.87, 1.928, 397.9
18.88, 1.927, 397.7
18.89, 1.926, 396.4
18.90, 1.925, 394.1
18.91, 1.924, 394.7
18.92, 1.923, 392.5
18.93, 1.922, 393.1
18.94, 1.921, 392.8
18.95, 1.920, 391.1
18.96, 1.919, 390.3
18.97, 1.918, 389.7
18.98, 1.917, 389.0
18.99, 1.916, 386.7
19.00, 1.915, 387.2
19.01, 1.914, 386.8
19.02, 1.913, 386.1
19.03, 1.912, 383.1
19.04, 1.911, 383.4
19.05, 1.910, 379.9
19.06, 1.909, 379.6
19.07, 1.908, 378.3
19.08, 1.907, 377.6
19.09, 1.906, 376.6
19.10, 1.905, 373.6
19.11, 1.904, 374.7
19.12, 1.903, 372.9
19.13, 1.902, 370.5
19.14, 1.901, 369.8
19.15, 1.900, 369.3
19.16, 1.899, 370.3
19.17, 1.898, 368.8
19.18, 1.897, 368.2
19.19, 1.896, 366.5
19.20, 1.895, 366.0
19.21, 1.894, 366.0
19.22, 1.893, 364.6
19.23, 1.892, 362.9
19.24, 1.891, 363.6
19.25, 1.890, 361.2
19.26, 1.889, 359.7
19.27, 1.888, 357.7
19.28, 1.887, 358.2
19.29, 1.886, 356.2
19.30, 1.885, 356.2
19.31, 1.884, 353.6
19.32, 1.883, 353.7
19.33, 1.882, 351.8
19.34, 1.881, 347.8
19.35, 1.880, 347.1
19.36, 1.879, 347.5
19.37, 1.878, 346.8
19.38, 1.877, 345.2
19.39, 1.876, 345.8
19.40, 1.875, 346.6
19.41, 1.874, 344.7
19.42, 1.873, 343.0
19.43, 1.872, 341.5
19.44, 1.871, 340.6
19.45, 1.870, 339.3
19.46, 1.869, 338.0
19.47, 1.868, 337.8
19.48, 1.867, 335.5
19.49, 1.866, 333.9
19.50, 1.865, 330.4
19.51, 1.864, 331.1
19.52, 1.863, 330.3
19.53, 1.862, 329.3
19.54, 1.861, 329.0
19.55, 1.860, 328.5
19.56, 1.859, 326.9
19.57, 1.858, 326.7
19.58, 1.857, 327.4
19.59, 1.856, 326.0
19.60, 1.855, 325.4
19.61, 1.854, 324.0
19.62, 1.853, 324.2
19.63, 1.852, 319.4
19.64, 1.851, 320.6
19.65, 1.850, 318.9
19.66, 1.849, 318.5
19.67, 1.848, 318.8
19.68, 1.847, 317.4
19.69, 1.846, 315.6
19.70, 1.845, 313.6
19.71, 1.844, 314.3
19.72, 1.843, 310.6
19.73, 1.842, 309.8
19.74, 1.841, 311.1
19.75, 1.840, 311.5
19.76, 1.839, 309.9
19.77, 1.838, 307.2
19.78, 1.837, 307.3
19.79, 1.836, 305.7
19.80, 1.835, 303.8
19.81, 1.834, 303.8
19.82, 1.833, 301.9
19.83, 1.832, 299.1
19.84, 1.831, 301.5
19.85, 1.830, 301.2
19.86, 1.829, 299.3
19.87, 1.828, 296.6
19.88, 1.827, 297.1
19.89, 1.826, 297.0
19.90, 1.825, 295.1
19.91, 1.824, 294.1
19.92, 1.823, 292.8
19.93, 1.822, 291.6
19.94, 1.821, 289.9
19.95, 1.820, 288.0
19.96, 1.819, 286.8
19.97, 1.818, 286.0
19.98, 1.817, 283.9
19.99, 1.816, 284.3
20.00, 1.815, 283.0
20.01, 1.814, 283.0
20.02, 1.813, 284.4
20.03, 1.812, 282.0
20.04, 1.811, 280.7
20.05, 1.810, 279.7
20.06, 1.809, 278.0
20.07, 1.808, 277.3
20.08, 1.807, 277.2
20.09, 1.806, 275.5
20.10, 1.805, 275.4
20.11, 1.804, 274.4
20.12, 1.803, 273.4
20.13, 1.802, 272.8
20.14, 1.801, 271.7
20.15, 1.800, 269.9
20.16, 1.799, 269.6
20.17, 1.798, 268.5
20.18, 1.797, 266.4
20.19, 1.796, 266.1
20.20, 1.795, 263.7
20.21, 1.794, 263.3
20.22, 1.793, 262.5
20.23, 1.792, 262.1
20.24, 1.791, 261.9
20.25, 1.790, 259.5
20.26, 1.789, 257.1
20.27, 1.788, 258.7
20.28, 1.787, 255.5
20.29, 1.786, 254.8
20.30, 1.785, 254.6
20.31, 1.784, 251.8
20.32, 1.783, 250.0
20.33, 1.782, 249.7
20.34, 1.781, 246.9
20.35, 1.780, 247.0
20.36, 1.779, 246.5
20.37, 1.778, 246.8
20.38, 1.777, 244.9
20.39, 1.776, 243.5
20.40, 1.775, 243.2
20.41, 1.774, 242.9
20.42, 1.773, 241.9
20.43, 1.772, 240.0
20.44, 1.771, 238.5
20.45, 1.770, 238.0
20.46, 1.769, 236.6
20.47, 1.768, 234.6
20.48, 1.767, 234.3
20.49, 1.766, 234.1
20.50, 1.765, 233.3
20.51, 1.764, 232.6
20.52, 1.763, 229.7
20.53, 1.762, 229.9
20.54, 1.761, 228.4
20.55, 1.760, 227.6
20.56, 1.759, 226.8
20.57, 1.758, 228.7
20.58, 1.757, 225.2
20.59, 1.756, 225.1
20.60, 1.755, 224.4
20.61, 1.754, 223.6
20.62, 1.753, 222.5
20.63, 1.752, 221.0
20.64, 1.751, 219.8
20.65, 1.750, 222.3
20.66, 1.749, 219.3
20.67, 1.748, 219.9
20.68, 1.747, 216.5
20.69, 1.746, 216.8
20.70, 1.745, 216.3
20.71, 1.744, 214.8
20.72, 1.743, 215.5
20.73, 1.742, 212.7
20.74, 1.741, 211.2
20.75, 1.740, 209.5
20.76, 1.739, 210.4
20.77, 1.738, 209.0
20.78, 1.737, 207.4
20.79, 1.736, 205.9
20.80, 1.735, 204.8
20.81, 1.734, 203.6
20.82, 1.733, 203.6
20.83, 1.732, 201.2
20.84, 1.731, 200.6
20.85, 1.730, 200.8
20.86, 1.729, 199.2
20.87, 1.728, 199.9
20.88, 1.727, 198.3
20.89, 1.726, 196.4
20.90, 1.725, 195.8
20.91, 1.724, 196.4
20.92, 1.723, 196.0
20.93, 1.722, 194.0
20.94, 1.721, 191.7
20.95, 1.720, 192.5
20.96, 1.719, 191.3
20.97, 1.718, 189.0
20.98, 1.717, 190.4
20.99, 1.716, 190.3
21.00, 1.715, 188.5
21.01, 1.714, 187.0
21.02, 1.713, 186.8
21.03, 1.712, 185.1
21.04, 1.711, 185.1
21.05, 1.710, 184.3
21.06, 1.709, 183.1
21.07, 1.708, 181.2
21.08, 1.707, 180.5
21.09, 1.706, 179.2
21.10, 1.705, 178.7
21.11, 1.704, 177.0
21.12, 1.703, 177.2
21.13, 1.702, 176.1
21.14, 1.701, 175.9
21.15, 1.700, 174.5
21.16, 1.699, 173.5
21.17, 1.698, 172.1
21.18, 1.697, 172.2
21.19, 1.696, 170.8
21.20, 1.695, 169.7
21.21, 1.694, 167.1
21.22, 1.693, 166.7
21.23, 1.692, 167.2
21.24, 1.691, 165.4
21.25, 1.690, 165.2
21.26, 1.689, 165.8
21.27, 1.688, 166.0
21.28, 1.687, 164.6
21.29, 1.686, 164.1
21.30, 1.685, 163.7
21.31, 1.684, 163.0
21.32, 1.683, 162.1
21.33, 1.682, 162.6
21.34, 1.681, 158.1
21.35, 1.680, 159.3
21.36, 1.679, 156.8
21.37, 1.678, 157.1
21.38, 1.677, 157.8
21.39, 1.676, 155.8
21.40, 1.675, 156.6
21.41, 1.674, 153.8
21.42, 1.673, 152.7
21.43, 1.672, 150.5
21.44, 1.671, 152.0
21.45, 1.670, 150.3
21.46, 1.669, 151.6
21.47, 1.668, 149.2
21.48, 1.667, 151.3
21.49, 1.666, 150.1
21.50, 1.665, 147.9
21.51, 1.664, 146.8
21.52, 1.663, 147.0
21.53, 1.662, 146.1
21.54, 1.661, 145.9
21.55, 1.660, 144.1
21.56, 1.659, 143.7
21.57, 1.658, 142.2
21.58, 1.657, 141.3
21.59, 1.656, 140.1
21.60, 1.655, 138.0
21.61, 1.654, 137.9
21.62, 1.653, 137.2
21.63, 1.652, 135.4
21.64, 1.651, 136.6
21.65, 1.650, 135.8
21.66, 1.649, 133.3
21.67, 1.648, 135.2
21.68, 1.647, 133.6
21.69, 1.646, 132.2
21.70, 1.645, 132.3
21.71, 1.644, 131.9
21.72, 1.643, 131.6
21.73, 1.642, 130.4
21.74, 1.641, 131.1
21.75, 1.640, 131.2
21.76, 1.639, 129.0
21.77, 1.638, 128.5
21.78, 1.637, 128.2
21.79, 1.636, 126.1
21.80, 1.635, 125.9
21.81, 1.634, 124.1
21.82, 1.633, 124.6
21.83, 1.632, 122.7
21.84, 1.631, 122.6
21.85, 1.630, 120.2
21.86, 1.629, 121.1
21.87, 1.628, 120.6
21.88, 1.627, 118.4
21.89, 1.626, 120.0
21.90, 1.625, 120.6
21.91, 1.624, 118.7
21.92, 1.623, 117.8
21.93, 1.622, 116.4
21.94, 1.621, 117.5
21.95, 1.620, 118.4
21.96, 1.619, 115.4
21.97, 1.618, 115.6
21.98, 1.617, 115.5
21.99, 1.616, 113.5
22.00, 1.615, 113.2
22.01, 1.614, 110.5
22.02, 1.613, 110.8
22.03, 1.612, 107.1
22.04, 1.611, 107.5
22.05, 1.610, 107.9
22.06, 1.609, 106.9
22.07, 1.608, 108.6
22.08, 1.607, 105.9
22.09, 1.606, 106.6
22.10, 1.605, 106.0
22.11, 1.604, 105.7
22.12, 1.603, 104.3
22.13, 1.602, 104.4
22.14, 1.601, 101.9
22.15, 1.600, 101.8
22.16, 1.599, 100.9
22.17, 1.598, 100.8
22.18, 1.597, 97.72
22.19, 1.596, 99.02
22.20, 1.595, 100.3
22.21, 1.594, 99.48
22.22, 1.593, 100.0
22.23, 1.592, 98.18
22.24, 1.591, 97.62
22.25, 1.590, 96.59
22.26, 1.589, 96.67
22.27, 1.588, 95.28
22.28, 1.587, 93.85
22.29, 1.586, 95.26
22.30, 1.585, 94.48
22.31, 1.584, 93.51
22.32, 1.583, 92.11
22.33, 1.582, 94.07
22.34, 1.581, 92.30
22.35, 1.580, 91.26
22.36, 1.579, 91.18
22.37, 1.578, 91.44
22.38, 1.577, 91.24
22.39, 1.576, 91.40
22.40, 1.575, 89.30
22.41, 1.574, 87.85
22.42, 1.573, 86.13
22.43, 1.572, 85.10
22.44, 1.571, 84.83
22.45, 1.570, 83.17
22.46, 1.569, 80.83
22.47, 1.568, 81.24
22.48, 1.567, 82.47
22.49, 1.566, 82.47
22.50, 1.565, 79.30
22.51, 1.564, 81.20
22.52, 1.563, 81.86
22.53, 1.562, 82.10
22.54, 1.561, 81.09
22.55, 1.560, 79.77
22.56, 1.559, 79.56
22.57, 1.558, 79.04
22.58, 1.557, 78.42
22.59, 1.556, 77.15
22.60, 1.555, 77.06
22.61, 1.554, 76.65
22.62, 1.553, 74.58
22.63, 1.552, 73.69
22.64, 1.551, 75.25
22.65, 1.550, 75.57
22.66, 1.549, 73.13
22.67, 1.548, 74.30
22.68, 1.547, 76.06
22.69, 1.546, 75.49
22.70, 1.545, 73.84
22.71, 1.544, 72.02
22.72, 1.543, 70.81
22.73, 1.542, 70.32
22.74, 1.541, 70.61
22.75, 1.540, 67.48
22.76, 1.539, 67.93
22.77, 1.538, 69.37
22.78, 1.537, 68.38
22.79, 1.536, 68.89
22.80, 1.535, 67.34
22.81, 1.534, 65.06
22.82, 1.533, 64.71
22.83, 1.532, 65.32
22.84, 1.531, 65.77
22.85, 1.530, 63.28
22.86, 1.529, 62.93
22.87, 1.528, 62.81
22.88, 1.527, 62.72
22.89, 1.526, 62.66
22.90, 1.525, 62.93
22.91, 1.524, 61.62
22.92, 1.523, 60.32
22.93, 1.522, 59.27
22.94, 1.521, 59.29
22.95, 1.520, 58.95
22.96, 1.519, 58.72
22.97, 1.518, 60.38
22.98, 1.517, 58.78
22.99, 1.516, 58.78
23.00, 1.515, 58.09
23.01, 1.514, 56.87
23.02, 1.513, 56.28
23.03, 1.512, 57.08
23.04, 1.511, 56.69
23.05, 1.510, 55.61
23.06, 1.509, 55.47
23.07, 1.508, 55.23
23.08, 1.507, 55.24
23.09, 1.506, 54.43
23.10, 1.505, 55.00
23.11, 1.504, 53.47
23.12, 1.503, 53.01
23.13, 1.502, 54.19
23.14, 1.501, 51.49
23.15, 1.500, 53.78
23.16, 1.499, 52.99
23.17, 1.498, 52.28
23.18, 1.497, 52.16
23.19, 1.496, 51.40
23.20, 1.495, 50.52
23.21, 1.494, 50.77
23.22, 1.493, 48.11
23.23, 1.492, 49.87
23.24, 1.491, 49.45
23.25, 1.490, 48.21
23.26, 1.489, 48.49
23.27, 1.488, 47.88
23.28, 1.487, 47.71
23.29, 1.486, 46.66
23.30, 1.485, 47.49
23.31, 1.484, 45.70
23.32, 1.483, 43.84
23.33, 1.482, 44.95
23.34, 1.481, 44.74
23.35, 1.480, 42.42
23.36, 1.479, 43.52
23.37, 1.478, 44.31
23.38, 1.477, 43.43
23.39, 1.476, 41.92
23.40, 1.475, 43.18
23.41, 1.474, 42.41
23.42, 1.473, 42.71
23.43, 1.472, 43.87
23.44, 1.471, 40.58
23.45, 1.470, 42.34
23.46, 1.469, 41.67
23.47, 1.468, 40.24
23.48, 1.467, 39.63
23.49, 1.466, 38.77
23.50, 1.465, 40.21
23.51, 1.464, 39.27
23.52, 1.463, 39.80
23.53, 1.462, 40.38
23.54, 1.461, 38.51
23.55, 1.460, 39.26
23.56, 1.459, 35.22
23.57, 1.458, 37.01
23.58, 1.457, 38.45
23.59, 1.456, 37.40
23.60, 1.455, 36.39
23.61, 1.454, 34.94
23.62, 1.453, 34.76
23.63, 1.452, 34.64
23.64, 1.451, 34.32
23.65, 1.450, 36.67
23.66, 1.449, 33.88
23.67, 1.448, 35.75
23.68, 1.447, 32.93
23.69, 1.446, 34.01
23.70, 1.445, 32.88
23.71, 1.444, 33.14
23.72, 1.443, 33.79
23.73, 1.442, 33.45
23.74, 1.441, 32.86
23.75, 1.440, 31.90
23.76, 1.439, 30.83
23.77, 1.438, 32.92
23.78, 1.437, 31.80
23.79, 1.436, 30.65
23.80, 1.435, 29.46
23.81, 1.434, 31.30
23.82, 1.433, 28.68
23.83, 1.432, 31.38
23.84, 1.431, 31.85
23.85, 1.430, 29.90
23.86, 1.429, 30.68
23.87, 1.428, 28.57
23.88, 1.427, 26.95
23.89, 1.426, 27.80
23.90, 1.425, 27.08
23.91, 1.424, 26.86
23.92, 1.423, 28.15
23.93, 1.422, 27.44
23.94, 1.421, 27.16
23.95, 1.420, 25.23
23.96, 1.419, 29.06
23.97, 1.418, 26.72
23.98, 1.417, 28.47
23.99, 1.416, 25.17
24.00, 1.415, 27.02
24.01, 1.414, 26.37
24.02, 1.413, 25.86
24.03, 1.412, 25.32
24.04, 1.411, 25.64
24.05, 1.410, 26.89
24.06, 1.409, 27.25
24.07, 1.408, 25.65
24.08, 1.407, 25.78
24.09, 1.406, 25.88
24.10, 1.405, 24.86
24.11, 1.404, 24.81
24.12, 1.403, 25.45
24.13, 1.402, 24.70
24.14, 1.401, 24.41
24.15, 1.400, 22.90
24.16, 1.399, 21.18
24.17, 1.398, 21.89
24.18, 1.397, 22.33
24.19, 1.396, 21.87
24.20, 1.395, 22.08
24.21, 1.394, 23.33
24.22, 1.393, 21.95
24.23, 1.392, 22.44
24.24, 1.391, 21.81
24.25, 1.390, 22.96
24.26, 1.389, 20.74
24.27, 1.388, 21.74
24.28, 1.387, 22.13
24.29, 1.386, 22.39
24.30, 1.385, 20.08
24.31, 1.384, 21.28
24.32, 1.383, 21.59
24.33, 1.382, 22.90
24.34, 1.381, 21.33
24.35, 1.380, 20.80
24.36, 1.379, 21.12
24.37, 1.378, 20.93
24.38, 1.377, 21.75
24.39, 1.376, 19.98
24.40, 1.375, 22.13
24.41, 1.374, 22.51
24.42, 1.373, 21.47
24.43, 1.372, 20.70
24.44, 1.371, 20.03
24.45, 1.370, 21.86
24.46, 1.369, 21.21
24.47, 1.368, 20.47
24.48, 1.367, 20.85
24.49, 1.366, 18.79
24.50, 1.365, 19.97
24.51, 1.364, 20.25
24.52, 1.363, 18.77
24.53, 1.362, 17.16
24.54, 1.361, 16.44
24.55, 1.360, 19.35
24.56, 1.359, 17.80
24.57, 1.358, 16.60
24.58, 1.357, 18.22
24.59, 1.356, 17.79
24.60, 1.355, 19.33
24.61, 1.354, 16.37
24.62, 1.353, 17.51
24.63, 1.352, 16.62
24.64, 1.351, 16.08
24.65, 1.350, 15.67
24.66, 1.349, 13.68
24.67, 1.348, 16.89
24.68, 1.347, 15.69
24.69, 1.346, 18.04
24.70, 1.345, 18.14
24.71, 1.344, 18.77
24.72, 1.343, 17.59
24.73, 1.342, 15.68
24.74, 1.341, 16.43
24.75, 1.340, 15.97
24.76, 1.339, 17.06
24.77, 1.338, 17.21
24.78, 1.337, 16.89
24.79, 1.336, 16.81
24.80, 1.335, 17.28
24.81, 1.334, 15.92
24.82, 1.333, 17.68
24.83, 1.332, 16.91
24.84, 1.331, 16.88
24.85, 1.330, 16.73
24.86, 1.329, 16.28
24.87, 1.328, 15.87
24.88, 1.327, 15.27
24.89, 1.326, 14.57
24.90, 1.325, 14.89
24.91, 1.324, 16.71
24.92, 1.323, 16.22
24.93, 1.322, 16.72
24.94, 1.321, 14.73
24.95, 1.320, 15.05
24.96, 1.319, 13.57
24.97, 1.318, 13.67
24.98, 1.317, 14.69
24.99, 1.316, 14.21
25.00, 1.315, 14.89
25.01, 1.314, 13.83
25.02, 1.313, 13.59
25.03, 1.312, 13.55
25.04, 1.311, 13.31
25.05, 1.310, 12.67
25.06, 1.309, 13.36
25.07, 1.308, 15.03
25.08, 1.307, 14.08
25.09, 1.306, 13.03
25.10, 1.305, 13.79
25.11, 1.304, 14.07
25.12, 1.303, 14.81
25.13, 1.302, 12.46
25.14, 1.301, 13.36
25.15, 1.300, 12.37
25.16, 1.299, 13.01
25.17, 1.298, 14.04
25.18, 1.297, 11.43
25.19, 1.296, 12.11
25.20, 1.295, 12.03
25.21, 1.294, 11.78
25.22, 1.293, 12.36
25.23, 1.292, 13.89
25.24, 1.291, 13.54
25.25, 1.290, 13.58
25.26, 1.289, 12.93
25.27, 1.288, 12.14
25.28, 1.287, 12.34
25.29, 1.286, 13.29
25.30, 1.285, 12.79
25.31, 1.284, 11.95
25.32, 1.283, 11.65
25.33, 1.282, 13.08
25.34, 1.281, 13.33
25.35, 1.280, 11.76
25.36, 1.279, 11.16
25.37, 1.278, 12.66
25.38, 1.277, 11.01
25.39, 1.276, 11.72
25.40, 1.275, 10.60
25.41, 1.274, 9.851
25.42, 1.273, 11.11
25.43, 1.272, 8.646
25.44, 1.271, 10.82
25.45, 1.270, 10.92
25.46, 1.269, 11.91
25.47, 1.268, 10.72
25.48, 1.267, 10.88
25.49, 1.266, 10.47
25.50, 1.265, 11.29
25.51, 1.264, 10.71
25.52, 1.263, 11.18
25.53, 1.262, 8.817
25.54, 1.261, 9.674
25.55, 1.260, 11.05
25.56, 1.259, 9.699
25.57, 1.258, 12.10
25.58, 1.257, 10.33
25.59, 1.256, 10.44
25.60, 1.255, 9.203
25.61, 1.254, 10.52
25.62, 1.253, 9.858
25.63, 1.252, 10.41
25.64, 1.251, 11.58
25.65, 1.250, 13.33
25.66, 1.249, 12.72
25.67, 1.248, 10.72
25.68, 1.247, 11.01
25.69, 1.246, 10.37
25.70, 1.245, 9.714
25.71, 1.244, 10.38
25.72, 1.243, 8.580
25.73, 1.242, 9.411
25.74, 1.241, 9.900
25.75, 1.240, 10.02
25.76, 1.239, 10.22
25.77, 1.238, 7.608
25.78, 1.237, 8.560
25.79, 1.236, 9.219
25.80, 1.235, 9.023
25.81, 1.234, 7.961
25.82, 1.233, 7.573
25.83, 1.232, 8.425
25.84, 1.231, 7.415
25.85, 1.230, 6.031
25.86, 1.229, 6.249
25.87, 1.228, 6.574
25.88, 1.227, 7.250
25.89, 1.226, 7.200
25.90, 1.225, 7.875
25.91, 1.224, 8.150
25.92, 1.223, 4.622
25.93, 1.222, 7.850
25.94, 1.221, 7.729
25.95, 1.220, 8.176
25.96, 1.219, 8.317
25.97, 1.218, 7.167
25.98, 1.217, 7.248
25.99, 1.216, 7.189
26.00, 1.215, 7.754
26.01, 1.214, 7.570
26.02, 1.213, 7.662
26.03, 1.212, 7.896
26.04, 1.211, 7.613
26.05, 1.210, 7.643
26.06, 1.209, 6.295
26.07, 1.208, 6.837
26.08, 1.207, 6.293
26.09, 1.206, 6.625
26.10, 1.205, 5.971
26.11, 1.204, 7.205
26.12, 1.203, 7.955
26.13, 1.202, 7.743
26.14, 1.201, 6.844
26.15, 1.200, 7.385
26.16, 1.199, 7.234
26.17, 1.198, 7.204
26.18, 1.197, 5.395
26.19, 1.196, 6.025
26.20, 1.195, 4.199
26.21, 1.194, 5.037
26.22, 1.193, 5.232
26.23, 1.192, 3.646
26.24, 1.191, 6.132
26.25, 1.190, 4.163
26.26, 1.189, 4.469
26.27, 1.188, 5.297
26.28, 1.187, 4.863
26.29, 1.186, 5.573
26.30, 1.185, 4.541
26.31, 1.184, 2.920
26.32, 1.183, 4.798
26.33, 1.182, 5.693
26.34, 1.181, 5.533
26.35, 1.180, 6.619
26.36, 1.179, 6.411
26.37, 1.178, 6.817
26.38, 1.177, 6.786
26.39, 1.176, 6.688
26.40, 1.175, 5.724
26.41, 1.174, 5.090
26.42, 1.173, 5.502
26.43, 1.172, 5.395
26.44, 1.171, 4.711
26.45, 1.170, 5.145
26.46, 1.169, 5.321
26.47, 1.168, 4.756
26.48, 1.167, 3.600
26.49, 1.166, 6.629
26.50, 1.165, 5.031
26.51, 1.164, 5.831
26.52, 1.163, 4.519
26.53, 1.162, 6.110
26.54, 1.161, 4.667
26.55, 1.160, 4.658
26.56, 1.159, 5.232
26.57, 1.158, 4.361
26.58, 1.157, 5.307
26.59, 1.156, 3.849
26.60, 1.155, 0.2513
26.61, 1.154, 2.265
26.62, 1.153, 4.254
26.63, 1.152, 1.464
26.64, 1.151, 4.221
26.65, 1.150, 4.853
26.66, 1.149, 3.367
26.67, 1.148, 3.319
26.68, 1.147, 4.138
26.69, 1.146, 3.437
26.70, 1.145, 1.535
26.71, 1.144, 4.861
26.72, 1.143, 3.339
26.73, 1.142, 4.204
26.74, 1.141, 3.691
26.75, 1.140, 3.231
26.76, 1.139, 4.438
26.77, 1.138, 1.599
26.78, 1.137, 4.552
26.79, 1.136, 4.601
26.80, 1.135, 3.308
26.81, 1.134, 2.539
26.82, 1.133, 1.910
26.83, 1.132, 4.806
26.84, 1.131, 2.485
26.85, 1.130, 3.472
26.86, 1.129, 3.152
26.87, 1.128, 3.936
26.88, 1.127, 3.109
26.89, 1.126, 4.490
26.90, 1.125, 4.436
26.91, 1.124, 4.695
26.92, 1.123, 4.156
26.93, 1.122, 2.663
26.94, 1.121, 2.735
26.95, 1.120, 2.778
26.96, 1.119, 3.229
26.97, 1.118, 4.911
26.98, 1.117, 3.759
26.99, 1.116, 3.714
27.00, 1.115, 3.227
27.01, 1.114, 1.975
27.02, 1.113, 3.085
27.03, 1.112, 2.612
27.04, 1.111, 1.898
27.05, 1.110, 2.924
27.06, 1.109, 2.226
27.07, 1.108, 0.7290
27.08, 1.107, 0.6085
27.09, 1.106, 1.950
27.10, 1.105, 0.5510
27.11, 1.104, 1.720
27.12, 1.103, 1.167
27.13, 1.102, 1.297
27.14, 1.101, 1.460
27.15, 1.100, 0.3469
27.16, 1.099, 0.2834
27.17, 1.098, 3.243
27.18, 1.097, 1.901
27.19, 1.096, 1.577
27.20, 1.095, 3.541
27.21, 1.094, 3.219
27.22, 1.093, 2.110
27.23, 1.092, 2.466
27.24, 1.091, 4.456
27.25, 1.090, 4.191
27.26, 1.089, 2.431
27.27, 1.088, 1.047
27.28, 1.087, 1.316
27.29, 1.086, 2.388
27.30, 1.085, 0.8892
27.31, 1.084, 1.963
27.32, 1.083, 2.534
27.33, 1.082, 2.402
27.34, 1.081, 0.2146
27.35, 1.080, 0.6653
27.36, 1.079, 1.181
27.37, 1.078, 0.4262
27.38, 1.077, 1.872
27.39, 1.076, 2.179
27.40, 1.075, 0.009647
27.41, 1.074, 2.616
27.42, 1.073, 3.412
27.43, 1.072, 2.424
27.44, 1.071, -0.3229
27.45, 1.070, 0.1766
27.46, 1.069, -0.9744
27.47, 1.068, -0.6375
27.48, 1.067, 1.122
27.49, 1.066, 0.9128
27.50, 1.065, -0.2003
27.51, 1.064, -0.1863
27.52, 1.063, -1.125
27.53, 1.062, -1.227
27.54, 1.061, -0.8331
27.55, 1.060, -1.002
27.56, 1.059, 1.790
27.57, 1.058, 1.289
27.58, 1.057, -1.134
27.59, 1.056, 0.4826
27.60, 1.055, 0.1780
27.61, 1.054, 0.1276
27.62, 1.053, 0.8746
27.63, 1.052, 1.421
27.64, 1.051, 2.203
27.65, 1.050, 0.9516
27.66, 1.049, 0.3483
27.67, 1.048, 1.334
27.68, 1.047, 0.2075
27.69, 1.046, 0.7050
27.70, 1.045, -0.2024
27.71, 1.044, 1.105
27.72, 1.043, 0.7743
27.73, 1.042, -0.3748
27.74, 1.041, -0.0006480
27.75, 1.040, 0.6921
27.76, 1.039, 0.5988
27.77, 1.038, 0.2187
27.78, 1.037, 0.06315
27.79, 1.036, -2.628
27.80, 1.035, 1.534
27.81, 1.034, -0.1082
27.82, 1.033, -1.168
27.83, 1.032, 1.432
27.84, 1.031, 0.8265
27.85, 1.030, -0.4622
27.86, 1.029, 1.628
27.87, 1.028, 0.08462
27.88, 1.027, 0.3001
27.89, 1.026, 0.03750
27.90, 1.025, -1.742
27.91, 1.024, -1.791
27.92, 1.023, -1.674
27.93, 1.022, -0.2104
27.94, 1.021, -1.115
27.95, 1.020, -2.930
27.96, 1.019, -2.274
27.97, 1.018, -0.5334
27.98, 1.017, -3.399
27.99, 1.016, -1.322
28.00, 1.015, -3.030
28.01, 1.014, -1.282
28.02, 1.013, 0.2024
28.03, 1.012, -0.4909
28.04, 1.011, -0.5179
28.05, 1.010, -0.001068
28.06, 1.009, 1.552
28.07, 1.008, 1.531
28.08, 1.007, 1.547
28.09, 1.006, 1.660
28.10, 1.005, -0.3764
28.11, 1.004, 0.8622
28.12, 1.003, -1.708
28.13, 1.002, -2.909
28.14, 1.001, 0.2369
28.15, 1.000, 1.252
28.16, 0.9990, 0.3113
28.17, 0.9980, 0.2325
28.18, 0.9970, -1.511
28.19, 0.9960, -0.2401
28.20, 0.9950, -2.982
28.21, 0.9940, -0.9160
28.22, 0.9930, -0.9152
28.23, 0.9920, -0.2990
28.24, 0.9910, 1.947
28.25, 0.9900, 1.567
28.26, 0.9890, 0.8280
28.27, 0.9880, -1.208
28.28, 0.9870, -0.2155
28.29, 0.9860, -1.478
28.30, 0.9850, -1.605
28.31, 0.9840, -0.4169
28.32, 0.9830, -1.407
28.33, 0.9820, -3.939
28.34, 0.9810, -1.526
28.35, 0.9800, -2.047
28.36, 0.9790, 0.1691
28.37, 0.9780, -1.763
28.38, 0.9770, -0.9839
28.39, 0.9760, -0.9493
28.40, 0.9750, -1.122
28.41, 0.9740, -0.07801
28.42, 0.9730, -0.9037
28.43, 0.9720, 0.1202
28.44, 0.9710, -0.2110
28.45, 0.9700, -1.383
28.46, 0.9690, 0.4032
28.47, 0.9680, -0.7284
28.48, 0.9670, -1.442
28.49, 0.9660, -1.316
28.50, 0.9650, -3.683
28.51, 0.9640, -1.114
28.52, 0.9630, -2.968
28.53, 0.9620, -1.244
28.54, 0.9610, -0.04209
28.55, 0.9600, -0.9990
28.56, 0.9590, -1.561
28.57, 0.9580, -0.6352
28.58, 0.9570, -0.7417
28.59, 0.9560, -0.5560
28.60, 0.9550, -0.3703
28.61, 0.9540, -1.427
28.62, 0.9530, -0.5520
28.63, 0.9520, -1.692
28.64, 0.9510, -0.3266
28.65, 0.9500, -1.424
28.66, 0.9490, -1.601
28.67, 0.9480, -1.821
28.68, 0.9470, -2.497
28.69, 0.9460, -1.412
28.70, 0.9450, 0.4460
28.71, 0.9440, -0.6006
28.72, 0.9430, -0.3762
28.73, 0.9420, -1.153
28.74, 0.9410, -2.885
28.75, 0.9400, -3.162
28.76, 0.9390, -2.514
28.77, 0.9380, -0.4947
28.78, 0.9370, -1.751
28.79, 0.9360, -1.639
28.80, 0.9350, -2.746
28.81, 0.9340, -2.168
28.82, 0.9330, -2.978
28.83, 0.9320, -1.573
28.84, 0.9310, -3.251
28.85, 0.9300, -2.789
28.86, 0.9290, -2.417
28.87, 0.9280, -3.060
28.88, 0.9270, -2.149
28.89, 0.9260, -1.627
28.90, 0.9250, -0.8461
28.91, 0.9240, -2.324
28.92, 0.9230, -2.277
28.93, 0.9220, -3.178
28.94, 0.9210, -4.004
28.95, 0.9200, -1.240
28.96, 0.9190, -1.401
28.97, 0.9180, -2.117
28.98, 0.9170, -2.013
28.99, 0.9160, -1.072
29.00, 0.9150, -2.038
29.01, 0.9140, -0.6487
29.02, 0.9130, -0.2913
29.03, 0.9120, -0.2530
29.04, 0.9110, 0.5039
29.05, 0.9100, 0.04494
29.06, 0.9090, 0.6122
29.07, 0.9080, -1.021
29.08, 0.9070, -2.407
29.09, 0.9060, -1.203
29.10, 0.9050, -1.731
29.11, 0.9040, -1.333
29.12, 0.9030, -0.6931
29.13, 0.9020, -2.190
29.14, 0.9010, -3.668
29.15, 0.9000, -3.345
29.16, 0.8990, -2.350
29.17, 0.8980, -4.404
29.18, 0.8970, -2.255
29.19, 0.8960, -2.699
29.20, 0.8950, -1.887
29.21, 0.8940, -1.145
29.22, 0.8930, -2.603
29.23, 0.8920, -1.443
29.24, 0.8910, -3.115
29.25, 0.8900, -3.545
29.26, 0.8890, -1.914
29.27, 0.8880, -3.931
29.28, 0.8870, -1.284
29.29, 0.8860, -2.751
29.30, 0.8850, -3.015
29.31, 0.8840, -3.718
29.32, 0.8830, -1.513
29.33, 0.8820, -2.197
29.34, 0.8810, -2.107
29.35, 0.8800, -0.9497
29.36, 0.8790, -1.787
29.37, 0.8780, -3.626
29.38, 0.8770, -2.113
29.39, 0.8760, 1.098
29.40, 0.8750, -0.7563
29.41, 0.8740, -1.959
29.42, 0.8730, -2.144
29.43, 0.8720, -2.250
29.44, 0.8710, -2.512
29.45, 0.8700, -1.157
29.46, 0.8690, -3.010
29.47, 0.8680, -2.184
29.48, 0.8670, -2.022
29.49, 0.8660, -3.354
29.50, 0.8650, -3.971
29.51, 0.8640, -2.610
29.52, 0.8630, -0.7742
29.53, 0.8620, -1.677
29.54, 0.8610, -0.09890
29.55, 0.8600, -2.493
29.56, 0.8590, -1.312
29.57, 0.8580, -2.211
29.58, 0.8570, -2.852
29.59, 0.8560, -2.235
29.60, 0.8550, -3.239
29.61, 0.8540, -4.233
29.62, 0.8530, -3.787
29.63, 0.8520, -3.628
29.64, 0.8510, -3.701
29.65, 0.8500, -4.676
29.66, 0.8490, -3.906
29.67, 0.8480, -3.648
29.68, 0.8470, -2.987
29.69, 0.8460, -3.042
29.70, 0.8450, -3.705
29.71, 0.8440, -0.4183
29.72, 0.8430, -0.8879
29.73, 0.8420, -2.306
29.74, 0.8410, -1.400
29.75, 0.8400, -0.2886
29.76, 0.8390, -0.8284
29.77, 0.8380, -0.1383
29.78, 0.8370, -2.645
29.79, 0.8360, -3.344
29.80, 0.8350, -3.247
29.81, 0.8340, -3.757
29.82, 0.8330, -1.816
29.83, 0.8320, -4.435
29.84, 0.8310, -1.605
29.85, 0.8300, -1.705
29.86, 0.8290, -2.627
29.87, 0.8280, -2.936
29.88, 0.8270, -2.252
29.89, 0.8260, -0.4611
29.90, 0.8250, -0.8954
29.91, 0.8240, -1.781
29.92, 0.8230, -1.262
29.93, 0.8220, -2.729
29.94, 0.8210, -2.119
29.95, 0.8200, -1.603
29.96, 0.8190, -2.765
29.97, 0.8180, -4.294
29.98, 0.8170, -3.540
29.99, 0.8160, -3.274
30.00, 0.8150, -3.026
30.01, 0.8140, -2.276
30.02, 0.8130, -3.800
30.03, 0.8120, -3.788
30.04, 0.8110, -2.602
30.05, 0.8100, -4.149
30.06, 0.8090, -2.928
30.07, 0.8080, -1.523
30.08, 0.8070, -2.623
30.09, 0.8060, -2.138
30.10, 0.8050, -1.959
30.11, 0.8040, -2.611
30.12, 0.8030, -3.504
30.13, 0.8020, -2.401
30.14, 0.8010, -3.528
30.15, 0.8000, -5.239
30.16, 0.7990, -4.038
30.17, 0.7980, -2.962
30.18, 0.7970, -4.090
30.19, 0.7960, -1.997
30.20, 0.7950, -4.173
30.21, 0.7940, -2.969
30.22, 0.7930, -3.932
30.23, 0.7920, -2.734
30.24, 0.7910, -2.798
30.25, 0.7900, -3.049
30.26, 0.7890, -2.131
30.27, 0.7880, -2.220
30.28, 0.7870, -2.577
30.29, 0.7860, -4.470
30.30, 0.7850, -2.656
30.31, 0.7840, -2.568
30.32, 0.7830, -2.965
30.33, 0.7820, -3.020
30.34, 0.7810, -3.039
30.35, 0.7800, -3.999
30.36, 0.7790, -3.230
30.37, 0.7780, -1.884
30.38, 0.7770, -2.617
30.39, 0.7760, -3.015
30.40, 0.7750, -3.519
30.41, 0.7740, -2.341
30.42, 0.7730, -3.198
30.43, 0.7720, -3.533
30.44, 0.7710, -5.239
30.45, 0.7700, -4.451
30.46, 0.7690, -4.460
30.47, 0.7680, -4.420
30.48, 0.7670, -3.933
30.49, 0.7660, -4.389
30.50, 0.7650, -3.783
30.51, 0.7640, -3.553
30.52, 0.7630, -5.055
30.53, 0.7620, -3.600
30.54, 0.7610, -3.253
30.55, 0.7600, -3.611
30.56, 0.7590, -2.982
30.57, 0.7580, -2.925
30.58, 0.7570, -2.921
30.59, 0.7560, -3.912
30.60, 0.7550, -2.257
30.61, 0.7540, -2.954
30.62, 0.7530, -1.290
30.63, 0.7520, -4.795
30.64, 0.7510, -3.436
30.65, 0.7500, -1.331
30.66, 0.7490, -3.047
30.67, 0.7480, -2.100
30.68, 0.7470, -2.752
30.69, 0.7460, -5.426
30.70, 0.7450, -4.449
30.71, 0.7440, -2.751
30.72, 0.7430, -4.373
30.73, 0.7420, -3.069
30.74, 0.7410, -3.050
30.75, 0.7400, -3.590
30.76, 0.7390, -4.034
30.77, 0.7380, -2.470
30.78, 0.7370, -3.628
30.79, 0.7360, -2.238
30.80, 0.7350, -4.106
30.81, 0.7340, -3.778
30.82, 0.7330, -5.015
30.83, 0.7320, -3.580
30.84, 0.7310, -3.758
30.85, 0.7300, -3.315
30.86, 0.7290, -3.477
30.87, 0.7280, -4.370
30.88, 0.7270, -3.907
30.89, 0.7260, -4.410
30.90, 0.7250, -4.252
30.91, 0.7240, -4.429
30.92, 0.7230, -4.555
30.93, 0.7220, -4.439
30.94, 0.7210, -4.190
30.95, 0.7200, -4.187
30.96, 0.7190, -3.502
30.97, 0.7180, -6.333
30.98, 0.7170, -3.127
30.99, 0.7160, -3.498
31.00, 0.7150, -2.883
31.01, 0.7140, -2.351
31.02, 0.7130, -3.035
31.03, 0.7120, -5.134
31.04, 0.7110, -4.123
31.05, 0.7100, -3.349
31.06, 0.7090, -4.969
31.07, 0.7080, -3.958
31.08, 0.7070, -5.824
31.09, 0.7060, -3.812
31.10, 0.7050, -4.204
31.11, 0.7040, -6.103
31.12, 0.7030, -5.479
31.13, 0.7020, -7.208
31.14, 0.7010, -4.220
31.15, 0.7000, -5.665
31.16, 0.6990, -3.895
31.17, 0.6980, -2.632
31.18, 0.6970, -3.458
31.19, 0.6960, -3.221
31.20, 0.6950, -4.857
31.21, 0.6940, -1.371
31.22, 0.6930, -4.259
31.23, 0.6920, -3.678
31.24, 0.6910, -5.356
31.25, 0.6900, -4.099
31.26, 0.6890, -4.744
31.27, 0.6880, -3.768
31.28, 0.6870, -5.008
31.29, 0.6860, -6.593
31.30, 0.6850, -4.634
31.31, 0.6840, -4.133
31.32, 0.6830, -4.104
31.33, 0.6820, -5.138
31.34, 0.6810, -5.316
31.35, 0.6800, -4.573
31.36, 0.6790, -5.632
31.37, 0.6780, -4.240
31.38, 0.6770, -3.746
31.39, 0.6760, -2.462
31.40, 0.6750, -5.056
31.41, 0.6740, -3.152
31.42, 0.6730, -4.144
31.43, 0.6720, -2.395
31.44, 0.6710, -2.791
31.45, 0.6700, -3.975
31.46, 0.6690, -4.505
31.47, 0.6680, -3.928
31.48, 0.6670, -4.031
31.49, 0.6660, -4.714
31.50, 0.6650, -5.904
31.51, 0.6640, -4.943
31.52, 0.6630, -4.489
31.53, 0.6620, -4.640
31.54, 0.6610, -3.658
31.55, 0.6600, -5.811
31.56, 0.6590, -4.675
31.57, 0.6580, -3.139
31.58, 0.6570, -2.506
31.59, 0.6560, -3.559
31.60, 0.6550, -2.398
31.61, 0.6540, -3.650
31.62, 0.6530, -2.173
31.63, 0.6520, -3.307
31.64, 0.6510, -4.383
31.65, 0.6500, -4.016
31.66, 0.6490, -5.778
31.67, 0.6480, -5.116
31.68, 0.6470, -5.331
31.69, 0.6460, -6.363
31.70, 0.6450, -3.612
31.71, 0.6440, -4.812
31.72, 0.6430, -4.249
31.73, 0.6420, -5.206
31.74, 0.6410, -4.977
31.75, 0.6400, -6.383
31.76, 0.6390, -4.199
31.77, 0.6380, -4.676
31.78, 0.6370, -5.069
31.79, 0.6360, -3.035
31.80, 0.6350, -3.815
31.81, 0.6340, -3.709
31.82, 0.6330, -3.493
31.83, 0.6320, -2.531
31.84, 0.6310, -4.445
31.85, 0.6300, -3.358
31.86, 0.6290, -4.160
31.87, 0.6280, -3.963
31.88, 0.6270, -5.083
31.89, 0.6260, -5.927
31.90, 0.6250, -4.089
31.91, 0.6240, -4.313
31.92, 0.6230, -3.964
31.93, 0.6220, -3.493
31.94, 0.6210, -5.207
31.95, 0.6200, -5.377
31.96, 0.6190, -5.485
31.97, 0.6180, -5.754
31.98, 0.6170, -4.887
31.99, 0.6160, -3.814
32.00, 0.6150, -4.033
32.01, 0.6140, -5.217
32.02, 0.6130, -4.079
32.03, 0.6120, -3.794
32.04, 0.6110, -4.698
32.05, 0.6100, -4.340
32.06, 0.6090, -4.273
32.07, 0.6080, -4.620
32.08, 0.6070, -5.473
32.09, 0.6060, -4.979
32.10, 0.6050, -6.175
32.11, 0.6040, -5.087
32.12, 0.6030, -5.551
32.13, 0.6020, -4.752
32.14, 0.6010, -5.271
32.15, 0.6000, -5.551
32.16, 0.5990, -6.396
32.17, 0.5980, -5.745
32.18, 0.5970, -5.642
32.19, 0.5960, -5.083
32.20, 0.5950, -6.061
32.21, 0.5940, -3.557
32.22, 0.5930, -4.434
32.23, 0.5920, -4.508
32.24, 0.5910, -4.844
32.25, 0.5900, -4.833
32.26, 0.5890, -4.399
32.27, 0.5880, -4.680
32.28, 0.5870, -5.168
32.29, 0.5860, -5.488
32.30, 0.5850, -4.840
32.31, 0.5840, -5.461
32.32, 0.5830, -5.177
32.33, 0.5820, -5.792
32.34, 0.5810, -6.294
32.35, 0.5800, -4.506
32.36, 0.5790, -5.114
32.37, 0.5780, -5.529
32.38, 0.5770, -5.011
32.39, 0.5760, -7.465
32.40, 0.5750, -6.071
32.41, 0.5740, -4.852
32.42, 0.5730, -4.981
32.43, 0.5720, -5.852
32.44, 0.5710, -4.294
32.45, 0.5700, -4.561
32.46, 0.5690, -4.548
32.47, 0.5680, -4.248
32.48, 0.5670, -5.298
32.49, 0.5660, -3.866
32.50, 0.5650, -5.795
32.51, 0.5640, -5.841
32.52, 0.5630, -4.510
32.53, 0.5620, -5.698
32.54, 0.5610, -7.377
32.55, 0.5600, -6.259
32.56, 0.5590, -6.694
32.57, 0.5580, -6.812
32.58, 0.5570, -6.500
32.59, 0.5560, -6.552
32.60, 0.5550, -6.124
32.61, 0.5540, -6.124
32.62, 0.5530, -6.179
32.63, 0.5520, -5.691
32.64, 0.5510, -7.165
32.65, 0.5500, -7.670
32.66, 0.5490, -5.449
32.67, 0.5480, -6.076
32.68, 0.5470, -5.673
32.69, 0.5460, -5.551
32.70, 0.5450, -5.378
32.71, 0.5440, -5.465
32.72, 0.5430, -4.316
32.73, 0.5420, -5.127
32.74, 0.5410, -5.983
32.75, 0.5400, -3.498
32.76, 0.5390, -4.730
32.77, 0.5380, -4.435
32.78, 0.5370, -5.174
32.79, 0.5360, -4.669
32.80, 0.5350, -5.093
32.81, 0.5340, -6.167
32.82, 0.5330, -4.577
32.83, 0.5320, -4.681
32.84, 0.5310, -4.971
32.85, 0.5300, -5.874
32.86, 0.5290, -6.629
32.87, 0.5280, -7.810
32.88, 0.5270, -5.533
32.89, 0.5260, -5.769
32.90, 0.5250, -5.711
32.91, 0.5240, -5.675
32.92, 0.5230, -5.539
32.93, 0.5220, -5.885
32.94, 0.5210, -5.628
32.95, 0.5200, -6.392
32.96, 0.5190, -5.505
32.97, 0.5180, -6.024
32.98, 0.5170, -5.752
32.99, 0.5160, -4.956
33.00, 0.5150, -6.338
33.01, 0.5140, -7.264
33.02, 0.5130, -6.511
33.03, 0.5120, -6.186
33.04, 0.5110, -6.938
33.05, 0.5100, -6.015
33.06, 0.5090, -5.446
33.07, 0.5080, -6.147
33.08, 0.5070, -6.798
33.09, 0.5060, -6.074
33.10, 0.5050, -6.127
33.11, 0.5040, -5.896
33.12, 0.5030, -5.352
33.13, 0.5020, -4.762
33.14, 0.5010, -6.274
33.15, 0.5000, -5.551
33.16, 0.4990, -7.324
33.17, 0.4980, -4.672
33.18, 0.4970, -4.788
33.19, 0.4960, -6.298
33.20, 0.4950, -6.456
33.21, 0.4940, -6.615
33.22, 0.4930, -4.645
33.23, 0.4920, -5.820
33.24, 0.4910, -6.126
33.25, 0.4900, -5.536
33.26, 0.4890, -6.693
33.27, 0.4880, -6.312
33.28, 0.4870, -6.590
33.29, 0.4860, -6.392
33.30, 0.4850, -6.212
33.31, 0.4840, -4.914
33.32, 0.4830, -6.105
33.33, 0.4820, -7.008
33.34, 0.4810, -6.429
33.35, 0.4800, -5.211
33.36, 0.4790, -5.190
33.37, 0.4780, -5.966
33.38, 0.4770, -6.112
33.39, 0.4760, -6.624
33.40, 0.4750, -7.070
33.41, 0.4740, -5.935
33.42, 0.4730, -7.070
33.43, 0.4720, -6.646
33.44, 0.4710, -8.134
33.45, 0.4700, -6.515
33.46, 0.4690, -6.008
33.47, 0.4680, -6.217
33.48, 0.4670, -6.634
33.49, 0.4660, -6.550
33.50, 0.4650, -5.807
33.51, 0.4640, -6.798
33.52, 0.4630, -4.975
33.53, 0.4620, -6.421
33.54, 0.4610, -5.643
33.55, 0.4600, -5.739
33.56, 0.4590, -5.335
33.57, 0.4580, -5.641
33.58, 0.4570, -7.551
33.59, 0.4560, -6.112
33.60, 0.4550, -7.531
33.61, 0.4540, -7.104
33.62, 0.4530, -7.812
33.63, 0.4520, -6.025
33.64, 0.4510, -6.604
33.65, 0.4500, -5.912
33.66, 0.4490, -7.053
33.67, 0.4480, -7.473
33.68, 0.4470, -6.690
33.69, 0.4460, -7.763
33.70, 0.4450, -5.210
33.71, 0.4440, -6.171
33.72, 0.4430, -4.838
33.73, 0.4420, -5.906
33.74, 0.4410, -8.325
33.75, 0.4400, -6.189
33.76, 0.4390, -5.945
33.77, 0.4380, -6.790
33.78, 0.4370, -6.729
33.79, 0.4360, -7.359
33.80, 0.4350, -8.004
33.81, 0.4340, -6.790
33.82, 0.4330, -8.114
33.83, 0.4320, -6.097
33.84, 0.4310, -6.016
33.85, 0.4300, -7.736
33.86, 0.4290, -7.809
33.87, 0.4280, -6.105
33.88, 0.4270, -6.591
33.89, 0.4260, -6.664
33.90, 0.4250, -5.407
33.91, 0.4240, -6.415
33.92, 0.4230, -7.979
33.93, 0.4220, -6.219
33.94, 0.4210, -4.983
33.95, 0.4200, -6.404
33.96, 0.4190, -6.301
33.97, 0.4180, -6.808
33.98, 0.4170, -8.314
33.99, 0.4160, -8.090
34.00, 0.4150, -6.943
34.01, 0.4140, -7.525
34.02, 0.4130, -7.038
34.03, 0.4120, -6.995
34.04, 0.4110, -6.210
34.05, 0.4100, -6.296
34.06, 0.4090, -5.948
34.07, 0.4080, -5.830
34.08, 0.4070, -7.584
34.09, 0.4060, -7.561
34.10, 0.4050, -6.468
34.11, 0.4040, -7.853
34.12, 0.4030, -7.246
34.13, 0.4020, -6.891
34.14, 0.4010, -7.429
34.15, 0.4000, -7.085
34.16, 0.3990, -6.482
34.17, 0.3980, -5.783
34.18, 0.3970, -7.150
34.19, 0.3960, -5.502
34.20, 0.3950, -7.016
34.21, 0.3940, -7.591
34.22, 0.3930, -8.322
34.23, 0.3920, -7.910
34.24, 0.3910, -9.954
34.25, 0.3900, -7.316
34.26, 0.3890, -6.318
34.27, 0.3880, -7.725
34.28, 0.3870, -7.465
34.29, 0.3860, -10.20
34.30, 0.3850, -8.136
34.31, 0.3840, -7.106
34.32, 0.3830, -7.171
34.33, 0.3820, -8.227
34.34, 0.3810, -6.497
34.35, 0.3800, -7.199
34.36, 0.3790, -7.608
34.37, 0.3780, -8.326
34.38, 0.3770, -7.162
34.39, 0.3760, -7.535
34.40, 0.3750, -7.091
34.41, 0.3740, -8.040
34.42, 0.3730, -6.805
34.43, 0.3720, -7.613
34.44, 0.3710, -7.577
34.45, 0.3700, -6.401
34.46, 0.3690, -7.170
34.47, 0.3680, -6.943
34.48, 0.3670, -7.568
34.49, 0.3660, -7.109
34.50, 0.3650, -6.797
34.51, 0.3640, -5.717
34.52, 0.3630, -7.024
34.53, 0.3620, -6.325
34.54, 0.3610, -7.245
34.55, 0.3600, -6.673
34.56, 0.3590, -7.054
34.57, 0.3580, -7.690
34.58, 0.3570, -6.978
34.59, 0.3560, -6.415
34.60, 0.3550, -7.730
34.61, 0.3540, -8.116
34.62, 0.3530, -7.786
34.63, 0.3520, -7.747
34.64, 0.3510, -8.518
34.65, 0.3500, -8.410
34.66, 0.3490, -9.477
34.67, 0.3480, -7.921
34.68, 0.3470, -9.001
34.69, 0.3460, -8.319
34.70, 0.3450, -7.894
34.71, 0.3440, -5.693
34.72, 0.3430, -6.991
34.73, 0.3420, -6.177
34.74, 0.3410, -6.900
34.75, 0.3400, -7.873
34.76, 0.3390, -7.784
34.77, 0.3380, -7.365
34.78, 0.3370, -8.775
34.79, 0.3360, -9.127
34.80, 0.3350, -7.383
34.81, 0.3340, -7.250
34.82, 0.3330, -8.583
34.83, 0.3320, -8.884
34.84, 0.3310, -6.885
34.85, 0.3300, -7.628
34.86, 0.3290, -7.678
34.87, 0.3280, -8.959
34.88, 0.3270, -8.689
34.89, 0.3260, -7.896
34.90, 0.3250, -6.503
34.91, 0.3240, -7.554
34.92, 0.3230, -6.268
34.93, 0.3220, -7.871
34.94, 0.3210, -7.053
34.95, 0.3200, -8.496
34.96, 0.3190, -8.298
34.97, 0.3180, -9.007
34.98, 0.3170, -8.612
34.99, 0.3160, -8.093
35.00, 0.3150, -8.894
35.01, 0.3140, -8.612
35.02, 0.3130, -7.056
35.03, 0.3120, -8.636
35.04, 0.3110, -9.859
35.05, 0.3100, -9.114
35.06, 0.3090, -8.086
35.07, 0.3080, -8.372
35.08, 0.3070, -11.14
35.09, 0.3060, -8.490
35.10, 0.3050, -9.383
35.11, 0.3040, -7.646
35.12, 0.3030, -8.451
35.13, 0.3020, -8.383
35.14, 0.3010, -7.990
35.15, 0.3000, -7.558
35.16, 0.2990, -9.173
35.17, 0.2980, -9.305
35.18, 0.2970, -8.067
35.19, 0.2960, -8.237
35.20, 0.2950, -8.916
35.21, 0.2940, -8.265
35.22, 0.2930, -8.326
35.23, 0.2920, -6.794
35.24, 0.2910, -8.460
35.25, 0.2900, -9.258
35.26, 0.2890, -8.758
35.27, 0.2880, -8.167
35.28, 0.2870, -7.549
35.29, 0.2860, -8.460
35.30, 0.2850, -7.930
35.31, 0.2840, -7.543
35.32, 0.2830, -8.710
35.33, 0.2820, -9.509
35.34, 0.2810, -7.986
35.35, 0.2800, -8.487
35.36, 0.2790, -7.733
35.37, 0.2780, -8.200
35.38, 0.2770, -8.692
35.39, 0.2760, -8.802
35.40, 0.2750, -8.463
35.41, 0.2740, -8.110
35.42, 0.2730, -7.384
35.43, 0.2720, -8.620
35.44, 0.2710, -9.361
35.45, 0.2700, -9.189
35.46, 0.2690, -8.632
35.47, 0.2680, -9.392
35.48, 0.2670, -9.756
35.49, 0.2660, -9.724
35.50, 0.2650, -8.966
35.51, 0.2640, -9.402
35.52, 0.2630, -7.545
35.53, 0.2620, -8.587
35.54, 0.2610, -7.621
35.55, 0.2600, -9.196
35.56, 0.2590, -8.919
35.57, 0.2580, -9.686
35.58, 0.2570, -9.134
35.59, 0.2560, -10.25
35.60, 0.2550, -8.852
35.61, 0.2540, -7.524
35.62, 0.2530, -8.327
35.63, 0.2520, -8.411
35.64, 0.2510, -9.398
35.65, 0.2500, -7.228
35.66, 0.2490, -9.178
35.67, 0.2480, -7.081
35.68, 0.2470, -9.561
35.69, 0.2460, -9.170
35.70, 0.2450, -6.949
35.71, 0.2440, -7.273
35.72, 0.2430, -7.799
35.73, 0.2420, -7.814
35.74, 0.2410, -8.135
35.75, 0.2400, -8.686
35.76, 0.2390, -9.279
35.77, 0.2380, -8.961
35.78, 0.2370, -8.812
35.79, 0.2360, -9.113
35.80, 0.2350, -9.274
35.81, 0.2340, -10.66
35.82, 0.2330, -7.539
35.83, 0.2320, -8.686
35.84, 0.2310, -9.752
35.85, 0.2300, -8.033
