0.01000, -0.8000, -20.99
0.02000, -0.8000, -16.32
0.03000, -0.8000, -14.25
0.04000, -0.8000, -14.04
0.05000, -0.8000, -12.29
0.06000, -0.8000, -13.60
0.07000, -0.8000, -11.81
0.08000, -0.8000, -13.82
0.09000, -0.8000, -11.66
0.1000, -0.8000, -11.95
0.1100, -0.8000, -10.94
0.1200, -0.8000, -10.73
0.1300, -0.8000, -10.74
0.1400, -0.8000, -10.62
0.1500, -0.8000, -10.15
0.1600, -0.8000, -11.01
0.1700, -0.8000, -10.15
0.1800, -0.8000, -9.887
0.1900, -0.8000, -10.14
0.2000, -0.8000, -10.88
0.2100, -0.8000, -10.57
0.2200, -0.8000, -9.196
0.2300, -0.8000, -10.14
0.2400, -0.8000, -9.305
0.2500, -0.8000, -10.13
0.2600, -0.8000, -8.164
0.2700, -0.8000, -9.102
0.2800, -0.8000, -10.13
0.2900, -0.8000, -9.222
0.3000, -0.8000, -10.00
0.3100, -0.8000, -9.439
0.3200, -0.8000, -9.647
0.3300, -0.8000, -9.907
0.3400, -0.8000, -9.279
0.3500, -0.8000, -10.27
0.3600, -0.8000, -9.125
0.3700, -0.8000, -9.399
0.3800, -0.8000, -9.779
0.3900, -0.8000, -7.701
0.4000, -0.8000, -9.030
0.4100, -0.8000, -9.853
0.4200, -0.8000, -9.827
0.4300, -0.8000, -9.053
0.4400, -0.8000, -9.549
0.4500, 0.000, -8.968
0.4600, 0.001000, 9.375
0.4700, 0.002000, 4.740
0.4800, 0.003000, 1.516
0.4900, 0.004000, -1.221
0.5000, 0.005000, -0.8773
0.5100, 0.006000, -3.517
0.5200, 0.007000, -3.231
0.5300, 0.008000, -2.351
0.5400, 0.009000, -3.674
0.5500, 0.01000, -2.960
0.5600, 0.01100, -2.865
0.5700, 0.01200, -2.995
0.5800, 0.01300, -3.176
0.5900, 0.01400, -3.329
0.6000, 0.01500, -2.102
0.6100, 0.01600, -2.613
0.6200, 0.01700, -3.532
0.6300, 0.01800, -3.914
0.6400, 0.01900, -4.836
0.6500, 0.02000, -3.523
0.6600, 0.02100, -3.373
0.6700, 0.02200, -4.167
0.6800, 0.02300, -3.066
0.6900, 0.02400, -3.494
0.7000, 0.02500, -1.927
0.7100, 0.02600, -3.904
0.7200, 0.02700, -3.885
0.7300, 0.02800, -2.908
0.7400, 0.02900, -1.836
0.7500, 0.03000, -3.737
0.7600, 0.03100, -4.122
0.7700, 0.03200, -3.942
0.7800, 0.03300, -3.927
0.7900, 0.03400, -4.459
0.8000, 0.03500, -4.486
0.8100, 0.03600, -4.054
0.8200, 0.03700, -3.514
0.8300, 0.03800, -4.163
0.8400, 0.03900, -3.883
0.8500, 0.04000, -3.765
0.8600, 0.04100, -3.843
0.8700, 0.04200, -4.540
0.8800, 0.04300, -3.533
0.8900, 0.04400, -3.560
0.9000, 0.04500, -3.724
0.9100, 0.04600, -2.599
0.9200, 0.04700, -3.160
0.9300, 0.04800, -4.103
0.9400, 0.04900, -5.166
0.9500, 0.05000, -5.659
0.9600, 0.05100, -3.732
0.9700, 0.05200, -2.937
0.9800, 0.05300, -2.518
0.9900, 0.05400, -3.940
1.000, 0.05500, -3.709
1.010, 0.05600, -3.763
1.020, 0.05700, -6.030
1.030, 0.05800, -4.613
1.040, 0.05900, -3.239
1.050, 0.06000, -5.014
1.060, 0.06100, -2.975
1.070, 0.06200, -3.952
1.080, 0.06300, -4.015
1.090, 0.06400, -3.202
1.100, 0.06500, -4.393
1.110, 0.06600, -3.889
1.120, 0.06700, -4.127
1.130, 0.06800, -3.708
1.140, 0.06900, -3.553
1.150, 0.07000, -2.450
1.160, 0.07100, -3.733
1.170, 0.07200, -4.676
1.180, 0.07300, -3.226
1.190, 0.07400, -3.197
1.200, 0.07500, -3.785
1.210, 0.07600, -4.289
1.220, 0.07700, -3.609
1.230, 0.07800, -5.146
1.240, 0.07900, -3.546
1.250, 0.08000, -3.812
1.260, 0.08100, -3.756
1.270, 0.08200, -3.463
1.280, 0.08300, -4.517
1.290, 0.08400, -4.618
1.300, 0.08500, -4.043
1.310, 0.08600, -5.013
1.320, 0.08700, -4.290
1.330, 0.08800, -3.587
1.340, 0.08900, -3.166
1.350, 0.09000, -3.317
1.360, 0.09100, -4.884
1.370, 0.09200, -4.138
1.380, 0.09300, -3.749
1.390, 0.09400, -3.621
1.400, 0.09500, -3.644
1.410, 0.09600, -4.510
1.420, 0.09700, -4.960
1.430, 0.09800, -1.937
1.440, 0.09900, -4.033
1.450, 0.1000, -5.571
1.460, 0.1010, -3.824
1.470, 0.1020, -3.770
1.480, 0.1030, -5.509
1.490, 0.1040, -3.606
1.500, 0.1050, -4.562
1.510, 0.1060, -4.789
1.520, 0.1070, -3.200
1.530, 0.1080, -3.483
1.540, 0.1090, -3.974
1.550, 0.1100, -4.754
1.560, 0.1110, -5.297
1.570, 0.1120, -2.491
1.580, 0.1130, -3.352
1.590, 0.1140, -5.006
1.600, 0.1150, -3.797
1.610, 0.1160, -3.483
1.620, 0.1170, -4.311
1.630, 0.1180, -4.188
1.640, 0.1190, -5.783
1.650, 0.1200, -4.790
1.660, 0.1210, -4.092
1.670, 0.1220, -2.912
1.680, 0.1230, -3.451
1.690, 0.1240, -2.394
1.700, 0.1250, -2.243
1.710, 0.1260, -3.557
1.720, 0.1270, -2.709
1.730, 0.1280, -3.072
1.740, 0.1290, -4.848
1.750, 0.1300, -3.814
1.760, 0.1310, -3.871
1.770, 0.1320, -5.037
1.780, 0.1330, -4.596
1.790, 0.1340, -5.365
1.800, 0.1350, -2.827
1.810, 0.1360, -2.698
1.820, 0.1370, -5.139
1.830, 0.1380, -4.409
1.840, 0.1390, -5.112
1.850, 0.1400, -3.531
1.860, 0.1410, -3.864
1.870, 0.1420, -4.484
1.880, 0.1430, -3.502
1.890, 0.1440, -4.254
1.900, 0.1450, -4.397
1.910, 0.1460, -4.223
1.920, 0.1470, -4.320
1.930, 0.1480, -3.630
1.940, 0.1490, -4.073
1.950, 0.1500, -3.953
1.960, 0.1510, -3.769
1.970, 0.1520, -4.026
1.980, 0.1530, -4.636
1.990, 0.1540, -3.696
2.000, 0.1550, -3.202
2.010, 0.1560, -2.544
2.020, 0.1570, -2.793
2.030, 0.1580, -4.343
2.040, 0.1590, -2.479
2.050, 0.1600, -5.389
2.060, 0.1610, -2.845
2.070, 0.1620, -4.149
2.080, 0.1630, -3.191
2.090, 0.1640, -3.161
2.100, 0.1650, -3.385
2.110, 0.1660, -3.001
2.120, 0.1670, -3.168
2.130, 0.1680, -3.684
2.140, 0.1690, -2.754
2.150, 0.1700, -3.648
2.160, 0.1710, -2.566
2.170, 0.1720, -3.154
2.180, 0.1730, -4.148
2.190, 0.1740, -3.306
2.200, 0.1750, -4.232
2.210, 0.1760, -3.455
2.220, 0.1770, -5.515
2.230, 0.1780, -4.154
2.240, 0.1790, -3.886
2.250, 0.1800, -3.315
2.260, 0.1810, -3.851
2.270, 0.1820, -3.244
2.280, 0.1830, -4.400
2.290, 0.1840, -3.167
2.300, 0.1850, -5.049
2.310, 0.1860, -4.207
2.320, 0.1870, -2.024
2.330, 0.1880, -2.691
2.340, 0.1890, -3.769
2.350, 0.1900, -3.162
2.360, 0.1910, -3.254
2.370, 0.1920, -4.275
2.380, 0.1930, -3.413
2.390, 0.1940, -1.950
2.400, 0.1950, -2.976
2.410, 0.1960, -1.857
2.420, 0.1970, -3.025
2.430, 0.1980, -2.738
2.440, 0.1990, -3.071
2.450, 0.2000, -3.430
2.460, 0.2010, -3.678
2.470, 0.2020, -5.133
2.480, 0.2030, -2.512
2.490, 0.2040, -3.619
2.500, 0.2050, -2.848
2.510, 0.2060, -3.958
2.520, 0.2070, -1.955
2.530, 0.2080, -3.616
2.540, 0.2090, -3.660
2.550, 0.2100, -4.022
2.560, 0.2110, -4.434
2.570, 0.2120, -2.183
2.580, 0.2130, -2.478
2.590, 0.2140, -3.115
2.600, 0.2150, -4.077
2.610, 0.2160, -3.149
2.620, 0.2170, -4.085
2.630, 0.2180, -3.406
2.640, 0.2190, -3.551
2.650, 0.2200, -2.255
2.660, 0.2210, -3.245
2.670, 0.2220, -4.015
2.680, 0.2230, -2.974
2.690, 0.2240, -2.175
2.700, 0.2250, -3.672
2.710, 0.2260, -3.078
2.720, 0.2270, -2.233
2.730, 0.2280, -3.573
2.740, 0.2290, -2.815
2.750, 0.2300, -2.481
2.760, 0.2310, -4.728
2.770, 0.2320, -5.104
2.780, 0.2330, -4.029
2.790, 0.2340, -3.942
2.800, 0.2350, -3.933
2.810, 0.2360, -3.108
2.820, 0.2370, -3.098
2.830, 0.2380, -3.706
2.840, 0.2390, -3.481
2.850, 0.2400, -4.083
2.860, 0.2410, -3.677
2.870, 0.2420, -3.116
2.880, 0.2430, -2.300
2.890, 0.2440, -1.418
2.900, 0.2450, -3.619
2.910, 0.2460, -3.086
2.920, 0.2470, -3.250
2.930, 0.2480, -2.478
2.940, 0.2490, -2.281
2.950, 0.2500, -1.864
2.960, 0.2510, -3.154
2.970, 0.2520, -4.795
2.980, 0.2530, -3.187
2.990, 0.2540, -4.060
3.000, 0.2550, -1.876
3.010, 0.2560, -3.893
3.020, 0.2570, -3.505
3.030, 0.2580, -3.150
3.040, 0.2590, -2.593
3.050, 0.2600, -2.313
3.060, 0.2610, -1.163
3.070, 0.2620, -3.382
3.080, 0.2630, -0.6014
3.090, 0.2640, -1.864
3.100, 0.2650, -2.290
3.110, 0.2660, -2.249
3.120, 0.2670, -1.399
3.130, 0.2680, -2.868
3.140, 0.2690, -2.617
3.150, 0.2700, -2.424
3.160, 0.2710, -2.826
3.170, 0.2720, -3.263
3.180, 0.2730, -3.220
3.190, 0.2740, -4.057
3.200, 0.2750, -2.843
3.210, 0.2760, -3.180
3.220, 0.2770, -1.338
3.230, 0.2780, -3.381
3.240, 0.2790, -2.647
3.250, 0.2800, -3.345
3.260, 0.2810, -1.545
3.270, 0.2820, -2.529
3.280, 0.2830, -3.288
3.290, 0.2840, -2.470
3.300, 0.2850, -2.191
3.310, 0.2860, -1.382
3.320, 0.2870, -2.242
3.330, 0.2880, -1.642
3.340, 0.2890, -1.591
3.350, 0.2900, -2.936
3.360, 0.2910, -4.584
3.370, 0.2920, -2.667
3.380, 0.2930, -1.080
3.390, 0.2940, -2.968
3.400, 0.2950, -2.004
3.410, 0.2960, -1.565
3.420, 0.2970, -0.6893
3.430, 0.2980, -1.359
3.440, 0.2990, -1.921
3.450, 0.3000, -0.7892
3.460, 0.3010, -2.968
3.470, 0.3020, -2.919
3.480, 0.3030, -0.2039
3.490, 0.3040, -1.003
3.500, 0.3050, -1.110
3.510, 0.3060, 0.05409
3.520, 0.3070, 0.1448
3.530, 0.3080, -2.133
3.540, 0.3090, -2.451
3.550, 0.3100, -1.525
3.560, 0.3110, -2.959
3.570, 0.3120, -1.639
3.580, 0.3130, -0.9804
3.590, 0.3140, -1.338
3.600, 0.3150, -1.154
3.610, 0.3160, 0.5957
3.620, 0.3170, -2.585
3.630, 0.3180, -0.3003
3.640, 0.3190, -0.2608
3.650, 0.3200, -0.1886
3.660, 0.3210, -1.430
3.670, 0.3220, -1.519
3.680, 0.3230, -0.8757
3.690, 0.3240, -0.3839
3.700, 0.3250, -0.5366
3.710, 0.3260, 0.9151
3.720, 0.3270, -0.2086
3.730, 0.3280, 0.7185
3.740, 0.3290, -1.022
3.750, 0.3300, -1.947
3.760, 0.3310, -1.527
3.770, 0.3320, 0.4876
3.780, 0.3330, -1.440
3.790, 0.3340, 0.2650
3.800, 0.3350, 0.2252
3.810, 0.3360, 0.3200
3.820, 0.3370, 0.6170
3.830, 0.3380, 1.790
3.840, 0.3390, 0.7217
3.850, 0.3400, 0.5985
3.860, 0.3410, -0.6333
3.870, 0.3420, -0.5936
3.880, 0.3430, 0.3026
3.890, 0.3440, 0.3440
3.900, 0.3450, -0.1279
3.910, 0.3460, 0.2220
3.920, 0.3470, 0.3060
3.930, 0.3480, -0.009039
3.940, 0.3490, 1.062
3.950, 0.3500, 1.548
3.960, 0.3510, -0.5105
3.970, 0.3520, -0.4687
3.980, 0.3530, 0.2928
3.990, 0.3540, 1.875
4.000, 0.3550, 0.2714
4.010, 0.3560, 0.7023
4.020, 0.3570, 1.292
4.030, 0.3580, 1.217
4.040, 0.3590, 2.750
4.050, 0.3600, 0.5053
4.060, 0.3610, 2.109
4.070, 0.3620, 1.447
4.080, 0.3630, 1.493
4.090, 0.3640, 1.510
4.100, 0.3650, 0.9391
4.110, 0.3660, 0.6412
4.120, 0.3670, 1.665
4.130, 0.3680, 1.639
4.140, 0.3690, 3.193
4.150, 0.3700, 2.299
4.160, 0.3710, 2.638
4.170, 0.3720, 2.077
4.180, 0.3730, 2.014
4.190, 0.3740, 1.466
4.200, 0.3750, 2.700
4.210, 0.3760, 1.802
4.220, 0.3770, 3.074
4.230, 0.3780, 2.714
4.240, 0.3790, 4.341
4.250, 0.3800, 2.708
4.260, 0.3810, 2.950
4.270, 0.3820, 3.618
4.280, 0.3830, 3.200
4.290, 0.3840, 2.234
4.300, 0.3850, 3.786
4.310, 0.3860, 1.783
4.320, 0.3870, 3.208
4.330, 0.3880, 3.310
4.340, 0.3890, 2.906
4.350, 0.3900, 3.202
4.360, 0.3910, 2.688
4.370, 0.3920, 2.674
4.380, 0.3930, 3.950
4.390, 0.3940, 4.168
4.400, 0.3950, 3.799
4.410, 0.3960, 3.148
4.420, 0.3970, 2.581
4.430, 0.3980, 5.537
4.440, 0.3990, 5.111
4.450, 0.4000, 4.462
4.460, 0.4010, 6.122
4.470, 0.4020, 4.678
4.480, 0.4030, 4.886
4.490, 0.4040, 5.153
4.500, 0.4050, 3.562
4.510, 0.4060, 5.173
4.520, 0.4070, 3.651
4.530, 0.4080, 4.716
4.540, 0.4090, 4.929
4.550, 0.4100, 5.158
4.560, 0.4110, 4.863
4.570, 0.4120, 4.983
4.580, 0.4130, 4.578
4.590, 0.4140, 4.803
4.600, 0.4150, 6.074
4.610, 0.4160, 5.602
4.620, 0.4170, 6.959
4.630, 0.4180, 7.384
4.640, 0.4190, 5.273
4.650, 0.4200, 6.245
4.660, 0.4210, 6.928
4.670, 0.4220, 6.531
4.680, 0.4230, 6.079
4.690, 0.4240, 6.906
4.700, 0.4250, 5.924
4.710, 0.4260, 7.016
4.720, 0.4270, 6.074
4.730, 0.4280, 6.162
4.740, 0.4290, 6.446
4.750, 0.4300, 6.613
4.760, 0.4310, 7.171
4.770, 0.4320, 6.553
4.780, 0.4330, 6.741
4.790, 0.4340, 7.947
4.800, 0.4350, 6.995
4.810, 0.4360, 7.182
4.820, 0.4370, 6.715
4.830, 0.4380, 8.495
4.840, 0.4390, 8.019
4.850, 0.4400, 7.762
4.860, 0.4410, 8.060
4.870, 0.4420, 9.105
4.880, 0.4430, 7.966
4.890, 0.4440, 8.487
4.900, 0.4450, 8.334
4.910, 0.4460, 8.894
4.920, 0.4470, 8.266
4.930, 0.4480, 8.731
4.940, 0.4490, 7.940
4.950, 0.4500, 8.340
4.960, 0.4510, 9.093
4.970, 0.4520, 9.308
4.980, 0.4530, 8.865
4.990, 0.4540, 8.896
5.000, 0.4550, 9.150
5.010, 0.4560, 8.890
5.020, 0.4570, 9.204
5.030, 0.4580, 9.384
5.040, 0.4590, 9.813
5.050, 0.4600, 9.317
5.060, 0.4610, 9.383
5.070, 0.4620, 9.887
5.080, 0.4630, 10.19
5.090, 0.4640, 9.794
5.100, 0.4650, 9.273
5.110, 0.4660, 9.619
5.120, 0.4670, 9.155
5.130, 0.4680, 9.636
5.140, 0.4690, 8.820
5.150, 0.4700, 9.863
5.160, 0.4710, 9.760
5.170, 0.4720, 9.817
5.180, 0.4730, 9.988
5.190, 0.4740, 10.08
5.200, 0.4750, 11.28
5.210, 0.4760, 11.24
5.220, 0.4770, 9.557
5.230, 0.4780, 10.27
5.240, 0.4790, 9.475
5.250, 0.4800, 10.51
5.260, 0.4810, 9.868
5.270, 0.4820, 10.74
5.280, 0.4830, 10.55
5.290, 0.4840, 12.02
5.300, 0.4850, 11.01
5.310, 0.4860, 11.07
5.320, 0.4870, 11.19
5.330, 0.4880, 12.02
5.340, 0.4890, 12.21
5.350, 0.4900, 11.37
5.360, 0.4910, 11.81
5.370, 0.4920, 11.17
5.380, 0.4930, 12.05
5.390, 0.4940, 12.82
5.400, 0.4950, 11.55
5.410, 0.4960, 13.31
5.420, 0.4970, 13.07
5.430, 0.4980, 11.83
5.440, 0.4990, 12.97
5.450, 0.5000, 12.13
5.460, 0.5010, 11.47
5.470, 0.5020, 11.74
5.480, 0.5030, 12.23
5.490, 0.5040, 12.31
5.500, 0.5050, 13.12
5.510, 0.5060, 13.23
5.520, 0.5070, 11.43
5.530, 0.5080, 12.50
5.540, 0.5090, 12.33
5.550, 0.5100, 13.16
5.560, 0.5110, 12.11
5.570, 0.5120, 12.74
5.580, 0.5130, 13.53
5.590, 0.5140, 12.40
5.600, 0.5150, 12.65
5.610, 0.5160, 13.23
5.620, 0.5170, 13.18
5.630, 0.5180, 12.89
5.640, 0.5190, 12.48
5.650, 0.5200, 13.56
5.660, 0.5210, 12.61
5.670, 0.5220, 12.97
5.680, 0.5230, 12.53
5.690, 0.5240, 13.52
5.700, 0.5250, 13.23
5.710, 0.5260, 12.77
5.720, 0.5270, 13.59
5.730, 0.5280, 13.35
5.740, 0.5290, 13.36
5.750, 0.5300, 12.46
5.760, 0.5310, 14.16
5.770, 0.5320, 14.42
5.780, 0.5330, 12.89
5.790, 0.5340, 13.52
5.800, 0.5350, 14.37
5.810, 0.5360, 14.92
5.820, 0.5370, 12.97
5.830, 0.5380, 14.32
5.840, 0.5390, 14.23
5.850, 0.5400, 14.38
5.860, 0.5410, 15.32
5.870, 0.5420, 14.49
5.880, 0.5430, 14.75
5.890, 0.5440, 14.10
5.900, 0.5450, 13.83
5.910, 0.5460, 14.23
5.920, 0.5470, 14.12
5.930, 0.5480, 14.75
5.940, 0.5490, 13.84
5.950, 0.5500, 15.64
5.960, 0.5510, 13.77
5.970, 0.5520, 13.35
5.980, 0.5530, 13.58
5.990, 0.5540, 15.11
6.000, 0.5550, 14.21
6.010, 0.5560, 14.35
6.020, 0.5570, 13.91
6.030, 0.5580, 14.08
6.040, 0.5590, 13.82
6.050, 0.5600, 13.75
6.060, 0.5610, 13.90
6.070, 0.5620, 14.15
6.080, 0.5630, 14.22
6.090, 0.5640, 15.10
6.100, 0.5650, 14.43
6.110, 0.5660, 14.53
6.120, 0.5670, 13.95
6.130, 0.5680, 13.49
6.140, 0.5690, 15.45
6.150, 0.5700, 14.14
6.160, 0.5710, 14.92
6.170, 0.5720, 14.08
6.180, 0.5730, 16.05
6.190, 0.5740, 15.50
6.200, 0.5750, 15.01
6.210, 0.5760, 14.63
6.220, 0.5770, 16.17
6.230, 0.5780, 15.42
6.240, 0.5790, 14.01
6.250, 0.5800, 15.17
6.260, 0.5810, 14.35
6.270, 0.5820, 14.21
6.280, 0.5830, 14.85
6.290, 0.5840, 15.32
6.300, 0.5850, 13.31
6.310, 0.5860, 15.23
6.320, 0.5870, 15.25
6.330, 0.5880, 13.84
6.340, 0.5890, 14.88
6.350, 0.5900, 13.81
6.360, 0.5910, 14.95
6.370, 0.5920, 13.80
6.380, 0.5930, 14.83
6.390, 0.5940, 14.49
6.400, 0.5950, 15.21
6.410, 0.5960, 16.17
6.420, 0.5970, 16.27
6.430, 0.5980, 15.20
6.440, 0.5990, 15.39
6.450, 0.6000, 15.66
6.460, 0.6010, 14.68
6.470, 0.6020, 15.42
6.480, 0.6030, 15.75
6.490, 0.6040, 14.02
6.500, 0.6050, 13.53
6.510, 0.6060, 14.61
6.520, 0.6070, 14.25
6.530, 0.6080, 13.96
6.540, 0.6090, 13.66
6.550, 0.6100, 16.11
6.560, 0.6110, 15.58
6.570, 0.6120, 15.41
6.580, 0.6130, 15.77
6.590, 0.6140, 15.29
6.600, 0.6150, 16.79
6.610, 0.6160, 17.13
6.620, 0.6170, 14.83
6.630, 0.6180, 15.18
6.640, 0.6190, 14.21
6.650, 0.6200, 15.62
6.660, 0.6210, 15.09
6.670, 0.6220, 15.40
6.680, 0.6230, 15.39
6.690, 0.6240, 14.73
6.700, 0.6250, 16.15
6.710, 0.6260, 15.01
6.720, 0.6270, 15.85
6.730, 0.6280, 15.82
6.740, 0.6290, 15.07
6.750, 0.6300, 15.14
6.760, 0.6310, 14.34
6.770, 0.6320, 15.09
6.780, 0.6330, 13.98
6.790, 0.6340, 13.36
6.800, 0.6350, 14.54
6.810, 0.6360, 15.62
6.820, 0.6370, 14.76
6.830, 0.6380, 14.04
6.840, 0.6390, 14.88
6.850, 0.6400, 14.00
6.860, 0.6410, 15.70
6.870, 0.6420, 15.22
6.880, 0.6430, 14.01
6.890, 0.6440, 14.84
6.900, 0.6450, 15.17
6.910, 0.6460, 14.96
6.920, 0.6470, 15.07
6.930, 0.6480, 15.37
6.940, 0.6490, 14.47
6.950, 0.6500, 15.68
6.960, 0.6510, 15.02
6.970, 0.6520, 15.99
6.980, 0.6530, 15.10
6.990, 0.6540, 15.54
7.000, 0.6550, 14.74
7.010, 0.6560, 15.52
7.020, 0.6570, 15.40
7.030, 0.6580, 15.29
7.040, 0.6590, 15.65
7.050, 0.6600, 14.58
7.060, 0.6610, 14.89
7.070, 0.6620, 15.86
7.080, 0.6630, 15.33
7.090, 0.6640, 15.08
7.100, 0.6650, 15.65
7.110, 0.6660, 15.01
7.120, 0.6670, 14.82
7.130, 0.6680, 15.67
7.140, 0.6690, 15.63
7.150, 0.6700, 14.90
7.160, 0.6710, 15.22
7.170, 0.6720, 14.86
7.180, 0.6730, 13.93
7.190, 0.6740, 15.77
7.200, 0.6750, 14.52
7.210, 0.6760, 15.02
7.220, 0.6770, 14.94
7.230, 0.6780, 15.31
7.240, 0.6790, 14.09
7.250, 0.6800, 14.14
7.260, 0.6810, 14.01
7.270, 0.6820, 15.06
7.280, 0.6830, 14.45
7.290, 0.6840, 14.51
7.300, 0.6850, 14.70
7.310, 0.6860, 15.33
7.320, 0.6870, 13.35
7.330, 0.6880, 15.35
7.340, 0.6890, 14.48
7.350, 0.6900, 14.56
7.360, 0.6910, 14.37
7.370, 0.6920, 14.36
7.380, 0.6930, 15.87
7.390, 0.6940, 13.90
7.400, 0.6950, 15.99
7.410, 0.6960, 15.54
7.420, 0.6970, 16.10
7.430, 0.6980, 14.93
7.440, 0.6990, 15.74
7.450, 0.7000, 15.75
7.460, 0.7010, 14.53
7.470, 0.7020, 14.40
7.480, 0.7030, 14.53
7.490, 0.7040, 15.19
7.500, 0.7050, 16.01
7.510, 0.7060, 15.30
7.520, 0.7070, 14.93
7.530, 0.7080, 14.28
7.540, 0.7090, 14.96
7.550, 0.7100, 16.08
7.560, 0.7110, 14.32
7.570, 0.7120, 14.17
7.580, 0.7130, 13.27
7.590, 0.7140, 14.84
7.600, 0.7150, 14.19
7.610, 0.7160, 14.98
7.620, 0.7170, 15.27
7.630, 0.7180, 14.75
7.640, 0.7190, 14.29
7.650, 0.7200, 14.96
7.660, 0.7210, 15.22
7.670, 0.7220, 14.04
7.680, 0.7230, 14.79
7.690, 0.7240, 14.40
7.700, 0.7250, 16.01
7.710, 0.7260, 15.31
7.720, 0.7270, 14.84
7.730, 0.7280, 15.28
7.740, 0.7290, 14.64
7.750, 0.7300, 13.96
7.760, 0.7310, 15.10
7.770, 0.7320, 14.80
7.780, 0.7330, 15.63
7.790, 0.7340, 14.08
7.800, 0.7350, 15.72
7.810, 0.7360, 14.81
7.820, 0.7370, 15.03
7.830, 0.7380, 14.28
7.840, 0.7390, 14.12
7.850, 0.7400, 13.97
7.860, 0.7410, 15.16
7.870, 0.7420, 13.28
7.880, 0.7430, 14.96
7.890, 0.7440, 13.44
7.900, 0.7450, 14.84
7.910, 0.7460, 14.90
7.920, 0.7470, 15.49
7.930, 0.7480, 14.87
7.940, 0.7490, 16.28
7.950, 0.7500, 15.12
7.960, 0.7510, 14.00
7.970, 0.7520, 13.14
7.980, 0.7530, 14.72
7.990, 0.7540, 14.66
8.000, 0.7550, 13.73
8.010, 0.7560, 13.50
8.020, 0.7570, 13.55
8.030, 0.7580, 15.30
8.040, 0.7590, 15.92
8.050, 0.7600, 14.81
8.060, 0.7610, 13.16
8.070, 0.7620, 13.54
8.080, 0.7630, 13.32
8.090, 0.7640, 14.25
8.100, 0.7650, 15.78
8.110, 0.7660, 15.59
8.120, 0.7670, 15.58
8.130, 0.7680, 15.48
8.140, 0.7690, 14.39
8.150, 0.7700, 14.41
8.160, 0.7710, 15.14
8.170, 0.7720, 13.81
8.180, 0.7730, 15.16
8.190, 0.7740, 14.80
8.200, 0.7750, 14.66
8.210, 0.7760, 13.85
8.220, 0.7770, 15.10
8.230, 0.7780, 13.17
8.240, 0.7790, 15.08
8.250, 0.7800, 13.79
8.260, 0.7810, 14.20
8.270, 0.7820, 15.67
8.280, 0.7830, 14.65
8.290, 0.7840, 14.59
8.300, 0.7850, 14.09
8.310, 0.7860, 13.58
8.320, 0.7870, 13.56
8.330, 0.7880, 14.34
8.340, 0.7890, 15.13
8.350, 0.7900, 14.77
8.360, 0.7910, 13.92
8.370, 0.7920, 15.74
8.380, 0.7930, 15.00
8.390, 0.7940, 13.82
8.400, 0.7950, 13.51
8.410, 0.7960, 14.49
8.420, 0.7970, 14.81
8.430, 0.7980, 14.24
8.440, 0.7990, 14.50
8.450, 0.8000, 15.34
8.460, 0.8010, 14.69
8.470, 0.8020, 15.60
8.480, 0.8030, 14.93
8.490, 0.8040, 14.32
8.500, 0.8050, 14.81
8.510, 0.8060, 14.29
8.520, 0.8070, 15.50
8.530, 0.8080, 14.36
8.540, 0.8090, 13.87
8.550, 0.8100, 15.14
8.560, 0.8110, 15.16
8.570, 0.8120, 14.17
8.580, 0.8130, 14.45
8.590, 0.8140, 14.04
8.600, 0.8150, 14.71
8.610, 0.8160, 14.71
8.620, 0.8170, 14.09
8.630, 0.8180, 13.77
8.640, 0.8190, 14.67
8.650, 0.8200, 12.78
8.660, 0.8210, 14.47
8.670, 0.8220, 14.75
8.680, 0.8230, 14.34
8.690, 0.8240, 14.94
8.700, 0.8250, 14.33
8.710, 0.8260, 13.81
8.720, 0.8270, 15.73
8.730, 0.8280, 15.22
8.740, 0.8290, 15.63
8.750, 0.8300, 15.16
8.760, 0.8310, 14.14
8.770, 0.8320, 15.25
8.780, 0.8330, 14.89
8.790, 0.8340, 14.27
8.800, 0.8350, 15.27
8.810, 0.8360, 15.47
8.820, 0.8370, 13.87
8.830, 0.8380, 13.32
8.840, 0.8390, 15.09
8.850, 0.8400, 14.12
8.860, 0.8410, 14.79
8.870, 0.8420, 15.18
8.880, 0.8430, 14.62
8.890, 0.8440, 14.82
8.900, 0.8450, 14.10
8.910, 0.8460, 14.76
8.920, 0.8470, 13.12
8.930, 0.8480, 13.59
8.940, 0.8490, 14.78
8.950, 0.8500, 14.61
8.960, 0.8510, 14.63
8.970, 0.8520, 13.67
8.980, 0.8530, 14.38
8.990, 0.8540, 14.06
9.000, 0.8550, 14.69
9.010, 0.8560, 15.23
9.020, 0.8570, 15.14
9.030, 0.8580, 14.29
9.040, 0.8590, 15.36
9.050, 0.8600, 13.10
9.060, 0.8610, 14.22
9.070, 0.8620, 14.21
9.080, 0.8630, 15.02
9.090, 0.8640, 13.07
9.100, 0.8650, 14.95
9.110, 0.8660, 15.17
9.120, 0.8670, 14.67
9.130, 0.8680, 15.92
9.140, 0.8690, 14.86
9.150, 0.8700, 16.21
9.160, 0.8710, 13.49
9.170, 0.8720, 14.17
9.180, 0.8730, 15.78
9.190, 0.8740, 14.95
9.200, 0.8750, 14.45
9.210, 0.8760, 14.59
9.220, 0.8770, 12.56
9.230, 0.8780, 14.82
9.240, 0.8790, 14.54
9.250, 0.8800, 14.79
9.260, 0.8810, 14.74
9.270, 0.8820, 14.76
9.280, 0.8830, 13.09
9.290, 0.8840, 13.32
9.300, 0.8850, 13.57
9.310, 0.8860, 15.82
9.320, 0.8870, 14.25
9.330, 0.8880, 13.13
9.340, 0.8890, 14.77
9.350, 0.8900, 14.67
9.360, 0.8910, 15.27
9.370, 0.8920, 13.78
9.380, 0.8930, 14.39
9.390, 0.8940, 13.61
9.400, 0.8950, 14.11
9.410, 0.8960, 14.87
9.420, 0.8970, 13.81
9.430, 0.8980, 15.10
9.440, 0.8990, 15.20
9.450, 0.9000, 14.72
9.460, 0.9010, 15.68
9.470, 0.9020, 15.41
9.480, 0.9030, 15.25
9.490, 0.9040, 14.99
9.500, 0.9050, 14.25
9.510, 0.9060, 15.43
9.520, 0.9070, 14.80
9.530, 0.9080, 15.48
9.540, 0.9090, 14.80
9.550, 0.9100, 14.44
9.560, 0.9110, 14.09
9.570, 0.9120, 15.46
9.580, 0.9130, 13.76
9.590, 0.9140, 13.41
9.600, 0.9150, 13.94
9.610, 0.9160, 15.96
9.620, 0.9170, 14.59
9.630, 0.9180, 14.35
9.640, 0.9190, 14.49
9.650, 0.9200, 14.23
9.660, 0.9210, 13.97
9.670, 0.9220, 14.32
9.680, 0.9230, 15.09
9.690, 0.9240, 14.44
9.700, 0.9250, 14.57
9.710, 0.9260, 15.24
9.720, 0.9270, 15.62
9.730, 0.9280, 14.82
9.740, 0.9290, 16.39
9.750, 0.9300, 14.93
9.760, 0.9310, 14.99
9.770, 0.9320, 15.06
9.780, 0.9330, 14.96
9.790, 0.9340, 14.87
9.800, 0.9350, 14.63
9.810, 0.9360, 15.49
9.820, 0.9370, 15.58
9.830, 0.9380, 14.61
9.840, 0.9390, 15.34
9.850, 0.9400, 13.28
9.860, 0.9410, 15.06
9.870, 0.9420, 15.45
9.880, 0.9430, 15.80
9.890, 0.9440, 14.86
9.900, 0.9450, 14.79
9.910, 0.9460, 13.48
9.920, 0.9470, 15.01
9.930, 0.9480, 13.32
9.940, 0.9490, 14.72
9.950, 0.9500, 13.99
9.960, 0.9510, 14.90
9.970, 0.9520, 14.62
9.980, 0.9530, 14.52
9.990, 0.9540, 15.15
10.00, 0.9550, 13.93
10.01, 0.9560, 15.44
10.02, 0.9570, 14.68
10.03, 0.9580, 13.89
10.04, 0.9590, 15.10
10.05, 0.9600, 15.48
10.06, 0.9610, 14.63
10.07, 0.9620, 14.78
10.08, 0.9630, 15.95
10.09, 0.9640, 15.06
10.10, 0.9650, 15.11
10.11, 0.9660, 14.58
10.12, 0.9670, 15.02
10.13, 0.9680, 15.81
10.14, 0.9690, 16.19
10.15, 0.9700, 15.11
10.16, 0.9710, 15.01
10.17, 0.9720, 13.26
10.18, 0.9730, 15.76
10.19, 0.9740, 14.21
10.20, 0.9750, 14.22
10.21, 0.9760, 14.52
10.22, 0.9770, 14.24
10.23, 0.9780, 15.94
10.24, 0.9790, 14.37
10.25, 0.9800, 15.06
10.26, 0.9810, 15.15
10.27, 0.9820, 14.87
10.28, 0.9830, 14.94
10.29, 0.9840, 13.73
10.30, 0.9850, 13.47
10.31, 0.9860, 14.73
10.32, 0.9870, 15.26
10.33, 0.9880, 14.62
10.34, 0.9890, 15.48
10.35, 0.9900, 16.35
10.36, 0.9910, 14.89
10.37, 0.9920, 15.39
10.38, 0.9930, 15.88
10.39, 0.9940, 16.56
10.40, 0.9950, 14.96
10.41, 0.9960, 15.57
10.42, 0.9970, 16.63
10.43, 0.9980, 16.26
10.44, 0.9990, 14.90
10.45, 1.000, 17.62
10.46, 1.001, 14.30
10.47, 1.002, 13.74
10.48, 1.003, 14.86
10.49, 1.004, 16.14
10.50, 1.005, 13.37
10.51, 1.006, 16.55
10.52, 1.007, 14.13
10.53, 1.008, 14.40
10.54, 1.009, 14.67
10.55, 1.010, 15.41
10.56, 1.011, 15.65
10.57, 1.012, 13.70
10.58, 1.013, 15.21
10.59, 1.014, 15.83
10.60, 1.015, 15.36
10.61, 1.016, 14.99
10.62, 1.017, 14.55
10.63, 1.018, 15.37
10.64, 1.019, 14.44
10.65, 1.020, 14.64
10.66, 1.021, 14.36
10.67, 1.022, 15.59
10.68, 1.023, 15.45
10.69, 1.024, 15.01
10.70, 1.025, 15.51
10.71, 1.026, 15.44
10.72, 1.027, 15.94
10.73, 1.028, 15.59
10.74, 1.029, 14.96
10.75, 1.030, 15.23
10.76, 1.031, 16.14
10.77, 1.032, 15.52
10.78, 1.033, 16.57
10.79, 1.034, 15.08
10.80, 1.035, 15.02
10.81, 1.036, 15.43
10.82, 1.037, 16.31
10.83, 1.038, 15.95
10.84, 1.039, 16.36
10.85, 1.040, 16.24
10.86, 1.041, 17.35
10.87, 1.042, 16.44
10.88, 1.043, 16.07
10.89, 1.044, 15.57
10.90, 1.045, 16.05
10.91, 1.046, 16.29
10.92, 1.047, 16.37
10.93, 1.048, 17.46
10.94, 1.049, 15.17
10.95, 1.050, 15.44
10.96, 1.051, 16.95
10.97, 1.052, 16.43
10.98, 1.053, 16.21
10.99, 1.054, 15.80
11.00, 1.055, 16.65
11.01, 1.056, 16.90
11.02, 1.057, 16.22
11.03, 1.058, 16.88
11.04, 1.059, 16.76
11.05, 1.060, 16.80
11.06, 1.061, 15.17
11.07, 1.062, 16.80
11.08, 1.063, 15.63
11.09, 1.064, 14.85
11.10, 1.065, 16.43
11.11, 1.066, 16.49
11.12, 1.067, 15.74
11.13, 1.068, 15.29
11.14, 1.069, 16.45
11.15, 1.070, 18.50
11.16, 1.071, 16.36
11.17, 1.072, 17.47
11.18, 1.073, 16.61
11.19, 1.074, 14.23
11.20, 1.075, 16.88
11.21, 1.076, 17.94
11.22, 1.077, 16.56
11.23, 1.078, 17.28
11.24, 1.079, 17.51
11.25, 1.080, 16.95
11.26, 1.081, 16.70
11.27, 1.082, 18.11
11.28, 1.083, 18.48
11.29, 1.084, 17.17
11.30, 1.085, 16.80
11.31, 1.086, 17.40
11.32, 1.087, 16.79
11.33, 1.088, 17.74
11.34, 1.089, 16.48
11.35, 1.090, 18.14
11.36, 1.091, 16.71
11.37, 1.092, 17.59
11.38, 1.093, 17.78
11.39, 1.094, 15.95
11.40, 1.095, 16.60
11.41, 1.096, 16.83
11.42, 1.097, 18.93
11.43, 1.098, 16.76
11.44, 1.099, 16.23
11.45, 1.100, 17.10
11.46, 1.101, 17.73
11.47, 1.102, 17.47
11.48, 1.103, 18.67
11.49, 1.104, 18.05
11.50, 1.105, 18.44
11.51, 1.106, 17.41
11.52, 1.107, 17.37
11.53, 1.108, 18.13
11.54, 1.109, 18.33
11.55, 1.110, 18.52
11.56, 1.111, 18.53
11.57, 1.112, 18.51
11.58, 1.113, 18.36
11.59, 1.114, 18.15
11.60, 1.115, 18.82
11.61, 1.116, 17.78
11.62, 1.117, 17.99
11.63, 1.118, 17.51
11.64, 1.119, 18.70
11.65, 1.120, 18.24
11.66, 1.121, 18.54
11.67, 1.122, 18.71
11.68, 1.123, 16.59
11.69, 1.124, 18.42
11.70, 1.125, 18.18
11.71, 1.126, 17.52
11.72, 1.127, 18.05
11.73, 1.128, 19.74
11.74, 1.129, 18.32
11.75, 1.130, 17.31
11.76, 1.131, 18.18
11.77, 1.132, 18.42
11.78, 1.133, 17.83
11.79, 1.134, 18.24
11.80, 1.135, 19.43
11.81, 1.136, 18.79
11.82, 1.137, 18.27
11.83, 1.138, 17.82
11.84, 1.139, 18.16
11.85, 1.140, 20.12
11.86, 1.141, 18.43
11.87, 1.142, 18.36
11.88, 1.143, 19.53
11.89, 1.144, 18.96
11.90, 1.145, 20.28
11.91, 1.146, 18.46
11.92, 1.147, 19.83
11.93, 1.148, 19.13
11.94, 1.149, 19.44
11.95, 1.150, 20.35
11.96, 1.151, 19.63
11.97, 1.152, 20.92
11.98, 1.153, 19.66
11.99, 1.154, 19.51
12.00, 1.155, 19.84
12.01, 1.156, 18.69
12.02, 1.157, 19.05
12.03, 1.158, 18.28
12.04, 1.159, 19.94
12.05, 1.160, 19.49
12.06, 1.161, 19.70
12.07, 1.162, 20.52
12.08, 1.163, 20.43
12.09, 1.164, 20.02
12.10, 1.165, 20.40
12.11, 1.166, 19.39
12.12, 1.167, 19.51
12.13, 1.168, 20.62
12.14, 1.169, 20.67
12.15, 1.170, 20.76
12.16, 1.171, 21.23
12.17, 1.172, 20.53
12.18, 1.173, 20.75
12.19, 1.174, 21.20
12.20, 1.175, 19.98
12.21, 1.176, 21.13
12.22, 1.177, 21.22
12.23, 1.178, 22.29
12.24, 1.179, 21.51
12.25, 1.180, 22.06
12.26, 1.181, 21.88
12.27, 1.182, 21.31
12.28, 1.183, 21.75
12.29, 1.184, 22.08
12.30, 1.185, 21.64
12.31, 1.186, 20.99
12.32, 1.187, 21.84
12.33, 1.188, 20.47
12.34, 1.189, 21.12
12.35, 1.190, 21.71
12.36, 1.191, 20.72
12.37, 1.192, 22.16
12.38, 1.193, 21.18
12.39, 1.194, 22.34
12.40, 1.195, 22.44
12.41, 1.196, 22.11
12.42, 1.197, 22.50
12.43, 1.198, 21.30
12.44, 1.199, 22.79
12.45, 1.200, 23.44
12.46, 1.201, 23.75
12.47, 1.202, 22.72
12.48, 1.203, 23.75
12.49, 1.204, 23.81
12.50, 1.205, 22.32
12.51, 1.206, 23.23
12.52, 1.207, 23.01
12.53, 1.208, 22.74
12.54, 1.209, 24.44
12.55, 1.210, 23.99
12.56, 1.211, 23.75
12.57, 1.212, 24.09
12.58, 1.213, 22.47
12.59, 1.214, 24.78
12.60, 1.215, 22.52
12.61, 1.216, 23.87
12.62, 1.217, 24.18
12.63, 1.218, 24.00
12.64, 1.219, 24.21
12.65, 1.220, 25.30
12.66, 1.221, 25.11
12.67, 1.222, 23.86
12.68, 1.223, 25.58
12.69, 1.224, 25.52
12.70, 1.225, 25.09
12.71, 1.226, 25.08
12.72, 1.227, 25.01
12.73, 1.228, 24.25
12.74, 1.229, 25.61
12.75, 1.230, 25.31
12.76, 1.231, 26.88
12.77, 1.232, 25.26
12.78, 1.233, 25.50
12.79, 1.234, 26.32
12.80, 1.235, 24.38
12.81, 1.236, 26.88
12.82, 1.237, 27.02
12.83, 1.238, 26.65
12.84, 1.239, 27.48
12.85, 1.240, 25.74
12.86, 1.241, 27.81
12.87, 1.242, 28.60
12.88, 1.243, 25.95
12.89, 1.244, 27.84
12.90, 1.245, 28.47
12.91, 1.246, 28.95
12.92, 1.247, 28.74
12.93, 1.248, 30.01
12.94, 1.249, 27.40
12.95, 1.250, 29.16
12.96, 1.251, 28.27
12.97, 1.252, 28.67
12.98, 1.253, 28.57
12.99, 1.254, 28.23
13.00, 1.255, 29.67
13.01, 1.256, 28.42
13.02, 1.257, 28.37
13.03, 1.258, 28.99
13.04, 1.259, 30.53
13.05, 1.260, 30.21
13.06, 1.261, 29.80
13.07, 1.262, 28.76
13.08, 1.263, 29.26
13.09, 1.264, 31.19
13.10, 1.265, 30.53
13.11, 1.266, 30.47
13.12, 1.267, 31.02
13.13, 1.268, 32.41
13.14, 1.269, 31.48
13.15, 1.270, 32.08
13.16, 1.271, 32.59
13.17, 1.272, 31.54
13.18, 1.273, 32.78
13.19, 1.274, 33.19
13.20, 1.275, 34.88
13.21, 1.276, 34.81
13.22, 1.277, 34.69
13.23, 1.278, 34.28
13.24, 1.279, 34.43
13.25, 1.280, 34.64
13.26, 1.281, 35.80
13.27, 1.282, 35.12
13.28, 1.283, 35.68
13.29, 1.284, 36.17
13.30, 1.285, 36.82
13.31, 1.286, 36.02
13.32, 1.287, 35.79
13.33, 1.288, 36.37
13.34, 1.289, 36.86
13.35, 1.290, 36.60
13.36, 1.291, 37.53
13.37, 1.292, 38.66
13.38, 1.293, 37.90
13.39, 1.294, 38.37
13.40, 1.295, 39.72
13.41, 1.296, 39.30
13.42, 1.297, 39.78
13.43, 1.298, 39.90
13.44, 1.299, 38.96
13.45, 1.300, 41.28
13.46, 1.301, 40.75
13.47, 1.302, 40.04
13.48, 1.303, 40.48
13.49, 1.304, 42.03
13.50, 1.305, 41.33
13.51, 1.306, 42.51
13.52, 1.307, 41.55
13.53, 1.308, 43.02
13.54, 1.309, 43.01
13.55, 1.310, 42.49
13.56, 1.311, 43.22
13.57, 1.312, 43.37
13.58, 1.313, 42.98
13.59, 1.314, 43.95
13.60, 1.315, 43.99
13.61, 1.316, 43.01
13.62, 1.317, 45.96
13.63, 1.318, 44.08
13.64, 1.319, 46.37
13.65, 1.320, 45.88
13.66, 1.321, 46.21
13.67, 1.322, 46.25
13.68, 1.323, 44.75
13.69, 1.324, 47.04
13.70, 1.325, 47.80
13.71, 1.326, 46.84
13.72, 1.327, 46.84
13.73, 1.328, 46.95
13.74, 1.329, 47.24
13.75, 1.330, 47.78
13.76, 1.331, 47.70
13.77, 1.332, 49.99
13.78, 1.333, 49.30
13.79, 1.334, 49.85
13.80, 1.335, 50.80
13.81, 1.336, 51.98
13.82, 1.337, 51.41
13.83, 1.338, 51.28
13.84, 1.339, 50.36
13.85, 1.340, 51.63
13.86, 1.341, 52.30
13.87, 1.342, 50.61
13.88, 1.343, 52.56
13.89, 1.344, 52.99
13.90, 1.345, 52.68
13.91, 1.346, 53.18
13.92, 1.347, 51.66
13.93, 1.348, 53.31
13.94, 1.349, 53.16
13.95, 1.350, 53.53
13.96, 1.351, 55.42
13.97, 1.352, 55.06
13.98, 1.353, 53.59
13.99, 1.354, 54.53
14.00, 1.355, 55.14
14.01, 1.356, 54.69
14.02, 1.357, 55.02
14.03, 1.358, 55.56
14.04, 1.359, 56.03
14.05, 1.360, 55.36
14.06, 1.361, 56.06
14.07, 1.362, 55.71
14.08, 1.363, 55.90
14.09, 1.364, 56.33
14.10, 1.365, 57.32
14.11, 1.366, 57.57
14.12, 1.367, 56.74
14.13, 1.368, 57.48
14.14, 1.369, 56.80
14.15, 1.370, 57.34
14.16, 1.371, 56.25
14.17, 1.372, 56.01
14.18, 1.373, 58.66
14.19, 1.374, 57.35
14.20, 1.375, 57.02
14.21, 1.376, 57.50
14.22, 1.377, 57.03
14.23, 1.378, 56.79
14.24, 1.379, 59.14
14.25, 1.380, 58.15
14.26, 1.381, 57.11
14.27, 1.382, 57.74
14.28, 1.383, 58.64
14.29, 1.384, 57.72
14.30, 1.385, 58.33
14.31, 1.386, 58.93
14.32, 1.387, 58.89
14.33, 1.388, 56.84
14.34, 1.389, 58.50
14.35, 1.390, 59.08
14.36, 1.391, 58.82
14.37, 1.392, 59.52
14.38, 1.393, 58.41
14.39, 1.394, 58.83
14.40, 1.395, 59.25
14.41, 1.396, 58.51
14.42, 1.397, 59.93
14.43, 1.398, 59.95
14.44, 1.399, 59.36
14.45, 1.400, 59.38
14.46, 1.401, 58.62
14.47, 1.402, 59.51
14.48, 1.403, 59.12
14.49, 1.404, 58.99
14.50, 1.405, 58.61
14.51, 1.406, 59.89
14.52, 1.407, 59.30
14.53, 1.408, 59.69
14.54, 1.409, 60.45
14.55, 1.410, 59.32
14.56, 1.411, 58.52
14.57, 1.412, 59.69
14.58, 1.413, 57.90
14.59, 1.414, 59.73
14.60, 1.415, 59.08
14.61, 1.416, 60.13
14.62, 1.417, 58.77
14.63, 1.418, 60.01
14.64, 1.419, 59.26
14.65, 1.420, 59.65
14.66, 1.421, 61.03
14.67, 1.422, 59.96
14.68, 1.423, 59.10
14.69, 1.424, 60.88
14.70, 1.425, 60.28
14.71, 1.426, 59.80
14.72, 1.427, 58.93
14.73, 1.428, 59.60
14.74, 1.429, 60.32
14.75, 1.430, 59.77
14.76, 1.431, 60.52
14.77, 1.432, 59.97
14.78, 1.433, 59.90
14.79, 1.434, 59.89
14.80, 1.435, 59.00
14.81, 1.436, 58.74
14.82, 1.437, 60.42
14.83, 1.438, 59.52
14.84, 1.439, 58.38
14.85, 1.440, 59.58
14.86, 1.441, 58.79
14.87, 1.442, 59.21
14.88, 1.443, 59.24
14.89, 1.444, 59.73
14.90, 1.445, 57.79
14.91, 1.446, 58.49
14.92, 1.447, 58.70
14.93, 1.448, 59.31
14.94, 1.449, 59.19
14.95, 1.450, 58.52
14.96, 1.451, 59.71
14.97, 1.452, 59.44
14.98, 1.453, 59.71
14.99, 1.454, 59.32
15.00, 1.455, 59.53
15.01, 1.456, 59.63
15.02, 1.457, 59.24
15.03, 1.458, 60.39
15.04, 1.459, 59.05
15.05, 1.460, 59.89
15.06, 1.461, 59.65
15.07, 1.462, 60.75
15.08, 1.463, 59.53
15.09, 1.464, 59.93
15.10, 1.465, 59.77
15.11, 1.466, 58.73
15.12, 1.467, 59.69
15.13, 1.468, 60.53
15.14, 1.469, 60.12
15.15, 1.470, 59.49
15.16, 1.471, 59.61
15.17, 1.472, 60.68
15.18, 1.473, 61.22
15.19, 1.474, 58.57
15.20, 1.475, 60.04
15.21, 1.476, 59.32
15.22, 1.477, 60.78
15.23, 1.478, 60.28
15.24, 1.479, 60.01
15.25, 1.480, 60.14
15.26, 1.481, 60.98
15.27, 1.482, 59.42
15.28, 1.483, 61.53
15.29, 1.484, 59.73
15.30, 1.485, 60.19
15.31, 1.486, 59.95
15.32, 1.487, 60.32
15.33, 1.488, 58.81
15.34, 1.489, 60.38
15.35, 1.490, 61.34
15.36, 1.491, 61.04
15.37, 1.492, 60.88
15.38, 1.493, 60.65
15.39, 1.494, 60.36
15.40, 1.495, 60.25
15.41, 1.496, 59.91
15.42, 1.497, 61.51
15.43, 1.498, 61.10
15.44, 1.499, 60.26
15.45, 1.500, 60.92
15.46, 1.501, 60.95
15.47, 1.502, 61.48
15.48, 1.503, 60.62
15.49, 1.504, 60.93
15.50, 1.505, 61.80
15.51, 1.506, 61.26
15.52, 1.507, 61.83
15.53, 1.508, 61.71
15.54, 1.509, 60.95
15.55, 1.510, 61.22
15.56, 1.511, 60.66
15.57, 1.512, 61.65
15.58, 1.513, 62.15
15.59, 1.514, 61.35
15.60, 1.515, 61.90
15.61, 1.516, 61.61
15.62, 1.517, 61.70
15.63, 1.518, 61.44
15.64, 1.519, 60.52
15.65, 1.520, 60.19
15.66, 1.521, 61.06
15.67, 1.522, 63.30
15.68, 1.523, 61.40
15.69, 1.524, 61.42
15.70, 1.525, 61.35
15.71, 1.526, 61.96
15.72, 1.527, 62.68
15.73, 1.528, 61.08
15.74, 1.529, 61.55
15.75, 1.530, 61.88
15.76, 1.531, 62.00
15.77, 1.532, 62.49
15.78, 1.533, 63.28
15.79, 1.534, 63.93
15.80, 1.535, 62.49
15.81, 1.536, 62.29
15.82, 1.537, 60.91
15.83, 1.538, 63.83
15.84, 1.539, 63.26
15.85, 1.540, 62.56
15.86, 1.541, 64.78
15.87, 1.542, 65.88
15.88, 1.543, 64.99
15.89, 1.544, 65.52
15.90, 1.545, 64.35
15.91, 1.546, 65.35
15.92, 1.547, 64.48
15.93, 1.548, 64.86
15.94, 1.549, 63.65
15.95, 1.550, 65.20
15.96, 1.551, 64.57
15.97, 1.552, 65.03
15.98, 1.553, 65.48
15.99, 1.554, 63.96
16.00, 1.555, 65.89
16.01, 1.556, 64.40
16.02, 1.557, 64.66
16.03, 1.558, 65.87
16.04, 1.559, 65.65
16.05, 1.560, 66.32
16.06, 1.561, 66.23
16.07, 1.562, 66.18
16.08, 1.563, 66.83
16.09, 1.564, 66.53
16.10, 1.565, 65.98
16.11, 1.566, 65.84
16.12, 1.567, 65.63
16.13, 1.568, 66.47
16.14, 1.569, 66.55
16.15, 1.570, 66.96
16.16, 1.571, 66.27
16.17, 1.572, 66.54
16.18, 1.573, 65.56
16.19, 1.574, 66.77
16.20, 1.575, 66.65
16.21, 1.576, 66.82
16.22, 1.577, 68.43
16.23, 1.578, 68.29
16.24, 1.579, 66.99
16.25, 1.580, 68.62
16.26, 1.581, 68.20
16.27, 1.582, 68.38
16.28, 1.583, 67.04
16.29, 1.584, 68.66
16.30, 1.585, 67.94
16.31, 1.586, 68.98
16.32, 1.587, 68.86
16.33, 1.588, 68.54
16.34, 1.589, 67.55
16.35, 1.590, 67.61
16.36, 1.591, 68.68
16.37, 1.592, 69.64
16.38, 1.593, 68.28
16.39, 1.594, 69.77
16.40, 1.595, 68.91
16.41, 1.596, 70.75
16.42, 1.597, 68.17
16.43, 1.598, 69.40
16.44, 1.599, 70.50
16.45, 1.600, 70.48
16.46, 1.601, 70.98
16.47, 1.602, 70.52
16.48, 1.603, 70.04
16.49, 1.604, 70.75
16.50, 1.605, 70.95
16.51, 1.606, 71.42
16.52, 1.607, 71.94
16.53, 1.608, 70.81
16.54, 1.609, 72.59
16.55, 1.610, 71.45
16.56, 1.611, 72.76
16.57, 1.612, 71.85
16.58, 1.613, 71.42
16.59, 1.614, 70.39
16.60, 1.615, 71.93
16.61, 1.616, 71.83
16.62, 1.617, 72.83
16.63, 1.618, 71.45
16.64, 1.619, 73.97
16.65, 1.620, 73.26
16.66, 1.621, 73.87
16.67, 1.622, 72.36
16.68, 1.623, 73.68
16.69, 1.624, 74.84
16.70, 1.625, 74.82
16.71, 1.626, 74.32
16.72, 1.627, 75.32
16.73, 1.628, 73.41
16.74, 1.629, 75.12
16.75, 1.630, 74.77
16.76, 1.631, 75.32
16.77, 1.632, 75.82
16.78, 1.633, 74.66
16.79, 1.634, 74.58
16.80, 1.635, 75.90
16.81, 1.636, 74.80
16.82, 1.637, 74.21
16.83, 1.638, 75.50
16.84, 1.639, 75.10
16.85, 1.640, 76.41
16.86, 1.641, 76.28
16.87, 1.642, 76.65
16.88, 1.643, 75.80
16.89, 1.644, 78.32
16.90, 1.645, 77.13
16.91, 1.646, 76.37
16.92, 1.647, 77.28
16.93, 1.648, 76.48
16.94, 1.649, 77.55
16.95, 1.650, 77.22
16.96, 1.651, 77.66
16.97, 1.652, 77.23
16.98, 1.653, 77.33
16.99, 1.654, 78.56
17.00, 1.655, 78.50
17.01, 1.656, 78.50
17.02, 1.657, 78.87
17.03, 1.658, 78.12
17.04, 1.659, 80.10
17.05, 1.660, 80.97
17.06, 1.661, 82.63
17.07, 1.662, 79.45
17.08, 1.663, 82.18
17.09, 1.664, 81.97
17.10, 1.665, 83.78
17.11, 1.666, 82.37
17.12, 1.667, 84.26
17.13, 1.668, 83.18
17.14, 1.669, 83.72
17.15, 1.670, 83.35
17.16, 1.671, 83.15
17.17, 1.672, 85.01
17.18, 1.673, 83.72
17.19, 1.674, 86.28
17.20, 1.675, 85.65
17.21, 1.676, 85.78
17.22, 1.677, 85.63
17.23, 1.678, 86.55
17.24, 1.679, 86.06
17.25, 1.680, 86.11
17.26, 1.681, 86.49
17.27, 1.682, 87.41
17.28, 1.683, 87.78
17.29, 1.684, 87.07
17.30, 1.685, 88.23
17.31, 1.686, 87.48
17.32, 1.687, 87.15
17.33, 1.688, 88.23
17.34, 1.689, 87.85
17.35, 1.690, 87.55
17.36, 1.691, 87.91
17.37, 1.692, 87.51
17.38, 1.693, 89.27
17.39, 1.694, 89.69
17.40, 1.695, 89.52
17.41, 1.696, 90.60
17.42, 1.697, 90.19
17.43, 1.698, 90.77
17.44, 1.699, 92.49
17.45, 1.700, 91.76
17.46, 1.701, 92.20
17.47, 1.702, 92.66
17.48, 1.703, 93.30
17.49, 1.704, 93.02
17.50, 1.705, 93.42
17.51, 1.706, 93.95
17.52, 1.707, 93.75
17.53, 1.708, 95.04
17.54, 1.709, 95.21
17.55, 1.710, 96.56
17.56, 1.711, 96.14
17.57, 1.712, 96.22
17.58, 1.713, 97.31
17.59, 1.714, 96.86
17.60, 1.715, 97.23
17.61, 1.716, 98.12
17.62, 1.717, 98.79
17.63, 1.718, 98.26
17.64, 1.719, 98.91
17.65, 1.720, 98.42
17.66, 1.721, 98.79
17.67, 1.722, 98.83
17.68, 1.723, 99.95
17.69, 1.724, 99.94
17.70, 1.725, 100.6
17.71, 1.726, 100.9
17.72, 1.727, 101.7
17.73, 1.728, 101.1
17.74, 1.729, 101.9
17.75, 1.730, 103.1
17.76, 1.731, 102.0
17.77, 1.732, 103.6
17.78, 1.733, 102.1
17.79, 1.734, 104.9
17.80, 1.735, 104.7
17.81, 1.736, 103.7
17.82, 1.737, 104.5
17.83, 1.738, 106.8
17.84, 1.739, 107.1
17.85, 1.740, 106.2
17.86, 1.741, 108.5
17.87, 1.742, 108.2
17.88, 1.743, 109.4
17.89, 1.744, 109.4
17.90, 1.745, 110.4
17.91, 1.746, 109.5
17.92, 1.747, 109.5
17.93, 1.748, 112.0
17.94, 1.749, 111.1
17.95, 1.750, 111.5
17.96, 1.751, 111.2
17.97, 1.752, 111.6
17.98, 1.753, 112.8
17.99, 1.754, 111.4
18.00, 1.755, 114.6
18.01, 1.756, 112.7
18.02, 1.757, 114.1
18.03, 1.758, 115.1
18.04, 1.759, 115.3
18.05, 1.760, 115.9
18.06, 1.761, 116.0
18.07, 1.762, 116.7
18.08, 1.763, 118.4
18.09, 1.764, 115.9
18.10, 1.765, 119.0
18.11, 1.766, 119.4
18.12, 1.767, 119.1
18.13, 1.768, 119.3
18.14, 1.769, 121.7
18.15, 1.770, 121.3
18.16, 1.771, 122.0
18.17, 1.772, 123.2
18.18, 1.773, 123.7
18.19, 1.774, 123.3
18.20, 1.775, 125.6
18.21, 1.776, 125.0
18.22, 1.777, 127.0
18.23, 1.778, 127.7
18.24, 1.779, 127.0
18.25, 1.780, 127.1
18.26, 1.781, 128.7
18.27, 1.782, 129.9
18.28, 1.783, 130.5
18.29, 1.784, 129.6
18.30, 1.785, 132.0
18.31, 1.786, 131.6
18.32, 1.787, 132.2
18.33, 1.788, 132.9
18.34, 1.789, 133.7
18.35, 1.790, 132.9
18.36, 1.791, 135.2
18.37, 1.792, 135.7
18.38, 1.793, 137.6
18.39, 1.794, 137.2
18.40, 1.795, 137.3
18.41, 1.796, 139.9
18.42, 1.797, 139.3
18.43, 1.798, 139.2
18.44, 1.799, 141.3
18.45, 1.800, 140.9
18.46, 1.801, 143.0
18.47, 1.802, 142.2
18.48, 1.803, 144.1
18.49, 1.804, 144.8
18.50, 1.805, 145.3
18.51, 1.806, 145.6
18.52, 1.807, 145.9
18.53, 1.808, 146.3
18.54, 1.809, 148.5
18.55, 1.810, 149.5
18.56, 1.811, 150.8
18.57, 1.812, 150.4
18.58, 1.813, 151.2
18.59, 1.814, 152.1
18.60, 1.815, 152.5
18.61, 1.816, 154.4
18.62, 1.817, 155.2
18.63, 1.818, 155.5
18.64, 1.819, 158.1
18.65, 1.820, 159.5
18.66, 1.821, 160.3
18.67, 1.822, 159.5
18.68, 1.823, 160.3
18.69, 1.824, 161.4
18.70, 1.825, 163.4
18.71, 1.826, 163.1
18.72, 1.827, 163.8
18.73, 1.828, 162.7
18.74, 1.829, 164.9
18.75, 1.830, 165.8
18.76, 1.831, 168.1
18.77, 1.832, 168.1
18.78, 1.833, 168.8
18.79, 1.834, 170.4
18.80, 1.835, 170.0
18.81, 1.836, 173.7
18.82, 1.837, 172.7
18.83, 1.838, 175.3
18.84, 1.839, 174.6
18.85, 1.840, 177.6
18.86, 1.841, 175.7
18.87, 1.842, 178.6
18.88, 1.843, 180.0
18.89, 1.844, 181.6
18.90, 1.845, 182.0
18.91, 1.846, 183.2
18.92, 1.847, 183.8
18.93, 1.848, 183.4
18.94, 1.849, 185.6
18.95, 1.850, 186.9
18.96, 1.851, 187.1
18.97, 1.852, 191.0
18.98, 1.853, 190.6
18.99, 1.854, 191.6
19.00, 1.855, 192.7
19.01, 1.856, 192.5
19.02, 1.857, 193.7
19.03, 1.858, 194.1
19.04, 1.859, 197.1
19.05, 1.860, 196.5
19.06, 1.861, 198.6
19.07, 1.862, 198.7
19.08, 1.863, 201.5
19.09, 1.864, 201.4
19.10, 1.865, 202.3
19.11, 1.866, 204.0
19.12, 1.867, 203.8
19.13, 1.868, 207.1
19.14, 1.869, 206.8
19.15, 1.870, 207.8
19.16, 1.871, 209.0
19.17, 1.872, 210.6
19.18, 1.873, 210.6
19.19, 1.874, 213.1
19.20, 1.875, 214.5
19.21, 1.876, 213.7
19.22, 1.877, 214.5
19.23, 1.878, 216.1
19.24, 1.879, 219.0
19.25, 1.880, 219.9
19.26, 1.881, 220.0
19.27, 1.882, 220.8
19.28, 1.883, 223.0
19.29, 1.884, 224.6
19.30, 1.885, 225.6
19.31, 1.886, 226.6
19.32, 1.887, 226.9
19.33, 1.888, 229.1
19.34, 1.889, 229.8
19.35, 1.890, 230.1
19.36, 1.891, 233.9
19.37, 1.892, 233.1
19.38, 1.893, 235.4
19.39, 1.894, 236.1
19.40, 1.895, 237.5
19.41, 1.896, 238.9
19.42, 1.897, 239.2
19.43, 1.898, 242.2
19.44, 1.899, 241.4
19.45, 1.900, 243.2
19.46, 1.901, 244.9
19.47, 1.902, 247.6
19.48, 1.903, 248.9
19.49, 1.904, 248.5
19.50, 1.905, 251.0
19.51, 1.906, 252.3
19.52, 1.907, 255.0
19.53, 1.908, 254.4
19.54, 1.909, 256.5
19.55, 1.910, 256.4
19.56, 1.911, 260.0
19.57, 1.912, 261.2
19.58, 1.913, 262.3
19.59, 1.914, 263.8
19.60, 1.915, 264.0
19.61, 1.916, 265.5
19.62, 1.917, 267.3
19.63, 1.918, 268.8
19.64, 1.919, 269.0
19.65, 1.920, 272.8
19.66, 1.921, 273.1
19.67, 1.922, 276.5
19.68, 1.923, 275.2
19.69, 1.924, 276.5
19.70, 1.925, 278.8
19.71, 1.926, 280.9
19.72, 1.927, 281.4
19.73, 1.928, 283.1
19.74, 1.929, 286.6
19.75, 1.930, 286.9
19.76, 1.931, 287.9
19.77, 1.932, 288.9
19.78, 1.933, 291.7
19.79, 1.934, 294.5
19.80, 1.935, 293.1
19.81, 1.936, 294.7
19.82, 1.937, 298.7
19.83, 1.938, 297.4
19.84, 1.939, 299.6
19.85, 1.940, 302.0
19.86, 1.941, 303.3
19.87, 1.942, 304.1
19.88, 1.943, 306.8
19.89, 1.944, 308.1
19.90, 1.945, 311.3
19.91, 1.946, 313.6
19.92, 1.947, 313.1
19.93, 1.948, 315.6
19.94, 1.949, 316.7
19.95, 1.950, 320.2
19.96, 1.951, 320.0
19.97, 1.952, 322.7
19.98, 1.953, 323.1
19.99, 1.954, 325.7
20.00, 1.955, 325.9
20.01, 1.956, 326.8
20.02, 1.957, 330.1
20.03, 1.958, 331.9
20.04, 1.959, 333.6
20.05, 1.960, 335.1
20.06, 1.961, 338.0
20.07, 1.962, 339.3
20.08, 1.963, 340.5
20.09, 1.964, 341.6
20.10, 1.965, 345.8
20.11, 1.966, 345.8
20.12, 1.967, 348.7
20.13, 1.968, 350.5
20.14, 1.969, 352.6
20.15, 1.970, 354.0
20.16, 1.971, 355.7
20.17, 1.972, 358.7
20.18, 1.973, 358.4
20.19, 1.974, 362.9
20.20, 1.975, 362.4
20.21, 1.976, 364.0
20.22, 1.977, 367.8
20.23, 1.978, 369.3
20.24, 1.979, 370.1
20.25, 1.980, 370.3
20.26, 1.981, 373.5
20.27, 1.982, 373.7
20.28, 1.983, 376.9
20.29, 1.984, 376.3
20.30, 1.985, 376.3
20.31, 1.986, 378.4
20.32, 1.987, 378.4
20.33, 1.988, 379.0
20.34, 1.989, 379.9
20.35, 1.990, 379.3
20.36, 1.991, 380.3
20.37, 1.992, 381.7
20.38, 1.993, 382.8
20.39, 1.994, 382.1
20.40, 1.995, 382.1
20.41, 1.996, 382.9
20.42, 1.997, 383.9
20.43, 1.998, 383.1
20.44, 1.999, 385.0
20.45, 2.000, 384.8
20.46, 1.999, 385.8
20.47, 1.998, 386.6
20.48, 1.997, 387.2
20.49, 1.996, 387.2
20.50, 1.995, 387.1
20.51, 1.994, 388.3
20.52, 1.993, 389.0
20.53, 1.992, 389.4
20.54, 1.991, 389.6
20.55, 1.990, 389.1
20.56, 1.989, 390.2
20.57, 1.988, 391.2
20.58, 1.987, 392.3
20.59, 1.986, 391.2
20.60, 1.985, 391.8
20.61, 1.984, 393.2
20.62, 1.983, 393.3
20.63, 1.982, 392.7
20.64, 1.981, 395.0
20.65, 1.980, 392.3
20.66, 1.979, 391.0
20.67, 1.978, 390.5
20.68, 1.977, 389.9
20.69, 1.976, 389.9
20.70, 1.975, 388.4
20.71, 1.974, 388.2
20.72, 1.973, 386.8
20.73, 1.972, 386.0
20.74, 1.971, 386.6
20.75, 1.970, 383.8
20.76, 1.969, 385.8
20.77, 1.968, 384.3
20.78, 1.967, 382.8
20.79, 1.966, 381.7
20.80, 1.965, 380.5
20.81, 1.964, 379.0
20.82, 1.963, 378.2
20.83, 1.962, 378.7
20.84, 1.961, 375.1
20.85, 1.960, 376.0
20.86, 1.959, 375.7
20.87, 1.958, 374.0
20.88, 1.957, 374.5
20.89, 1.956, 372.7
20.90, 1.955, 371.1
20.91, 1.954, 369.8
20.92, 1.953, 369.1
20.93, 1.952, 367.7
20.94, 1.951, 366.8
20.95, 1.950, 364.9
20.96, 1.949, 364.9
20.97, 1.948, 362.5
20.98, 1.947, 361.5
20.99, 1.946, 362.1
21.00, 1.945, 360.2
21.01, 1.944, 358.4
21.02, 1.943, 357.5
21.03, 1.942, 356.3
21.04, 1.941, 358.2
21.05, 1.940, 356.4
21.06, 1.939, 355.1
21.07, 1.938, 354.0
21.08, 1.937, 353.5
21.09, 1.936, 352.3
21.10, 1.935, 350.9
21.11, 1.934, 349.9
21.12, 1.933, 349.6
21.13, 1.932, 348.1
21.14, 1.931, 347.4
21.15, 1.930, 346.8
21.16, 1.929, 346.7
21.17, 1.928, 345.6
21.18, 1.927, 343.7
21.19, 1.926, 343.2
21.20, 1.925, 342.1
21.21, 1.924, 341.0
21.22, 1.923, 340.0
21.23, 1.922, 340.5
21.24, 1.921, 338.3
21.25, 1.920, 338.1
21.26, 1.919, 336.9
21.27, 1.918, 335.9
21.28, 1.917, 333.0
21.29, 1.916, 334.6
21.30, 1.915, 331.5
21.31, 1.914, 332.0
21.32, 1.913, 328.6
21.33, 1.912, 328.2
21.34, 1.911, 328.0
21.35, 1.910, 325.7
21.36, 1.909, 324.3
21.37, 1.908, 323.2
21.38, 1.907, 323.7
21.39, 1.906, 323.3
21.40, 1.905, 320.5
21.41, 1.904, 319.5
21.42, 1.903, 319.1
21.43, 1.902, 318.3
21.44, 1.901, 318.1
21.45, 1.900, 316.1
21.46, 1.899, 313.1
21.47, 1.898, 314.8
21.48, 1.897, 314.3
21.49, 1.896, 311.2
21.50, 1.895, 312.3
21.51, 1.894, 310.2
21.52, 1.893, 308.8
21.53, 1.892, 307.3
21.54, 1.891, 307.8
21.55, 1.890, 308.4
21.56, 1.889, 305.6
21.57, 1.888, 304.8
21.58, 1.887, 304.5
21.59, 1.886, 303.1
21.60, 1.885, 302.1
21.61, 1.884, 300.4
21.62, 1.883, 299.7
21.63, 1.882, 299.3
21.64, 1.881, 298.7
21.65, 1.880, 297.0
21.66, 1.879, 294.6
21.67, 1.878, 294.5
21.68, 1.877, 293.7
21.69, 1.876, 290.6
21.70, 1.875, 293.1
21.71, 1.874, 293.3
21.72, 1.873, 290.0
21.73, 1.872, 289.4
21.74, 1.871, 288.9
21.75, 1.870, 288.0
21.76, 1.869, 286.7
21.77, 1.868, 284.2
21.78, 1.867, 285.2
21.79, 1.866, 282.9
21.80, 1.865, 280.2
21.81, 1.864, 281.3
21.82, 1.863, 279.8
21.83, 1.862, 278.2
21.84, 1.861, 277.3
21.85, 1.860, 276.8
21.86, 1.859, 275.5
21.87, 1.858, 273.2
21.88, 1.857, 273.7
21.89, 1.856, 273.4
21.90, 1.855, 271.7
21.91, 1.854, 271.5
21.92, 1.853, 270.4
21.93, 1.852, 269.6
21.94, 1.851, 269.3
21.95, 1.850, 267.5
21.96, 1.849, 267.3
21.97, 1.848, 265.5
21.98, 1.847, 263.9
21.99, 1.846, 262.9
22.00, 1.845, 261.2
22.01, 1.844, 260.2
22.02, 1.843, 260.9
22.03, 1.842, 259.0
22.04, 1.841, 258.0
22.05, 1.840, 256.6
22.06, 1.839, 255.1
22.07, 1.838, 256.4
22.08, 1.837, 254.2
22.09, 1.836, 253.4
22.10, 1.835, 252.3
22.11, 1.834, 251.5
22.12, 1.833, 250.1
22.13, 1.832, 249.2
22.14, 1.831, 248.5
22.15, 1.830, 247.9
22.16, 1.829, 246.4
22.17, 1.828, 246.7
22.18, 1.827, 243.5
22.19, 1.826, 242.2
22.20, 1.825, 240.8
22.21, 1.824, 241.1
22.22, 1.823, 239.5
22.23, 1.822, 239.2
22.24, 1.821, 237.4
22.25, 1.820, 235.6
22.26, 1.819, 234.5
22.27, 1.818, 233.6
22.28, 1.817, 235.3
22.29, 1.816, 234.2
22.30, 1.815, 231.4
22.31, 1.814, 231.0
22.32, 1.813, 229.2
22.33, 1.812, 229.7
22.34, 1.811, 229.4
22.35, 1.810, 225.9
22.36, 1.809, 227.5
22.37, 1.808, 226.5
22.38, 1.807, 224.4
22.39, 1.806, 224.8
22.40, 1.805, 223.8
22.41, 1.804, 224.4
22.42, 1.803, 223.1
22.43, 1.802, 221.7
22.44, 1.801, 220.3
22.45, 1.800, 220.1
22.46, 1.799, 216.9
22.47, 1.798, 218.4
22.48, 1.797, 218.1
22.49, 1.796, 216.9
22.50, 1.795, 214.7
22.51, 1.794, 214.4
22.52, 1.793, 211.3
22.53, 1.792, 212.4
22.54, 1.791, 209.2
22.55, 1.790, 209.2
22.56, 1.789, 210.0
22.57, 1.788, 207.7
22.58, 1.787, 207.3
22.59, 1.786, 205.5
22.60, 1.785, 204.5
22.61, 1.784, 204.9
22.62, 1.783, 202.5
22.63, 1.782, 202.3
22.64, 1.781, 200.2
22.65, 1.780, 199.8
22.66, 1.779, 199.0
22.67, 1.778, 199.0
22.68, 1.777, 198.6
22.69, 1.776, 197.4
22.70, 1.775, 198.2
22.71, 1.774, 195.3
22.72, 1.773, 194.0
22.73, 1.772, 193.7
22.74, 1.771, 193.0
22.75, 1.770, 192.9
22.76, 1.769, 190.9
22.77, 1.768, 190.6
22.78, 1.767, 188.2
22.79, 1.766, 188.5
22.80, 1.765, 187.7
22.81, 1.764, 187.1
22.82, 1.763, 185.6
22.83, 1.762, 185.0
22.84, 1.761, 183.8
22.85, 1.760, 182.1
22.86, 1.759, 180.6
22.87, 1.758, 179.8
22.88, 1.757, 179.1
22.89, 1.756, 179.0
22.90, 1.755, 177.2
22.91, 1.754, 178.2
22.92, 1.753, 176.9
22.93, 1.752, 176.3
22.94, 1.751, 176.3
22.95, 1.750, 174.0
22.96, 1.749, 174.7
22.97, 1.748, 173.7
22.98, 1.747, 173.6
22.99, 1.746, 174.0
23.00, 1.745, 171.3
23.01, 1.744, 171.7
23.02, 1.743, 170.1
23.03, 1.742, 167.2
23.04, 1.741, 167.7
23.05, 1.740, 165.8
23.06, 1.739, 165.0
23.07, 1.738, 163.7
23.08, 1.737, 165.3
23.09, 1.736, 161.9
23.10, 1.735, 162.7
23.11, 1.734, 158.9
23.12, 1.733, 159.7
23.13, 1.732, 158.7
23.14, 1.731, 157.6
23.15, 1.730, 157.7
23.16, 1.729, 157.4
23.17, 1.728, 155.1
23.18, 1.727, 155.0
23.19, 1.726, 154.9
23.20, 1.725, 154.9
23.21, 1.724, 151.4
23.22, 1.723, 152.2
23.23, 1.722, 152.3
23.24, 1.721, 149.4
23.25, 1.720, 150.5
23.26, 1.719, 149.0
23.27, 1.718, 148.9
23.28, 1.717, 148.6
23.29, 1.716, 148.3
23.30, 1.715, 147.8
23.31, 1.714, 146.4
23.32, 1.713, 144.8
23.33, 1.712, 143.9
23.34, 1.711, 142.7
23.35, 1.710, 142.3
23.36, 1.709, 142.8
23.37, 1.708, 140.6
23.38, 1.707, 140.7
23.39, 1.706, 140.2
23.40, 1.705, 137.2
23.41, 1.704, 137.7
23.42, 1.703, 135.8
23.43, 1.702, 132.7
23.44, 1.701, 134.2
23.45, 1.700, 133.7
23.46, 1.699, 132.5
23.47, 1.698, 132.6
23.48, 1.697, 128.9
23.49, 1.696, 129.5
23.50, 1.695, 130.2
23.51, 1.694, 129.1
23.52, 1.693, 126.8
23.53, 1.692, 127.1
23.54, 1.691, 126.4
23.55, 1.690, 125.8
23.56, 1.689, 124.6
23.57, 1.688, 125.9
23.58, 1.687, 126.3
23.59, 1.686, 124.7
23.60, 1.685, 122.6
23.61, 1.684, 123.0
23.62, 1.683, 122.0
23.63, 1.682, 120.2
23.64, 1.681, 121.3
23.65, 1.680, 120.3
23.66, 1.679, 118.8
23.67, 1.678, 116.7
23.68, 1.677, 117.8
23.69, 1.676, 115.6
23.70, 1.675, 115.3
23.71, 1.674, 115.7
23.72, 1.673, 113.0
23.73, 1.672, 113.6
23.74, 1.671, 111.8
23.75, 1.670, 113.4
23.76, 1.669, 111.7
23.77, 1.668, 110.5
23.78, 1.667, 111.7
23.79, 1.666, 109.2
23.80, 1.665, 107.3
23.81, 1.664, 107.0
23.82, 1.663, 106.1
23.83, 1.662, 105.2
23.84, 1.661, 105.8
23.85, 1.660, 103.7
23.86, 1.659, 103.2
23.87, 1.658, 104.3
23.88, 1.657, 103.0
23.89, 1.656, 101.9
23.90, 1.655, 102.2
23.91, 1.654, 101.3
23.92, 1.653, 99.57
23.93, 1.652, 100.4
23.94, 1.651, 98.20
23.95, 1.650, 97.75
23.96, 1.649, 95.85
23.97, 1.648, 95.79
23.98, 1.647, 96.14
23.99, 1.646, 95.62
24.00, 1.645, 95.80
24.01, 1.644, 96.01
24.02, 1.643, 93.39
24.03, 1.642, 92.75
24.04, 1.641, 94.22
24.05, 1.640, 92.18
24.06, 1.639, 90.53
24.07, 1.638, 90.90
24.08, 1.637, 91.17
24.09, 1.636, 91.20
24.10, 1.635, 90.32
24.11, 1.634, 90.15
24.12, 1.633, 88.92
24.13, 1.632, 88.13
24.14, 1.631, 87.91
24.15, 1.630, 86.34
24.16, 1.629, 86.00
24.17, 1.628, 86.27
24.18, 1.627, 85.09
24.19, 1.626, 84.49
24.20, 1.625, 85.51
24.21, 1.624, 85.16
24.22, 1.623, 86.57
24.23, 1.622, 85.17
24.24, 1.621, 84.52
24.25, 1.620, 84.39
24.26, 1.619, 82.94
24.27, 1.618, 81.73
24.28, 1.617, 81.58
24.29, 1.616, 80.58
24.30, 1.615, 77.47
24.31, 1.614, 79.31
24.32, 1.613, 77.35
24.33, 1.612, 77.74
24.34, 1.611, 76.13
24.35, 1.610, 76.70
24.36, 1.609, 73.84
24.37, 1.608, 75.93
24.38, 1.607, 74.79
24.39, 1.606, 73.50
24.40, 1.605, 73.44
24.41, 1.604, 74.47
24.42, 1.603, 72.29
24.43, 1.602, 72.53
24.44, 1.601, 71.81
24.45, 1.600, 73.21
24.46, 1.599, 70.18
24.47, 1.598, 69.67
24.48, 1.597, 71.01
24.49, 1.596, 68.92
24.50, 1.595, 69.12
24.51, 1.594, 67.41
24.52, 1.593, 68.61
24.53, 1.592, 68.78
24.54, 1.591, 66.34
24.55, 1.590, 67.77
24.56, 1.589, 68.24
24.57, 1.588, 67.01
24.58, 1.587, 67.00
24.59, 1.586, 65.42
24.60, 1.585, 65.19
24.61, 1.584, 64.12
24.62, 1.583, 64.97
24.63, 1.582, 63.08
24.64, 1.581, 63.86
24.65, 1.580, 62.51
24.66, 1.579, 61.37
24.67, 1.578, 62.39
24.68, 1.577, 61.55
24.69, 1.576, 60.47
24.70, 1.575, 60.83
24.71, 1.574, 59.68
24.72, 1.573, 59.36
24.73, 1.572, 58.47
24.74, 1.571, 58.51
24.75, 1.570, 56.40
24.76, 1.569, 58.95
24.77, 1.568, 57.90
24.78, 1.567, 56.30
24.79, 1.566, 56.67
24.80, 1.565, 56.31
24.81, 1.564, 55.54
24.82, 1.563, 57.36
24.83, 1.562, 55.66
24.84, 1.561, 54.46
24.85, 1.560, 54.16
24.86, 1.559, 53.88
24.87, 1.558, 53.76
24.88, 1.557, 53.45
24.89, 1.556, 52.09
24.90, 1.555, 52.95
24.91, 1.554, 53.87
24.92, 1.553, 53.48
24.93, 1.552, 50.97
24.94, 1.551, 53.08
24.95, 1.550, 52.47
24.96, 1.549, 50.45
24.97, 1.548, 50.25
24.98, 1.547, 49.88
24.99, 1.546, 48.83
25.00, 1.545, 49.81
25.01, 1.544, 48.06
25.02, 1.543, 49.12
25.03, 1.542, 50.10
25.04, 1.541, 48.71
25.05, 1.540, 47.26
25.06, 1.539, 47.38
25.07, 1.538, 49.05
25.08, 1.537, 47.27
25.09, 1.536, 47.66
25.10, 1.535, 47.09
25.11, 1.534, 45.26
25.12, 1.533, 45.26
25.13, 1.532, 45.85
25.14, 1.531, 44.67
25.15, 1.530, 43.80
25.16, 1.529, 42.15
25.17, 1.528, 44.09
25.18, 1.527, 43.05
25.19, 1.526, 42.30
25.20, 1.525, 41.64
25.21, 1.524, 41.69
25.22, 1.523, 41.78
25.23, 1.522, 40.83
25.24, 1.521, 42.02
25.25, 1.520, 41.09
25.26, 1.519, 40.85
25.27, 1.518, 40.86
25.28, 1.517, 41.43
25.29, 1.516, 41.03
25.30, 1.515, 40.60
25.31, 1.514, 40.07
25.32, 1.513, 40.69
25.33, 1.512, 40.66
25.34, 1.511, 40.84
25.35, 1.510, 38.74
25.36, 1.509, 40.36
25.37, 1.508, 38.82
25.38, 1.507, 37.58
25.39, 1.506, 38.26
25.40, 1.505, 38.87
25.41, 1.504, 36.47
25.42, 1.503, 38.64
25.43, 1.502, 37.62
25.44, 1.501, 36.97
25.45, 1.500, 38.57
25.46, 1.499, 38.64
25.47, 1.498, 35.48
25.48, 1.497, 36.73
25.49, 1.496, 36.56
25.50, 1.495, 35.59
25.51, 1.494, 34.99
25.52, 1.493, 38.37
25.53, 1.492, 35.23
25.54, 1.491, 34.21
25.55, 1.490, 34.66
25.56, 1.489, 34.36
25.57, 1.488, 33.17
25.58, 1.487, 33.90
25.59, 1.486, 32.68
25.60, 1.485, 34.90
25.61, 1.484, 33.93
25.62, 1.483, 31.25
25.63, 1.482, 33.78
25.64, 1.481, 33.37
25.65, 1.480, 32.86
25.66, 1.479, 32.73
25.67, 1.478, 31.79
25.68, 1.477, 33.60
25.69, 1.476, 31.28
25.70, 1.475, 31.63
25.71, 1.474, 32.56
25.72, 1.473, 32.61
25.73, 1.472, 30.59
25.74, 1.471, 32.03
25.75, 1.470, 31.11
25.76, 1.469, 29.84
25.77, 1.468, 31.96
25.78, 1.467, 29.94
25.79, 1.466, 29.76
25.80, 1.465, 29.68
25.81, 1.464, 30.28
25.82, 1.463, 29.40
25.83, 1.462, 29.56
25.84, 1.461, 29.37
25.85, 1.460, 28.75
25.86, 1.459, 28.66
25.87, 1.458, 28.55
25.88, 1.457, 29.41
25.89, 1.456, 28.41
25.90, 1.455, 27.76
25.91, 1.454, 28.09
25.92, 1.453, 28.74
25.93, 1.452, 28.54
25.94, 1.451, 27.34
25.95, 1.450, 27.51
25.96, 1.449, 26.10
25.97, 1.448, 26.89
25.98, 1.447, 26.39
25.99, 1.446, 25.01
26.00, 1.445, 25.55
26.01, 1.444, 25.01
26.02, 1.443, 23.32
26.03, 1.442, 25.33
26.04, 1.441, 24.59
26.05, 1.440, 23.48
26.06, 1.439, 25.57
26.07, 1.438, 25.77
26.08, 1.437, 25.15
26.09, 1.436, 25.09
26.10, 1.435, 24.88
26.11, 1.434, 25.66
26.12, 1.433, 25.46
26.13, 1.432, 24.98
26.14, 1.431, 23.21
26.15, 1.430, 25.86
26.16, 1.429, 23.91
26.17, 1.428, 25.54
26.18, 1.427, 24.96
26.19, 1.426, 23.46
26.20, 1.425, 24.81
26.21, 1.424, 23.58
26.22, 1.423, 24.15
26.23, 1.422, 24.41
26.24, 1.421, 22.56
26.25, 1.420, 23.22
26.26, 1.419, 24.93
26.27, 1.418, 22.24
26.28, 1.417, 22.73
26.29, 1.416, 22.88
26.30, 1.415, 23.72
26.31, 1.414, 23.64
26.32, 1.413, 22.98
26.33, 1.412, 21.60
26.34, 1.411, 21.89
26.35, 1.410, 22.67
26.36, 1.409, 23.10
26.37, 1.408, 23.28
26.38, 1.407, 22.43
26.39, 1.406, 19.04
26.40, 1.405, 19.09
26.41, 1.404, 19.88
26.42, 1.403, 20.91
26.43, 1.402, 18.67
26.44, 1.401, 19.59
26.45, 1.400, 19.79
26.46, 1.399, 20.13
26.47, 1.398, 20.32
26.48, 1.397, 20.05
26.49, 1.396, 18.57
26.50, 1.395, 19.00
26.51, 1.394, 18.25
26.52, 1.393, 18.04
26.53, 1.392, 20.43
26.54, 1.391, 20.25
26.55, 1.390, 17.57
26.56, 1.389, 18.72
26.57, 1.388, 17.32
26.58, 1.387, 17.20
26.59, 1.386, 18.01
26.60, 1.385, 19.12
26.61, 1.384, 18.15
26.62, 1.383, 18.60
26.63, 1.382, 19.28
26.64, 1.381, 18.26
26.65, 1.380, 19.41
26.66, 1.379, 16.92
26.67, 1.378, 18.59
26.68, 1.377, 19.06
26.69, 1.376, 17.98
26.70, 1.375, 21.04
26.71, 1.374, 18.40
26.72, 1.373, 18.49
26.73, 1.372, 17.67
26.74, 1.371, 17.10
26.75, 1.370, 17.98
26.76, 1.369, 19.23
26.77, 1.368, 17.31
26.78, 1.367, 17.22
26.79, 1.366, 19.16
26.80, 1.365, 17.10
26.81, 1.364, 16.42
26.82, 1.363, 18.14
26.83, 1.362, 16.73
26.84, 1.361, 17.25
26.85, 1.360, 18.08
26.86, 1.359, 17.02
26.87, 1.358, 15.61
26.88, 1.357, 17.00
26.89, 1.356, 16.30
26.90, 1.355, 16.52
26.91, 1.354, 16.01
26.92, 1.353, 14.99
26.93, 1.352, 16.87
26.94, 1.351, 16.05
26.95, 1.350, 16.43
26.96, 1.349, 15.61
26.97, 1.348, 16.35
26.98, 1.347, 16.75
26.99, 1.346, 14.87
27.00, 1.345, 15.56
27.01, 1.344, 16.85
27.02, 1.343, 15.56
27.03, 1.342, 16.35
27.04, 1.341, 17.00
27.05, 1.340, 14.54
27.06, 1.339, 15.83
27.07, 1.338, 14.17
27.08, 1.337, 15.33
27.09, 1.336, 12.93
27.10, 1.335, 14.52
27.11, 1.334, 14.96
27.12, 1.333, 12.79
27.13, 1.332, 14.90
27.14, 1.331, 15.25
27.15, 1.330, 15.46
27.16, 1.329, 15.28
27.17, 1.328, 14.05
27.18, 1.327, 15.91
27.19, 1.326, 14.03
27.20, 1.325, 12.90
27.21, 1.324, 13.56
27.22, 1.323, 14.60
27.23, 1.322, 14.63
27.24, 1.321, 12.25
27.25, 1.320, 13.38
27.26, 1.319, 14.20
27.27, 1.318, 12.38
27.28, 1.317, 14.59
27.29, 1.316, 12.70
27.30, 1.315, 13.42
27.31, 1.314, 13.87
27.32, 1.313, 15.66
27.33, 1.312, 14.11
27.34, 1.311, 13.29
27.35, 1.310, 13.61
27.36, 1.309, 13.69
27.37, 1.308, 12.19
27.38, 1.307, 12.43
27.39, 1.306, 11.81
27.40, 1.305, 13.87
27.41, 1.304, 12.89
27.42, 1.303, 13.01
27.43, 1.302, 13.80
27.44, 1.301, 12.08
27.45, 1.300, 12.95
27.46, 1.299, 12.92
27.47, 1.298, 12.57
27.48, 1.297, 12.83
27.49, 1.296, 12.64
27.50, 1.295, 12.89
27.51, 1.294, 13.84
27.52, 1.293, 11.38
27.53, 1.292, 12.14
27.54, 1.291, 12.81
27.55, 1.290, 10.86
27.56, 1.289, 11.57
27.57, 1.288, 11.15
27.58, 1.287, 11.53
27.59, 1.286, 13.68
27.60, 1.285, 12.25
27.61, 1.284, 12.91
27.62, 1.283, 12.61
27.63, 1.282, 11.59
27.64, 1.281, 11.86
27.65, 1.280, 10.79
27.66, 1.279, 11.04
27.67, 1.278, 11.58
27.68, 1.277, 9.212
27.69, 1.276, 12.70
27.70, 1.275, 10.43
27.71, 1.274, 12.33
27.72, 1.273, 11.19
27.73, 1.272, 10.42
27.74, 1.271, 11.28
27.75, 1.270, 9.213
27.76, 1.269, 9.634
27.77, 1.268, 9.844
27.78, 1.267, 9.916
27.79, 1.266, 11.04
27.80, 1.265, 12.30
27.81, 1.264, 9.407
27.82, 1.263, 10.99
27.83, 1.262, 10.20
27.84, 1.261, 8.144
27.85, 1.260, 10.02
27.86, 1.259, 10.57
27.87, 1.258, 10.37
27.88, 1.257, 11.32
27.89, 1.256, 8.937
27.90, 1.255, 11.26
27.91, 1.254, 11.51
27.92, 1.253, 11.19
27.93, 1.252, 9.811
27.94, 1.251, 10.12
27.95, 1.250, 11.01
27.96, 1.249, 10.03
27.97, 1.248, 10.20
27.98, 1.247, 9.497
27.99, 1.246, 10.86
28.00, 1.245, 10.06
28.01, 1.244, 10.83
28.02, 1.243, 10.38
28.03, 1.242, 11.64
28.04, 1.241, 9.430
28.05, 1.240, 9.538
28.06, 1.239, 8.649
28.07, 1.238, 8.753
28.08, 1.237, 9.636
28.09, 1.236, 8.265
28.10, 1.235, 7.658
28.11, 1.234, 8.019
28.12, 1.233, 9.101
28.13, 1.232, 8.422
28.14, 1.231, 8.261
28.15, 1.230, 8.700
28.16, 1.229, 7.562
28.17, 1.228, 7.613
28.18, 1.227, 7.699
28.19, 1.226, 8.071
28.20, 1.225, 8.738
28.21, 1.224, 7.798
28.22, 1.223, 7.339
28.23, 1.222, 8.418
28.24, 1.221, 7.202
28.25, 1.220, 7.798
28.26, 1.219, 8.760
28.27, 1.218, 8.170
28.28, 1.217, 8.347
28.29, 1.216, 7.170
28.30, 1.215, 7.695
28.31, 1.214, 7.577
28.32, 1.213, 7.274
28.33, 1.212, 8.010
28.34, 1.211, 8.033
28.35, 1.210, 8.182
28.36, 1.209, 9.089
28.37, 1.208, 8.009
28.38, 1.207, 8.811
28.39, 1.206, 5.988
28.40, 1.205, 8.136
28.41, 1.204, 7.129
28.42, 1.203, 7.024
28.43, 1.202, 7.589
28.44, 1.201, 8.781
28.45, 1.200, 8.191
28.46, 1.199, 7.161
28.47, 1.198, 7.864
28.48, 1.197, 7.480
28.49, 1.196, 5.045
28.50, 1.195, 5.412
28.51, 1.194, 7.218
28.52, 1.193, 4.473
28.53, 1.192, 7.477
28.54, 1.191, 4.774
28.55, 1.190, 6.173
28.56, 1.189, 4.694
28.57, 1.188, 6.042
28.58, 1.187, 6.743
28.59, 1.186, 4.508
28.60, 1.185, 5.960
28.61, 1.184, 5.815
28.62, 1.183, 6.192
28.63, 1.182, 5.448
28.64, 1.181, 5.703
28.65, 1.180, 5.952
28.66, 1.179, 5.966
28.67, 1.178, 6.142
28.68, 1.177, 5.196
28.69, 1.176, 5.760
28.70, 1.175, 4.741
28.71, 1.174, 5.341
28.72, 1.173, 6.743
28.73, 1.172, 5.681
28.74, 1.171, 6.077
28.75, 1.170, 5.355
28.76, 1.169, 3.733
28.77, 1.168, 5.714
28.78, 1.167, 6.018
28.79, 1.166, 6.620
28.80, 1.165, 4.337
28.81, 1.164, 7.845
28.82, 1.163, 5.349
28.83, 1.162, 5.396
28.84, 1.161, 5.227
28.85, 1.160, 6.337
28.86, 1.159, 5.171
28.87, 1.158, 6.586
28.88, 1.157, 4.922
28.89, 1.156, 5.515
28.90, 1.155, 5.346
28.91, 1.154, 4.486
28.92, 1.153, 3.718
28.93, 1.152, 4.097
28.94, 1.151, 4.015
28.95, 1.150, 3.527
28.96, 1.149, 2.000
28.97, 1.148, 3.311
28.98, 1.147, 4.096
28.99, 1.146, 3.552
29.00, 1.145, 4.802
29.01, 1.144, 3.469
29.02, 1.143, 3.009
29.03, 1.142, 3.624
29.04, 1.141, 4.353
29.05, 1.140, 2.785
29.06, 1.139, 2.811
29.07, 1.138, 2.609
29.08, 1.137, 2.879
29.09, 1.136, 3.355
29.10, 1.135, 3.051
29.11, 1.134, 2.742
29.12, 1.133, 3.953
29.13, 1.132, 4.962
29.14, 1.131, 3.067
29.15, 1.130, 3.572
29.16, 1.129, 5.405
29.17, 1.128, 2.580
29.18, 1.127, 4.482
29.19, 1.126, 3.251
29.20, 1.125, 3.192
29.21, 1.124, 3.183
29.22, 1.123, 3.954
29.23, 1.122, 2.820
29.24, 1.121, 3.091
29.25, 1.120, 4.025
29.26, 1.119, 2.935
29.27, 1.118, 3.029
29.28, 1.117, 4.672
29.29, 1.116, 2.830
29.30, 1.115, 4.211
29.31, 1.114, 3.475
29.32, 1.113, 2.981
29.33, 1.112, 2.703
29.34, 1.111, 3.184
29.35, 1.110, 3.249
29.36, 1.109, 2.910
29.37, 1.108, 2.373
29.38, 1.107, 2.416
29.39, 1.106, 4.049
29.40, 1.105, 3.549
29.41, 1.104, 3.329
29.42, 1.103, 3.932
29.43, 1.102, 3.428
29.44, 1.101, 1.531
29.45, 1.100, 2.063
29.46, 1.099, 2.120
29.47, 1.098, 3.427
29.48, 1.097, 2.715
29.49, 1.096, 1.827
29.50, 1.095, 2.912
29.51, 1.094, 2.914
29.52, 1.093, 2.683
29.53, 1.092, 3.508
29.54, 1.091, 3.164
29.55, 1.090, 1.980
29.56, 1.089, 3.503
29.57, 1.088, 3.957
29.58, 1.087, 1.880
29.59, 1.086, 1.544
29.60, 1.085, 2.856
29.61, 1.084, 2.306
29.62, 1.083, 1.343
29.63, 1.082, 2.476
29.64, 1.081, 2.647
29.65, 1.080, 1.679
29.66, 1.079, 3.497
29.67, 1.078, 2.705
29.68, 1.077, 1.955
29.69, 1.076, 1.658
29.70, 1.075, 3.906
29.71, 1.074, 2.409
29.72, 1.073, 0.8591
29.73, 1.072, 2.065
29.74, 1.071, 0.8607
29.75, 1.070, 1.683
29.76, 1.069, 1.225
29.77, 1.068, 1.708
29.78, 1.067, 0.7046
29.79, 1.066, 0.3300
29.80, 1.065, -1.696
29.81, 1.064, 2.029
29.82, 1.063, 0.8974
29.83, 1.062, -0.5743
29.84, 1.061, 1.544
29.85, 1.060, 0.9727
29.86, 1.059, 1.880
29.87, 1.058, -0.1939
29.88, 1.057, 0.4059
29.89, 1.056, -0.7531
29.90, 1.055, 0.9718
29.91, 1.054, 1.316
29.92, 1.053, 0.8647
29.93, 1.052, 0.2219
29.94, 1.051, 0.5976
29.95, 1.050, -0.8022
29.96, 1.049, 1.902
29.97, 1.048, 1.058
29.98, 1.047, 0.7565
29.99, 1.046, 0.3518
30.00, 1.045, 1.284
30.01, 1.044, -1.043
30.02, 1.043, 0.9601
30.03, 1.042, 0.4433
30.04, 1.041, 1.970
30.05, 1.040, 1.577
30.06, 1.039, 1.415
30.07, 1.038, 2.414
30.08, 1.037, 2.147
30.09, 1.036, 1.091
30.10, 1.035, 1.435
30.11, 1.034, 2.269
30.12, 1.033, 0.9461
30.13, 1.032, -0.2949
30.14, 1.031, 1.242
30.15, 1.030, 1.226
30.16, 1.029, -0.3401
30.17, 1.028, 0.8086
30.18, 1.027, -0.3885
30.19, 1.026, 0.5322
30.20, 1.025, -0.09947
30.21, 1.024, 0.09982
30.22, 1.023, -1.264
30.23, 1.022, -0.2533
30.24, 1.021, 0.3580
30.25, 1.020, -1.369
30.26, 1.019, -2.161
30.27, 1.018, -0.06477
30.28, 1.017, -0.7719
30.29, 1.016, 0.5246
30.30, 1.015, -0.8910
30.31, 1.014, 0.8756
30.32, 1.013, -0.1134
30.33, 1.012, -0.4930
30.34, 1.011, 1.499
30.35, 1.010, 0.4927
30.36, 1.009, 1.241
30.37, 1.008, 0.1141
30.38, 1.007, -0.3624
30.39, 1.006, -0.7859
30.40, 1.005, -0.8146
30.41, 1.004, -2.111
30.42, 1.003, 0.07695
30.43, 1.002, 0.9183
30.44, 1.001, -0.003952
30.45, 1.000, 1.376
30.46, 0.9990, 0.9318
30.47, 0.9980, 1.104
30.48, 0.9970, 1.148
30.49, 0.9960, 1.716
30.50, 0.9950, -0.5712
30.51, 0.9940, -2.239
30.52, 0.9930, 0.5110
30.53, 0.9920, 0.5843
30.54, 0.9910, -0.1376
30.55, 0.9900, -0.4788
30.56, 0.9890, 0.1987
30.57, 0.9880, -0.5796
30.58, 0.9870, -1.475
30.59, 0.9860, -1.222
30.60, 0.9850, -1.725
30.61, 0.9840, 0.5924
30.62, 0.9830, -1.768
30.63, 0.9820, -3.371
30.64, 0.9810, -0.2312
30.65, 0.9800, -0.7484
30.66, 0.9790, -1.421
30.67, 0.9780, -0.5524
30.68, 0.9770, -1.112
30.69, 0.9760, -3.115
30.70, 0.9750, -3.135
30.71, 0.9740, -0.08272
30.72, 0.9730, -1.255
30.73, 0.9720, 0.5077
30.74, 0.9710, 0.3114
30.75, 0.9700, -0.6200
30.76, 0.9690, -1.305
30.77, 0.9680, -1.246
30.78, 0.9670, -1.976
30.79, 0.9660, 0.2984
30.80, 0.9650, -3.586
30.81, 0.9640, -0.6176
30.82, 0.9630, -1.549
30.83, 0.9620, -1.447
30.84, 0.9610, 0.02995
30.85, 0.9600, -0.9204
30.86, 0.9590, 0.3068
30.87, 0.9580, -0.7935
30.88, 0.9570, -1.134
30.89, 0.9560, -0.2740
30.90, 0.9550, 0.03625
30.91, 0.9540, -2.845
30.92, 0.9530, -2.357
30.93, 0.9520, 1.202
30.94, 0.9510, -2.736
30.95, 0.9500, 0.8383
30.96, 0.9490, -1.892
30.97, 0.9480, 0.01211
30.98, 0.9470, -0.06429
30.99, 0.9460, -0.6235
31.00, 0.9450, -2.086
31.01, 0.9440, -0.1799
31.02, 0.9430, -1.765
31.03, 0.9420, -2.307
31.04, 0.9410, -1.770
31.05, 0.9400, -2.700
31.06, 0.9390, -2.521
31.07, 0.9380, 0.8172
31.08, 0.9370, -1.270
31.09, 0.9360, -3.110
31.10, 0.9350, 0.4922
31.11, 0.9340, -0.8250
31.12, 0.9330, -0.8169
31.13, 0.9320, -0.1218
31.14, 0.9310, -1.882
31.15, 0.9300, -1.001
31.16, 0.9290, -0.04049
31.17, 0.9280, -2.620
31.18, 0.9270, -0.7428
31.19, 0.9260, -2.312
31.20, 0.9250, -0.5088
31.21, 0.9240, -2.766
31.22, 0.9230, -1.557
31.23, 0.9220, -2.211
31.24, 0.9210, -1.870
31.25, 0.9200, -1.137
31.26, 0.9190, -2.332
31.27, 0.9180, -3.539
31.28, 0.9170, -1.342
31.29, 0.9160, -2.754
31.30, 0.9150, -2.221
31.31, 0.9140, -0.7416
31.32, 0.9130, -1.702
31.33, 0.9120, 0.7922
31.34, 0.9110, 0.7849
31.35, 0.9100, -0.5016
31.36, 0.9090, -1.950
31.37, 0.9080, -0.09581
31.38, 0.9070, -1.617
31.39, 0.9060, -0.1084
31.40, 0.9050, -0.8804
31.41, 0.9040, -1.686
31.42, 0.9030, -2.425
31.43, 0.9020, -0.2687
31.44, 0.9010, -1.605
31.45, 0.9000, -2.413
31.46, 0.8990, -2.595
31.47, 0.8980, -3.151
31.48, 0.8970, -1.455
31.49, 0.8960, -2.658
31.50, 0.8950, -1.844
31.51, 0.8940, -3.059
31.52, 0.8930, -1.957
31.53, 0.8920, -2.196
31.54, 0.8910, -1.368
31.55, 0.8900, -4.034
31.56, 0.8890, -1.536
31.57, 0.8880, -2.085
31.58, 0.8870, -1.554
31.59, 0.8860, -1.293
31.60, 0.8850, -1.940
31.61, 0.8840, -1.470
31.62, 0.8830, -1.735
31.63, 0.8820, -3.611
31.64, 0.8810, -2.110
31.65, 0.8800, -1.912
31.66, 0.8790, -2.190
31.67, 0.8780, -2.638
31.68, 0.8770, -1.767
31.69, 0.8760, -2.658
31.70, 0.8750, -2.868
31.71, 0.8740, -1.772
31.72, 0.8730, -3.243
31.73, 0.8720, -1.541
31.74, 0.8710, -2.637
31.75, 0.8700, -0.8906
31.76, 0.8690, -2.350
31.77, 0.8680, -1.629
31.78, 0.8670, -3.040
31.79, 0.8660, -1.987
31.80, 0.8650, -2.669
31.81, 0.8640, -2.652
31.82, 0.8630, -2.629
31.83, 0.8620, -0.5296
31.84, 0.8610, -1.897
31.85, 0.8600, -2.539
31.86, 0.8590, -3.106
31.87, 0.8580, -2.377
31.88, 0.8570, -3.192
31.89, 0.8560, -3.453
31.90, 0.8550, -2.046
31.91, 0.8540, -2.803
31.92, 0.8530, -2.121
31.93, 0.8520, -2.853
31.94, 0.8510, -2.629
31.95, 0.8500, -2.456
31.96, 0.8490, -3.341
31.97, 0.8480, -1.407
31.98, 0.8470, -1.455
31.99, 0.8460, -3.393
32.00, 0.8450, -2.892
32.01, 0.8440, -1.647
32.02, 0.8430, -3.029
32.03, 0.8420, -3.428
32.04, 0.8410, -1.334
32.05, 0.8400, -2.319
32.06, 0.8390, -1.600
32.07, 0.8380, -0.7922
32.08, 0.8370, -3.472
32.09, 0.8360, -2.432
32.10, 0.8350, -3.332
32.11, 0.8340, -2.716
32.12, 0.8330, -2.979
32.13, 0.8320, -1.067
32.14, 0.8310, -3.203
32.15, 0.8300, -2.626
32.16, 0.8290, -3.386
32.17, 0.8280, -2.552
32.18, 0.8270, -2.927
32.19, 0.8260, -2.339
32.20, 0.8250, -1.114
32.21, 0.8240, -1.895
32.22, 0.8230, -2.146
32.23, 0.8220, -1.519
32.24, 0.8210, -3.160
32.25, 0.8200, -3.743
32.26, 0.8190, -2.805
32.27, 0.8180, -3.562
32.28, 0.8170, -2.193
32.29, 0.8160, -3.086
32.30, 0.8150, -2.947
32.31, 0.8140, -3.359
32.32, 0.8130, -0.4907
32.33, 0.8120, -3.389
32.34, 0.8110, -2.675
32.35, 0.8100, -4.334
32.36, 0.8090, -2.662
32.37, 0.8080, -2.767
32.38, 0.8070, -2.030
32.39, 0.8060, -1.897
32.40, 0.8050, -2.361
32.41, 0.8040, -4.657
32.42, 0.8030, -2.706
32.43, 0.8020, -2.493
32.44, 0.8010, -2.068
32.45, 0.8000, -2.080
32.46, 0.7990, -2.412
32.47, 0.7980, -2.294
32.48, 0.7970, -3.053
32.49, 0.7960, -1.575
32.50, 0.7950, -1.178
32.51, 0.7940, -2.102
32.52, 0.7930, -2.392
32.53, 0.7920, -2.223
32.54, 0.7910, -3.479
32.55, 0.7900, -3.538
32.56, 0.7890, -1.827
32.57, 0.7880, -2.839
32.58, 0.7870, -3.987
32.59, 0.7860, -3.153
32.60, 0.7850, -2.226
32.61, 0.7840, -3.568
32.62, 0.7830, -2.795
32.63, 0.7820, -2.310
32.64, 0.7810, -1.179
32.65, 0.7800, -3.864
32.66, 0.7790, -0.4909
32.67, 0.7780, -0.3903
32.68, 0.7770, -1.483
32.69, 0.7760, -2.807
32.70, 0.7750, -3.647
32.71, 0.7740, -1.573
32.72, 0.7730, -2.135
32.73, 0.7720, -2.181
32.74, 0.7710, -2.672
32.75, 0.7700, -2.376
32.76, 0.7690, -2.153
32.77, 0.7680, -3.127
32.78, 0.7670, -4.302
32.79, 0.7660, -2.510
32.80, 0.7650, -4.057
32.81, 0.7640, -4.255
32.82, 0.7630, -3.771
32.83, 0.7620, -3.999
32.84, 0.7610, -5.111
32.85, 0.7600, -2.473
32.86, 0.7590, -3.106
32.87, 0.7580, -3.673
32.88, 0.7570, -2.283
32.89, 0.7560, -1.473
32.90, 0.7550, -1.985
32.91, 0.7540, -2.259
32.92, 0.7530, -2.675
32.93, 0.7520, -0.9853
32.94, 0.7510, -3.696
32.95, 0.7500, -1.843
32.96, 0.7490, -2.301
32.97, 0.7480, -2.022
32.98, 0.7470, -1.947
32.99, 0.7460, -2.382
33.00, 0.7450, -1.280
33.01, 0.7440, -3.016
33.02, 0.7430, -3.215
33.03, 0.7420, -3.270
33.04, 0.7410, -2.696
33.05, 0.7400, -3.212
33.06, 0.7390, -3.019
33.07, 0.7380, -3.973
33.08, 0.7370, -3.053
33.09, 0.7360, -2.723
33.10, 0.7350, -3.825
33.11, 0.7340, -3.225
33.12, 0.7330, -3.141
33.13, 0.7320, -4.339
33.14, 0.7310, -4.552
33.15, 0.7300, -4.531
33.16, 0.7290, -4.955
33.17, 0.7280, -3.931
33.18, 0.7270, -5.492
33.19, 0.7260, -4.441
33.20, 0.7250, -3.096
33.21, 0.7240, -3.594
33.22, 0.7230, -3.164
33.23, 0.7220, -3.538
33.24, 0.7210, -4.907
33.25, 0.7200, -3.994
33.26, 0.7190, -4.396
33.27, 0.7180, -3.283
33.28, 0.7170, -3.451
33.29, 0.7160, -1.889
33.30, 0.7150, -1.615
33.31, 0.7140, -2.681
33.32, 0.7130, -3.250
33.33, 0.7120, -3.957
33.34, 0.7110, -2.460
33.35, 0.7100, -2.963
33.36, 0.7090, -2.054
33.37, 0.7080, -3.124
33.38, 0.7070, -1.913
33.39, 0.7060, -3.714
33.40, 0.7050, -3.082
33.41, 0.7040, -3.957
33.42, 0.7030, -2.420
33.43, 0.7020, -3.573
33.44, 0.7010, -3.299
33.45, 0.7000, -3.293
33.46, 0.6990, -3.533
33.47, 0.6980, -5.245
33.48, 0.6970, -1.628
33.49, 0.6960, -1.205
33.50, 0.6950, -3.190
33.51, 0.6940, -3.056
33.52, 0.6930, -3.619
33.53, 0.6920, -4.388
33.54, 0.6910, -3.374
33.55, 0.6900, -4.072
33.56, 0.6890, -5.004
33.57, 0.6880, -2.429
33.58, 0.6870, -4.453
33.59, 0.6860, -5.031
33.60, 0.6850, -3.982
33.61, 0.6840, -3.530
33.62, 0.6830, -6.019
33.63, 0.6820, -2.661
33.64, 0.6810, -3.269
33.65, 0.6800, -3.274
33.66, 0.6790, -4.956
33.67, 0.6780, -4.004
33.68, 0.6770, -2.470
33.69, 0.6760, -3.336
33.70, 0.6750, -2.874
33.71, 0.6740, -3.301
33.72, 0.6730, -3.735
33.73, 0.6720, -4.500
33.74, 0.6710, -4.340
33.75, 0.6700, -4.514
33.76, 0.6690, -4.154
33.77, 0.6680, -4.091
33.78, 0.6670, -3.655
33.79, 0.6660, -3.255
33.80, 0.6650, -1.853
33.81, 0.6640, -3.982
33.82, 0.6630, -3.745
33.83, 0.6620, -2.886
33.84, 0.6610, -3.494
33.85, 0.6600, -2.868
33.86, 0.6590, -2.307
33.87, 0.6580, -3.624
33.88, 0.6570, -3.689
33.89, 0.6560, -3.627
33.90, 0.6550, -3.281
33.91, 0.6540, -3.222
33.92, 0.6530, -4.867
33.93, 0.6520, -2.854
33.94, 0.6510, -3.010
33.95, 0.6500, -2.518
33.96, 0.6490, -4.912
33.97, 0.6480, -4.057
33.98, 0.6470, -4.429
33.99, 0.6460, -4.261
34.00, 0.6450, -4.298
34.01, 0.6440, -5.520
34.02, 0.6430, -4.171
34.03, 0.6420, -4.062
34.04, 0.6410, -5.057
34.05, 0.6400, -5.341
34.06, 0.6390, -4.667
34.07, 0.6380, -5.051
34.08, 0.6370, -4.925
34.09, 0.6360, -4.987
34.10, 0.6350, -3.955
34.11, 0.6340, -5.645
34.12, 0.6330, -4.633
34.13, 0.6320, -3.831
34.14, 0.6310, -5.737
34.15, 0.6300, -2.204
34.16, 0.6290, -4.007
34.17, 0.6280, -5.423
34.18, 0.6270, -4.563
34.19, 0.6260, -4.850
34.20, 0.6250, -4.898
34.21, 0.6240, -4.631
34.22, 0.6230, -5.367
34.23, 0.6220, -3.307
34.24, 0.6210, -4.366
34.25, 0.6200, -4.683
34.26, 0.6190, -5.254
34.27, 0.6180, -4.722
34.28, 0.6170, -5.757
34.29, 0.6160, -3.652
34.30, 0.6150, -3.618
34.31, 0.6140, -3.788
34.32, 0.6130, -3.987
34.33, 0.6120, -4.254
34.34, 0.6110, -3.667
34.35, 0.6100, -3.921
34.36, 0.6090, -3.091
34.37, 0.6080, -5.240
34.38, 0.6070, -4.449
34.39, 0.6060, -4.495
34.40, 0.6050, -4.888
34.41, 0.6040, -5.270
34.42, 0.6030, -5.167
34.43, 0.6020, -3.810
34.44, 0.6010, -4.657
34.45, 0.6000, -5.640
34.46, 0.5990, -5.580
34.47, 0.5980, -5.238
34.48, 0.5970, -4.278
34.49, 0.5960, -4.568
34.50, 0.5950, -5.550
34.51, 0.5940, -4.530
34.52, 0.5930, -3.283
34.53, 0.5920, -3.177
34.54, 0.5910, -3.289
34.55, 0.5900, -3.210
34.56, 0.5890, -4.096
34.57, 0.5880, -4.142
34.58, 0.5870, -3.380
34.59, 0.5860, -3.929
34.60, 0.5850, -2.576
34.61, 0.5840, -3.921
34.62, 0.5830, -3.952
34.63, 0.5820, -4.577
34.64, 0.5810, -4.113
34.65, 0.5800, -4.380
34.66, 0.5790, -4.591
34.67, 0.5780, -3.298
34.68, 0.5770, -5.067
34.69, 0.5760, -6.058
34.70, 0.5750, -3.388
34.71, 0.5740, -3.701
34.72, 0.5730, -5.656
34.73, 0.5720, -4.688
34.74, 0.5710, -4.428
34.75, 0.5700, -3.577
34.76, 0.5690, -4.996
34.77, 0.5680, -5.079
34.78, 0.5670, -4.037
34.79, 0.5660, -5.933
34.80, 0.5650, -5.391
34.81, 0.5640, -5.087
34.82, 0.5630, -4.705
34.83, 0.5620, -4.791
34.84, 0.5610, -4.982
34.85, 0.5600, -5.159
34.86, 0.5590, -6.313
34.87, 0.5580, -5.488
34.88, 0.5570, -5.243
34.89, 0.5560, -5.331
34.90, 0.5550, -5.379
34.91, 0.5540, -6.258
34.92, 0.5530, -4.937
34.93, 0.5520, -6.412
34.94, 0.5510, -4.688
34.95, 0.5500, -4.019
34.96, 0.5490, -5.823
34.97, 0.5480, -5.618
34.98, 0.5470, -5.142
34.99, 0.5460, -5.673
35.00, 0.5450, -3.742
35.01, 0.5440, -4.926
35.02, 0.5430, -5.425
35.03, 0.5420, -3.873
35.04, 0.5410, -2.954
35.05, 0.5400, -4.710
35.06, 0.5390, -5.173
35.07, 0.5380, -5.072
35.08, 0.5370, -3.966
35.09, 0.5360, -4.421
35.10, 0.5350, -3.839
35.11, 0.5340, -3.744
35.12, 0.5330, -5.344
35.13, 0.5320, -5.770
35.14, 0.5310, -4.976
35.15, 0.5300, -3.528
35.16, 0.5290, -5.133
35.17, 0.5280, -5.092
35.18, 0.5270, -4.956
35.19, 0.5260, -4.012
35.20, 0.5250, -5.292
35.21, 0.5240, -5.693
35.22, 0.5230, -6.089
35.23, 0.5220, -5.356
35.24, 0.5210, -6.074
35.25, 0.5200, -5.002
35.26, 0.5190, -5.664
35.27, 0.5180, -5.481
35.28, 0.5170, -6.505
35.29, 0.5160, -6.486
35.30, 0.5150, -4.355
35.31, 0.5140, -5.029
35.32, 0.5130, -5.138
35.33, 0.5120, -4.703
35.34, 0.5110, -3.888
35.35, 0.5100, -4.373
35.36, 0.5090, -3.586
35.37, 0.5080, -4.134
35.38, 0.5070, -4.763
35.39, 0.5060, -4.783
35.40, 0.5050, -4.683
35.41, 0.5040, -5.709
35.42, 0.5030, -3.810
35.43, 0.5020, -2.845
35.44, 0.5010, -6.037
35.45, 0.5000, -3.540
35.46, 0.4990, -4.069
35.47, 0.4980, -4.763
35.48, 0.4970, -5.865
35.49, 0.4960, -4.926
35.50, 0.4950, -4.209
35.51, 0.4940, -3.751
35.52, 0.4930, -5.264
35.53, 0.4920, -4.323
35.54, 0.4910, -6.388
35.55, 0.4900, -5.157
35.56, 0.4890, -6.025
35.57, 0.4880, -4.299
35.58, 0.4870, -5.191
35.59, 0.4860, -5.134
35.60, 0.4850, -5.043
35.61, 0.4840, -5.187
35.62, 0.4830, -5.773
35.63, 0.4820, -5.210
35.64, 0.4810, -5.429
35.65, 0.4800, -5.906
35.66, 0.4790, -4.896
35.67, 0.4780, -7.394
35.68, 0.4770, -5.882
35.69, 0.4760, -5.209
35.70, 0.4750, -7.698
35.71, 0.4740, -5.143
35.72, 0.4730, -6.221
35.73, 0.4720, -6.086
35.74, 0.4710, -5.820
35.75, 0.4700, -5.203
35.76, 0.4690, -5.688
35.77, 0.4680, -5.139
35.78, 0.4670, -4.276
35.79, 0.4660, -5.503
35.80, 0.4650, -4.408
35.81, 0.4640, -4.586
35.82, 0.4630, -5.473
35.83, 0.4620, -5.247
35.84, 0.4610, -4.066
35.85, 0.4600, -4.151
35.86, 0.4590, -5.038
35.87, 0.4580, -5.223
35.88, 0.4570, -6.032
35.89, 0.4560, -6.103
35.90, 0.4550, -4.920
35.91, 0.4540, -5.176
35.92, 0.4530, -5.894
35.93, 0.4520, -4.713
35.94, 0.4510, -6.067
35.95, 0.4500, -6.210
35.96, 0.4490, -5.405
35.97, 0.4480, -7.115
35.98, 0.4470, -5.324
35.99, 0.4460, -6.672
36.00, 0.4450, -5.360
36.01, 0.4440, -4.767
36.02, 0.4430, -5.977
36.03, 0.4420, -5.093
36.04, 0.4410, -5.860
36.05, 0.4400, -5.169
36.06, 0.4390, -6.413
36.07, 0.4380, -5.276
36.08, 0.4370, -6.143
36.09, 0.4360, -7.298
36.10, 0.4350, -7.001
36.11, 0.4340, -6.801
36.12, 0.4330, -6.125
36.13, 0.4320, -6.143
36.14, 0.4310, -5.724
36.15, 0.4300, -5.589
36.16, 0.4290, -5.236
36.17, 0.4280, -6.207
36.18, 0.4270, -4.785
36.19, 0.4260, -5.213
36.20, 0.4250, -4.789
36.21, 0.4240, -4.473
36.22, 0.4230, -4.284
36.23, 0.4220, -5.899
36.24, 0.4210, -6.307
36.25, 0.4200, -4.822
36.26, 0.4190, -5.096
36.27, 0.4180, -6.493
36.28, 0.4170, -5.904
36.29, 0.4160, -4.989
36.30, 0.4150, -6.052
36.31, 0.4140, -4.950
36.32, 0.4130, -5.134
36.33, 0.4120, -6.185
36.34, 0.4110, -4.524
36.35, 0.4100, -5.642
36.36, 0.4090, -6.801
36.37, 0.4080, -5.637
36.38, 0.4070, -5.314
36.39, 0.4060, -5.626
36.40, 0.4050, -7.182
36.41, 0.4040, -5.423
36.42, 0.4030, -7.150
36.43, 0.4020, -7.424
36.44, 0.4010, -4.941
36.45, 0.4000, -6.135
36.46, 0.3990, -6.535
36.47, 0.3980, -6.058
36.48, 0.3970, -5.399
36.49, 0.3960, -7.136
36.50, 0.3950, -6.479
36.51, 0.3940, -6.806
36.52, 0.3930, -5.532
36.53, 0.3920, -5.452
36.54, 0.3910, -5.559
36.55, 0.3900, -6.500
36.56, 0.3890, -7.250
36.57, 0.3880, -7.800
36.58, 0.3870, -6.021
36.59, 0.3860, -7.115
36.60, 0.3850, -7.162
36.61, 0.3840, -5.775
36.62, 0.3830, -6.118
36.63, 0.3820, -5.668
36.64, 0.3810, -7.010
36.65, 0.3800, -6.205
36.66, 0.3790, -5.942
36.67, 0.3780, -7.036
36.68, 0.3770, -4.683
36.69, 0.3760, -6.979
36.70, 0.3750, -6.549
36.71, 0.3740, -5.706
36.72, 0.3730, -6.376
36.73, 0.3720, -6.907
36.74, 0.3710, -4.903
36.75, 0.3700, -6.011
36.76, 0.3690, -6.655
36.77, 0.3680, -4.595
36.78, 0.3670, -7.008
36.79, 0.3660, -4.599
36.80, 0.3650, -6.356
36.81, 0.3640, -6.945
36.82, 0.3630, -7.023
36.83, 0.3620, -7.147
36.84, 0.3610, -4.892
36.85, 0.3600, -5.260
36.86, 0.3590, -4.080
36.87, 0.3580, -6.038
36.88, 0.3570, -5.936
36.89, 0.3560, -5.523
36.90, 0.3550, -7.439
36.91, 0.3540, -6.670
36.92, 0.3530, -6.256
36.93, 0.3520, -5.983
36.94, 0.3510, -5.690
36.95, 0.3500, -5.567
36.96, 0.3490, -6.301
36.97, 0.3480, -5.456
36.98, 0.3470, -6.074
36.99, 0.3460, -7.547
37.00, 0.3450, -6.722
37.01, 0.3440, -6.410
37.02, 0.3430, -5.963
37.03, 0.3420, -7.479
37.04, 0.3410, -6.471
37.05, 0.3400, -7.264
37.06, 0.3390, -6.068
37.07, 0.3380, -5.906
37.08, 0.3370, -5.905
37.09, 0.3360, -7.172
37.10, 0.3350, -6.489
37.11, 0.3340, -6.893
37.12, 0.3330, -7.988
37.13, 0.3320, -6.133
37.14, 0.3310, -6.928
37.15, 0.3300, -5.923
37.16, 0.3290, -5.498
37.17, 0.3280, -6.583
37.18, 0.3270, -5.601
37.19, 0.3260, -6.513
37.20, 0.3250, -6.264
37.21, 0.3240, -6.980
37.22, 0.3230, -6.058
37.23, 0.3220, -6.856
37.24, 0.3210, -6.100
37.25, 0.3200, -5.981
37.26, 0.3190, -6.752
37.27, 0.3180, -7.520
37.28, 0.3170, -6.475
37.29, 0.3160, -7.963
37.30, 0.3150, -5.818
37.31, 0.3140, -8.274
37.32, 0.3130, -6.591
37.33, 0.3120, -7.412
37.34, 0.3110, -7.823
37.35, 0.3100, -8.687
37.36, 0.3090, -6.147
37.37, 0.3080, -7.052
37.38, 0.3070, -7.806
37.39, 0.3060, -8.946
37.40, 0.3050, -7.030
37.41, 0.3040, -8.291
37.42, 0.3030, -8.135
37.43, 0.3020, -7.490
37.44, 0.3010, -7.053
37.45, 0.3000, -6.901
37.46, 0.2990, -7.295
37.47, 0.2980, -6.655
37.48, 0.2970, -7.451
37.49, 0.2960, -6.857
37.50, 0.2950, -7.025
37.51, 0.2940, -7.482
37.52, 0.2930, -7.583
37.53, 0.2920, -6.842
37.54, 0.2910, -7.279
37.55, 0.2900, -7.245
37.56, 0.2890, -6.329
37.57, 0.2880, -8.051
37.58, 0.2870, -7.246
37.59, 0.2860, -8.303
37.60, 0.2850, -6.450
37.61, 0.2840, -6.094
37.62, 0.2830, -8.072
37.63, 0.2820, -7.708
37.64, 0.2810, -6.206
37.65, 0.2800, -7.944
37.66, 0.2790, -6.542
37.67, 0.2780, -8.291
37.68, 0.2770, -7.438
37.69, 0.2760, -6.535
37.70, 0.2750, -8.095
37.71, 0.2740, -7.596
37.72, 0.2730, -6.007
37.73, 0.2720, -7.353
37.74, 0.2710, -8.286
37.75, 0.2700, -7.821
37.76, 0.2690, -7.578
37.77, 0.2680, -7.714
37.78, 0.2670, -8.253
37.79, 0.2660, -7.723
37.80, 0.2650, -8.219
37.81, 0.2640, -8.025
37.82, 0.2630, -7.309
37.83, 0.2620, -7.707
37.84, 0.2610, -8.523
37.85, 0.2600, -8.039
37.86, 0.2590, -7.830
37.87, 0.2580, -7.214
37.88, 0.2570, -6.893
37.89, 0.2560, -8.438
37.90, 0.2550, -7.393
37.91, 0.2540, -7.506
37.92, 0.2530, -7.960
37.93, 0.2520, -7.667
37.94, 0.2510, -7.362
37.95, 0.2500, -7.445
37.96, 0.2490, -7.649
37.97, 0.2480, -7.659
37.98, 0.2470, -7.574
37.99, 0.2460, -6.716
38.00, 0.2450, -6.324
38.01, 0.2440, -7.206
38.02, 0.2430, -7.887
38.03, 0.2420, -6.526
38.04, 0.2410, -6.416
38.05, 0.2400, -7.466
38.06, 0.2390, -7.652
38.07, 0.2380, -7.266
38.08, 0.2370, -7.193
38.09, 0.2360, -7.213
38.10, 0.2350, -7.375
38.11, 0.2340, -6.038
38.12, 0.2330, -7.640
38.13, 0.2320, -6.158
38.14, 0.2310, -7.613
38.15, 0.2300, -7.337
38.16, 0.2290, -8.565
38.17, 0.2280, -7.487
38.18, 0.2270, -6.872
38.19, 0.2260, -8.990
38.20, 0.2250, -8.481
38.21, 0.2240, -8.244
38.22, 0.2230, -7.084
38.23, 0.2220, -8.043
38.24, 0.2210, -9.472
38.25, 0.2200, -7.878
38.26, 0.2190, -9.028
38.27, 0.2180, -6.802
38.28, 0.2170, -7.187
38.29, 0.2160, -8.379
38.30, 0.2150, -7.936
38.31, 0.2140, -6.933
38.32, 0.2130, -6.286
38.33, 0.2120, -7.585
38.34, 0.2110, -7.007
38.35, 0.2100, -7.212
38.36, 0.2090, -8.209
38.37, 0.2080, -7.451
38.38, 0.2070, -8.102
38.39, 0.2060, -7.809
38.40, 0.2050, -7.752
38.41, 0.2040, -6.194
38.42, 0.2030, -7.420
38.43, 0.2020, -8.069
38.44, 0.2010, -7.751
38.45, 0.2000, -7.699
38.46, 0.1990, -7.238
38.47, 0.1980, -6.536
38.48, 0.1970, -7.995
38.49, 0.1960, -7.445
38.50, 0.1950, -6.680
38.51, 0.1940, -7.821
38.52, 0.1930, -6.445
38.53, 0.1920, -7.948
38.54, 0.1910, -7.572
38.55, 0.1900, -8.889
38.56, 0.1890, -6.824
38.57, 0.1880, -6.103
38.58, 0.1870, -7.269
38.59, 0.1860, -6.822
38.60, 0.1850, -7.843
38.61, 0.1840, -8.582
38.62, 0.1830, -9.201
38.63, 0.1820, -8.114
38.64, 0.1810, -7.648
38.65, 0.1800, -8.948
38.66, 0.1790, -8.201
38.67, 0.1780, -8.511
38.68, 0.1770, -8.495
38.69, 0.1760, -8.262
38.70, 0.1750, -8.342
38.71, 0.1740, -7.919
38.72, 0.1730, -8.962
38.73, 0.1720, -8.414
38.74, 0.1710, -8.492
38.75, 0.1700, -8.495
38.76, 0.1690, -9.160
38.77, 0.1680, -8.104
38.78, 0.1670, -8.735
38.79, 0.1660, -6.953
38.80, 0.1650, -7.491
38.81, 0.1640, -7.141
38.82, 0.1630, -7.228
38.83, 0.1620, -8.462
38.84, 0.1610, -7.391
38.85, 0.1600, -7.740
38.86, 0.1590, -7.753
38.87, 0.1580, -8.335
38.88, 0.1570, -7.750
38.89, 0.1560, -8.894
38.90, 0.1550, -7.619
38.91, 0.1540, -8.100
38.92, 0.1530, -7.864
38.93, 0.1520, -8.240
38.94, 0.1510, -8.572
38.95, 0.1500, -7.976
38.96, 0.1490, -8.646
38.97, 0.1480, -7.624
38.98, 0.1470, -7.452
38.99, 0.1460, -8.390
39.00, 0.1450, -8.873
39.01, 0.1440, -8.286
39.02, 0.1430, -9.836
39.03, 0.1420, -8.257
39.04, 0.1410, -8.402
39.05, 0.1400, -8.532
39.06, 0.1390, -9.578
39.07, 0.1380, -9.792
39.08, 0.1370, -8.502
39.09, 0.1360, -8.994
39.10, 0.1350, -7.895
39.11, 0.1340, -9.200
39.12, 0.1330, -8.885
39.13, 0.1320, -9.308
39.14, 0.1310, -8.673
39.15, 0.1300, -8.982
39.16, 0.1290, -8.461
39.17, 0.1280, -8.089
39.18, 0.1270, -8.351
39.19, 0.1260, -8.761
39.20, 0.1250, -8.878
39.21, 0.1240, -8.547
39.22, 0.1230, -7.539
39.23, 0.1220, -8.250
39.24, 0.1210, -8.938
39.25, 0.1200, -8.846
39.26, 0.1190, -8.099
39.27, 0.1180, -8.026
39.28, 0.1170, -8.331
39.29, 0.1160, -7.070
39.30, 0.1150, -7.647
39.31, 0.1140, -8.095
39.32, 0.1130, -8.033
39.33, 0.1120, -8.976
39.34, 0.1110, -8.471
39.35, 0.1100, -7.272
39.36, 0.1090, -7.600
39.37, 0.1080, -8.582
39.38, 0.1070, -6.905
39.39, 0.1060, -7.796
39.40, 0.1050, -8.636
39.41, 0.1040, -10.15
39.42, 0.1030, -8.963
39.43, 0.1020, -8.966
39.44, 0.1010, -9.887
39.45, 0.1000, -8.768
39.46, 0.09900, -8.420
39.47, 0.09800, -9.223
39.48, 0.09700, -7.523
39.49, 0.09600, -9.383
39.50, 0.09500, -8.630
39.51, 0.09400, -10.22
39.52, 0.09300, -8.629
39.53, 0.09200, -8.593
39.54, 0.09100, -9.086
39.55, 0.09000, -7.216
39.56, 0.08900, -8.901
39.57, 0.08800, -8.734
39.58, 0.08700, -8.812
39.59, 0.08600, -8.580
39.60, 0.08500, -8.544
39.61, 0.08400, -9.522
39.62, 0.08300, -9.446
39.63, 0.08200, -8.223
39.64, 0.08100, -9.156
39.65, 0.08000, -8.655
39.66, 0.07900, -9.032
39.67, 0.07800, -8.719
39.68, 0.07700, -7.405
39.69, 0.07600, -8.780
39.70, 0.07500, -8.733
39.71, 0.07400, -8.359
39.72, 0.07300, -7.482
39.73, 0.07200, -8.392
39.74, 0.07100, -8.063
39.75, 0.07000, -8.573
39.76, 0.06900, -9.308
39.77, 0.06800, -9.089
39.78, 0.06700, -8.396
39.79, 0.06600, -8.619
39.80, 0.06500, -8.783
39.81, 0.06400, -7.352
39.82, 0.06300, -10.77
39.83, 0.06200, -7.804
39.84, 0.06100, -10.43
39.85, 0.06000, -8.358
39.86, 0.05900, -10.13
39.87, 0.05800, -9.274
39.88, 0.05700, -9.313
39.89, 0.05600, -10.64
39.90, 0.05500, -9.806
39.91, 0.05400, -10.16
39.92, 0.05300, -10.49
39.93, 0.05200, -8.921
39.94, 0.05100, -8.776
39.95, 0.05000, -8.934
39.96, 0.04900, -9.222
39.97, 0.04800, -8.034
39.98, 0.04700, -9.094
39.99, 0.04600, -8.852
40.00, 0.04500, -8.485
40.01, 0.04400, -9.881
40.02, 0.04300, -8.457
40.03, 0.04200, -8.536
40.04, 0.04100, -9.008
40.05, 0.04000, -9.739
40.06, 0.03900, -9.069
40.07, 0.03800, -9.318
40.08, 0.03700, -9.369
40.09, 0.03600, -9.051
40.10, 0.03500, -8.518
40.11, 0.03400, -9.084
40.12, 0.03300, -8.941
40.13, 0.03200, -8.741
40.14, 0.03100, -8.561
40.15, 0.03000, -9.531
40.16, 0.02900, -9.158
40.17, 0.02800, -8.892
40.18, 0.02700, -8.336
40.19, 0.02600, -9.063
40.20, 0.02500, -8.190
40.21, 0.02400, -8.425
40.22, 0.02300, -9.403
40.23, 0.02200, -9.374
40.24, 0.02100, -10.23
40.25, 0.02000, -10.26
40.26, 0.01900, -10.42
40.27, 0.01800, -9.562
40.28, 0.01700, -8.434
40.29, 0.01600, -10.39
40.30, 0.01500, -10.45
40.31, 0.01400, -9.973
40.32, 0.01300, -10.24
40.33, 0.01200, -9.007
40.34, 0.01100, -10.41
40.35, 0.01000, -9.347
40.36, 0.009000, -9.762
40.37, 0.008000, -9.827
40.38, 0.007000, -9.911
40.39, 0.006000, -8.800
40.40, 0.005000, -10.11
40.41, 0.004000, -10.59
40.42, 0.003000, -10.29
40.43, 0.002000, -10.08
40.44, 0.001000, -9.144
40.45, 0.000, -9.089
