0.01000, -0.8000, -33.69
0.02000, -0.8000, -33.39
0.03000, -0.8000, -15.87
0.04000, -0.8000, -14.42
0.05000, -0.8000, -13.63
0.06000, -0.8000, -12.77
0.07000, -0.8000, -12.05
0.08000, -0.8000, -12.24
0.09000, -0.8000, -11.18
0.1000, -0.8000, -11.88
0.1100, -0.8000, -11.81
0.1200, -0.8000, -11.55
0.1300, -0.8000, -9.889
0.1400, -0.8000, -10.10
0.1500, -0.8000, -10.38
0.1600, -0.8000, -10.55
0.1700, -0.8000, -10.75
0.1800, -0.8000, -10.09
0.1900, -0.8000, -9.714
0.2000, -0.8000, -10.18
0.2100, -0.8000, -9.109
0.2200, -0.8000, -9.357
0.2300, -0.8000, -9.456
0.2400, -0.8000, -10.74
0.2500, -0.8000, -10.20
0.2600, -0.8000, -10.25
0.2700, -0.8000, -10.20
0.2800, -0.8000, -9.130
0.2900, -0.8000, -9.498
0.3000, -0.8000, -10.23
0.3100, -0.8000, -9.734
0.3200, -0.8000, -9.091
0.3300, -0.8000, -10.71
0.3400, -0.8000, -9.119
0.3500, -0.8000, -9.851
0.3600, -0.8000, -8.070
0.3700, -0.8000, -9.983
0.3800, -0.8000, -10.16
0.3900, -0.8000, -10.20
0.4000, -0.8000, -8.739
0.4100, -0.8000, -9.783
0.4200, -0.8000, -9.151
0.4300, -0.8000, -9.734
0.4400, -0.8000, -9.763
0.4500, 0.000, -9.367
0.4600, 0.001000, 12.35
0.4700, 0.002000, 4.819
0.4800, 0.003000, 2.188
0.4900, 0.004000, 0.09352
0.5000, 0.005000, -1.649
0.5100, 0.006000, -2.972
0.5200, 0.007000, -0.7412
0.5300, 0.008000, -2.297
0.5400, 0.009000, -2.931
0.5500, 0.01000, -3.078
0.5600, 0.01100, -3.249
0.5700, 0.01200, -1.971
0.5800, 0.01300, -1.820
0.5900, 0.01400, -2.794
0.6000, 0.01500, -3.598
0.6100, 0.01600, -4.300
0.6200, 0.01700, -4.021
0.6300, 0.01800, -2.995
0.6400, 0.01900, -4.136
0.6500, 0.02000, -3.596
0.6600, 0.02100, -2.977
0.6700, 0.02200, -3.453
0.6800, 0.02300, -3.986
0.6900, 0.02400, -3.198
0.7000, 0.02500, -3.560
0.7100, 0.02600, -3.413
0.7200, 0.02700, -2.677
0.7300, 0.02800, -3.540
0.7400, 0.02900, -3.835
0.7500, 0.03000, -4.225
0.7600, 0.03100, -2.696
0.7700, 0.03200, -4.736
0.7800, 0.03300, -3.502
0.7900, 0.03400, -2.860
0.8000, 0.03500, -3.773
0.8100, 0.03600, -4.034
0.8200, 0.03700, -2.096
0.8300, 0.03800, -4.600
0.8400, 0.03900, -3.870
0.8500, 0.04000, -3.829
0.8600, 0.04100, -2.760
0.8700, 0.04200, -4.194
0.8800, 0.04300, -3.910
0.8900, 0.04400, -3.610
0.9000, 0.04500, -1.991
0.9100, 0.04600, -3.742
0.9200, 0.04700, -4.764
0.9300, 0.04800, -3.695
0.9400, 0.04900, -3.990
0.9500, 0.05000, -3.253
0.9600, 0.05100, -3.596
0.9700, 0.05200, -4.765
0.9800, 0.05300, -4.128
0.9900, 0.05400, -4.198
1.000, 0.05500, -4.109
1.010, 0.05600, -3.597
1.020, 0.05700, -5.106
1.030, 0.05800, -3.998
1.040, 0.05900, -2.486
1.050, 0.06000, -3.171
1.060, 0.06100, -3.982
1.070, 0.06200, -2.777
1.080, 0.06300, -3.649
1.090, 0.06400, -3.939
1.100, 0.06500, -3.393
1.110, 0.06600, -2.402
1.120, 0.06700, -4.061
1.130, 0.06800, -0.7051
1.140, 0.06900, -2.801
1.150, 0.07000, -2.828
1.160, 0.07100, -4.133
1.170, 0.07200, -3.638
1.180, 0.07300, -3.999
1.190, 0.07400, -4.552
1.200, 0.07500, -3.188
1.210, 0.07600, -4.698
1.220, 0.07700, -4.707
1.230, 0.07800, -5.253
1.240, 0.07900, -4.227
1.250, 0.08000, -4.707
1.260, 0.08100, -5.254
1.270, 0.08200, -3.021
1.280, 0.08300, -4.029
1.290, 0.08400, -3.395
1.300, 0.08500, -3.750
1.310, 0.08600, -4.475
1.320, 0.08700, -3.795
1.330, 0.08800, -4.312
1.340, 0.08900, -2.764
1.350, 0.09000, -4.095
1.360, 0.09100, -3.891
1.370, 0.09200, -2.973
1.380, 0.09300, -2.983
1.390, 0.09400, -4.481
1.400, 0.09500, -4.226
1.410, 0.09600, -4.029
1.420, 0.09700, -3.872
1.430, 0.09800, -3.995
1.440, 0.09900, -5.176
1.450, 0.1000, -4.219
1.460, 0.1010, -3.992
1.470, 0.1020, -3.789
1.480, 0.1030, -4.067
1.490, 0.1040, -3.881
1.500, 0.1050, -5.155
1.510, 0.1060, -4.226
1.520, 0.1070, -5.406
1.530, 0.1080, -4.132
1.540, 0.1090, -5.258
1.550, 0.1100, -3.529
1.560, 0.1110, -4.271
1.570, 0.1120, -4.769
1.580, 0.1130, -3.965
1.590, 0.1140, -3.524
1.600, 0.1150, -2.613
1.610, 0.1160, -3.691
1.620, 0.1170, -3.432
1.630, 0.1180, -2.922
1.640, 0.1190, -3.254
1.650, 0.1200, -4.866
1.660, 0.1210, -4.759
1.670, 0.1220, -4.272
1.680, 0.1230, -3.702
1.690, 0.1240, -3.002
1.700, 0.1250, -4.337
1.710, 0.1260, -3.881
1.720, 0.1270, -5.180
1.730, 0.1280, -3.356
1.740, 0.1290, -4.355
1.750, 0.1300, -3.267
1.760, 0.1310, -1.606
1.770, 0.1320, -5.254
1.780, 0.1330, -3.880
1.790, 0.1340, -3.283
1.800, 0.1350, -3.807
1.810, 0.1360, -4.266
1.820, 0.1370, -4.990
1.830, 0.1380, -2.538
1.840, 0.1390, -5.348
1.850, 0.1400, -3.776
1.860, 0.1410, -2.663
1.870, 0.1420, -3.904
1.880, 0.1430, -2.595
1.890, 0.1440, -3.052
1.900, 0.1450, -4.220
1.910, 0.1460, -3.235
1.920, 0.1470, -4.166
1.930, 0.1480, -2.471
1.940, 0.1490, -1.797
1.950, 0.1500, -5.132
1.960, 0.1510, -4.681
1.970, 0.1520, -2.374
1.980, 0.1530, -2.974
1.990, 0.1540, -3.356
2.000, 0.1550, -3.014
2.010, 0.1560, -3.281
2.020, 0.1570, -2.897
2.030, 0.1580, -3.228
2.040, 0.1590, -3.897
2.050, 0.1600, -3.642
2.060, 0.1610, -3.621
2.070, 0.1620, -3.839
2.080, 0.1630, -2.504
2.090, 0.1640, -4.396
2.100, 0.1650, -4.627
2.110, 0.1660, -3.622
2.120, 0.1670, -4.359
2.130, 0.1680, -3.278
2.140, 0.1690, -3.257
2.150, 0.1700, -2.678
2.160, 0.1710, -3.216
2.170, 0.1720, -3.422
2.180, 0.1730, -4.403
2.190, 0.1740, -2.348
2.200, 0.1750, -2.579
2.210, 0.1760, -4.290
2.220, 0.1770, -3.961
2.230, 0.1780, -3.009
2.240, 0.1790, -3.186
2.250, 0.1800, -3.317
2.260, 0.1810, -4.263
2.270, 0.1820, -4.003
2.280, 0.1830, -5.574
2.290, 0.1840, -3.397
2.300, 0.1850, -4.486
2.310, 0.1860, -3.880
2.320, 0.1870, -1.174
2.330, 0.1880, -2.508
2.340, 0.1890, -3.828
2.350, 0.1900, -2.584
2.360, 0.1910, -3.662
2.370, 0.1920, -3.213
2.380, 0.1930, -3.881
2.390, 0.1940, -2.600
2.400, 0.1950, -3.407
2.410, 0.1960, -3.306
2.420, 0.1970, -2.357
2.430, 0.1980, -3.639
2.440, 0.1990, -3.778
2.450, 0.2000, -4.182
2.460, 0.2010, -4.611
2.470, 0.2020, -1.609
2.480, 0.2030, -3.040
2.490, 0.2040, -4.599
2.500, 0.2050, -2.685
2.510, 0.2060, -3.447
2.520, 0.2070, -3.365
2.530, 0.2080, -2.310
2.540, 0.2090, -1.389
2.550, 0.2100, -3.463
2.560, 0.2110, -2.713
2.570, 0.2120, -3.061
2.580, 0.2130, -1.453
2.590, 0.2140, -1.852
2.600, 0.2150, -2.575
2.610, 0.2160, -2.636
2.620, 0.2170, -2.459
2.630, 0.2180, -2.846
2.640, 0.2190, -3.428
2.650, 0.2200, -2.860
2.660, 0.2210, -2.437
2.670, 0.2220, -2.615
2.680, 0.2230, -2.305
2.690, 0.2240, -2.193
2.700, 0.2250, -2.466
2.710, 0.2260, -3.971
2.720, 0.2270, -3.556
2.730, 0.2280, -2.370
2.740, 0.2290, -2.552
2.750, 0.2300, -4.409
2.760, 0.2310, -2.563
2.770, 0.2320, -3.290
2.780, 0.2330, -3.177
2.790, 0.2340, -3.160
2.800, 0.2350, -1.377
2.810, 0.2360, -2.487
2.820, 0.2370, -1.702
2.830, 0.2380, -3.534
2.840, 0.2390, -1.946
2.850, 0.2400, -2.624
2.860, 0.2410, -3.128
2.870, 0.2420, -1.145
2.880, 0.2430, -3.007
2.890, 0.2440, -2.753
2.900, 0.2450, -1.976
2.910, 0.2460, -3.748
2.920, 0.2470, -2.415
2.930, 0.2480, -1.827
2.940, 0.2490, -1.718
2.950, 0.2500, -1.237
2.960, 0.2510, -2.168
2.970, 0.2520, -1.979
2.980, 0.2530, -1.738
2.990, 0.2540, -2.519
3.000, 0.2550, -2.259
3.010, 0.2560, -2.143
3.020, 0.2570, -1.151
3.030, 0.2580, -1.643
3.040, 0.2590, -0.8796
3.050, 0.2600, 0.008621
3.060, 0.2610, -3.417
3.070, 0.2620, -2.625
3.080, 0.2630, -1.645
3.090, 0.2640, -0.8732
3.100, 0.2650, -0.5863
3.110, 0.2660, -1.970
3.120, 0.2670, -1.868
3.130, 0.2680, -2.311
3.140, 0.2690, -2.350
3.150, 0.2700, -2.606
3.160, 0.2710, -2.635
3.170, 0.2720, -2.524
3.180, 0.2730, -1.731
3.190, 0.2740, -2.797
3.200, 0.2750, -1.452
3.210, 0.2760, -1.238
3.220, 0.2770, -1.888
3.230, 0.2780, -1.868
3.240, 0.2790, -1.343
3.250, 0.2800, -3.896
3.260, 0.2810, -1.189
3.270, 0.2820, -1.407
3.280, 0.2830, -0.4999
3.290, 0.2840, -2.090
3.300, 0.2850, -2.599
3.310, 0.2860, -1.275
3.320, 0.2870, -1.140
3.330, 0.2880, -1.227
3.340, 0.2890, -1.884
3.350, 0.2900, -2.319
3.360, 0.2910, -3.315
3.370, 0.2920, -2.802
3.380, 0.2930, -1.248
3.390, 0.2940, 0.3738
3.400, 0.2950, -1.975
3.410, 0.2960, -2.071
3.420, 0.2970, -0.4673
3.430, 0.2980, -1.244
3.440, 0.2990, -1.433
3.450, 0.3000, -1.047
3.460, 0.3010, -2.383
3.470, 0.3020, -0.7560
3.480, 0.3030, -1.455
3.490, 0.3040, -0.8397
3.500, 0.3050, -1.524
3.510, 0.3060, -1.865
3.520, 0.3070, -0.4896
3.530, 0.3080, -1.407
3.540, 0.3090, -0.07100
3.550, 0.3100, -0.8631
3.560, 0.3110, -0.4477
3.570, 0.3120, -0.2328
3.580, 0.3130, -0.9900
3.590, 0.3140, -0.2850
3.600, 0.3150, 1.170
3.610, 0.3160, 0.9691
3.620, 0.3170, -0.3499
3.630, 0.3180, 1.683
3.640, 0.3190, 0.08189
3.650, 0.3200, -0.3398
3.660, 0.3210, 0.03668
3.670, 0.3220, -0.6925
3.680, 0.3230, 0.6807
3.690, 0.3240, -1.104
3.700, 0.3250, -0.8791
3.710, 0.3260, -0.09985
3.720, 0.3270, -0.6312
3.730, 0.3280, -0.4328
3.740, 0.3290, 0.9524
3.750, 0.3300, 0.3020
3.760, 0.3310, -0.3205
3.770, 0.3320, 1.269
3.780, 0.3330, -1.252
3.790, 0.3340, 0.1518
3.800, 0.3350, 1.230
3.810, 0.3360, -1.564
3.820, 0.3370, 0.6136
3.830, 0.3380, 1.002
3.840, 0.3390, 0.3354
3.850, 0.3400, 0.4279
3.860, 0.3410, 1.330
3.870, 0.3420, 1.690
3.880, 0.3430, -0.3851
3.890, 0.3440, 1.281
3.900, 0.3450, 0.6358
3.910, 0.3460, 0.2424
3.920, 0.3470, 1.407
3.930, 0.3480, -0.6009
3.940, 0.3490, 1.637
3.950, 0.3500, 1.161
3.960, 0.3510, 1.695
3.970, 0.3520, 2.688
3.980, 0.3530, 0.3955
3.990, 0.3540, 2.066
4.000, 0.3550, 1.286
4.010, 0.3560, 1.927
4.020, 0.3570, 4.088
4.030, 0.3580, 3.081
4.040, 0.3590, -0.03521
4.050, 0.3600, 2.770
4.060, 0.3610, 1.843
4.070, 0.3620, 1.597
4.080, 0.3630, 1.437
4.090, 0.3640, 2.461
4.100, 0.3650, 4.006
4.110, 0.3660, 2.570
4.120, 0.3670, 1.529
4.130, 0.3680, 2.364
4.140, 0.3690, 2.062
4.150, 0.3700, 1.519
4.160, 0.3710, 3.764
4.170, 0.3720, 1.571
4.180, 0.3730, 4.284
4.190, 0.3740, 2.766
4.200, 0.3750, 2.898
4.210, 0.3760, 4.259
4.220, 0.3770, 2.365
4.230, 0.3780, 2.905
4.240, 0.3790, 3.750
4.250, 0.3800, 4.152
4.260, 0.3810, 3.038
4.270, 0.3820, 3.623
4.280, 0.3830, 4.091
4.290, 0.3840, 1.956
4.300, 0.3850, 3.912
4.310, 0.3860, 3.206
4.320, 0.3870, 3.691
4.330, 0.3880, 3.631
4.340, 0.3890, 4.559
4.350, 0.3900, 4.177
4.360, 0.3910, 4.096
4.370, 0.3920, 3.587
4.380, 0.3930, 4.411
4.390, 0.3940, 3.807
4.400, 0.3950, 3.694
4.410, 0.3960, 1.221
4.420, 0.3970, 4.340
4.430, 0.3980, 4.381
4.440, 0.3990, 5.711
4.450, 0.4000, 5.531
4.460, 0.4010, 6.187
4.470, 0.4020, 6.570
4.480, 0.4030, 6.325
4.490, 0.4040, 5.664
4.500, 0.4050, 5.337
4.510, 0.4060, 7.168
4.520, 0.4070, 4.329
4.530, 0.4080, 6.300
4.540, 0.4090, 6.128
4.550, 0.4100, 5.826
4.560, 0.4110, 6.493
4.570, 0.4120, 6.190
4.580, 0.4130, 6.688
4.590, 0.4140, 5.181
4.600, 0.4150, 6.760
4.610, 0.4160, 5.666
4.620, 0.4170, 7.064
4.630, 0.4180, 7.817
4.640, 0.4190, 7.038
4.650, 0.4200, 6.724
4.660, 0.4210, 8.183
4.670, 0.4220, 4.581
4.680, 0.4230, 5.413
4.690, 0.4240, 7.063
4.700, 0.4250, 7.545
4.710, 0.4260, 7.029
4.720, 0.4270, 8.114
4.730, 0.4280, 7.352
4.740, 0.4290, 7.056
4.750, 0.4300, 6.611
4.760, 0.4310, 5.767
4.770, 0.4320, 7.708
4.780, 0.4330, 8.411
4.790, 0.4340, 7.628
4.800, 0.4350, 7.796
4.810, 0.4360, 6.801
4.820, 0.4370, 7.994
4.830, 0.4380, 7.891
4.840, 0.4390, 7.081
4.850, 0.4400, 7.953
4.860, 0.4410, 7.406
4.870, 0.4420, 8.650
4.880, 0.4430, 9.099
4.890, 0.4440, 8.051
4.900, 0.4450, 8.607
4.910, 0.4460, 7.881
4.920, 0.4470, 8.748
4.930, 0.4480, 9.742
4.940, 0.4490, 9.076
4.950, 0.4500, 9.013
4.960, 0.4510, 9.342
4.970, 0.4520, 7.886
4.980, 0.4530, 9.031
4.990, 0.4540, 9.442
5.000, 0.4550, 9.941
5.010, 0.4560, 10.32
5.020, 0.4570, 9.760
5.030, 0.4580, 10.51
5.040, 0.4590, 9.862
5.050, 0.4600, 10.05
5.060, 0.4610, 9.682
5.070, 0.4620, 8.129
5.080, 0.4630, 9.833
5.090, 0.4640, 10.51
5.100, 0.4650, 11.59
5.110, 0.4660, 9.916
5.120, 0.4670, 9.963
5.130, 0.4680, 10.99
5.140, 0.4690, 9.465
5.150, 0.4700, 10.60
5.160, 0.4710, 9.855
5.170, 0.4720, 11.83
5.180, 0.4730, 11.01
5.190, 0.4740, 10.22
5.200, 0.4750, 10.74
5.210, 0.4760, 11.32
5.220, 0.4770, 12.15
5.230, 0.4780, 11.97
5.240, 0.4790, 12.55
5.250, 0.4800, 10.66
5.260, 0.4810, 11.57
5.270, 0.4820, 11.62
5.280, 0.4830, 12.46
5.290, 0.4840, 11.63
5.300, 0.4850, 11.88
5.310, 0.4860, 11.11
5.320, 0.4870, 12.60
5.330, 0.4880, 13.69
5.340, 0.4890, 12.03
5.350, 0.4900, 12.92
5.360, 0.4910, 12.37
5.370, 0.4920, 13.04
5.380, 0.4930, 12.94
5.390, 0.4940, 12.09
5.400, 0.4950, 13.40
5.410, 0.4960, 13.22
5.420, 0.4970, 14.05
5.430, 0.4980, 11.91
5.440, 0.4990, 13.40
5.450, 0.5000, 13.23
5.460, 0.5010, 12.05
5.470, 0.5020, 12.28
5.480, 0.5030, 12.04
5.490, 0.5040, 13.20
5.500, 0.5050, 12.48
5.510, 0.5060, 12.17
5.520, 0.5070, 13.92
5.530, 0.5080, 12.76
5.540, 0.5090, 11.79
5.550, 0.5100, 12.81
5.560, 0.5110, 13.13
5.570, 0.5120, 12.42
5.580, 0.5130, 13.65
5.590, 0.5140, 12.89
5.600, 0.5150, 13.39
5.610, 0.5160, 14.45
5.620, 0.5170, 13.70
5.630, 0.5180, 14.73
5.640, 0.5190, 14.27
5.650, 0.5200, 13.26
5.660, 0.5210, 14.42
5.670, 0.5220, 13.68
5.680, 0.5230, 13.65
5.690, 0.5240, 14.66
5.700, 0.5250, 14.37
5.710, 0.5260, 14.31
5.720, 0.5270, 13.76
5.730, 0.5280, 13.96
5.740, 0.5290, 14.89
5.750, 0.5300, 14.13
5.760, 0.5310, 14.78
5.770, 0.5320, 14.35
5.780, 0.5330, 14.20
5.790, 0.5340, 15.51
5.800, 0.5350, 13.88
5.810, 0.5360, 14.44
5.820, 0.5370, 13.64
5.830, 0.5380, 14.70
5.840, 0.5390, 14.89
5.850, 0.5400, 15.64
5.860, 0.5410, 13.57
5.870, 0.5420, 14.59
5.880, 0.5430, 14.31
5.890, 0.5440, 14.69
5.900, 0.5450, 15.07
5.910, 0.5460, 15.15
5.920, 0.5470, 14.80
5.930, 0.5480, 14.46
5.940, 0.5490, 15.33
5.950, 0.5500, 14.15
5.960, 0.5510, 14.50
5.970, 0.5520, 14.26
5.980, 0.5530, 14.49
5.990, 0.5540, 15.27
6.000, 0.5550, 15.53
6.010, 0.5560, 16.38
6.020, 0.5570, 15.15
6.030, 0.5580, 15.34
6.040, 0.5590, 14.32
6.050, 0.5600, 15.61
6.060, 0.5610, 16.15
6.070, 0.5620, 15.11
6.080, 0.5630, 15.38
6.090, 0.5640, 15.61
6.100, 0.5650, 16.48
6.110, 0.5660, 16.13
6.120, 0.5670, 15.27
6.130, 0.5680, 15.85
6.140, 0.5690, 15.25
6.150, 0.5700, 16.33
6.160, 0.5710, 15.99
6.170, 0.5720, 15.51
6.180, 0.5730, 15.67
6.190, 0.5740, 15.13
6.200, 0.5750, 16.09
6.210, 0.5760, 16.04
6.220, 0.5770, 16.27
6.230, 0.5780, 16.05
6.240, 0.5790, 15.20
6.250, 0.5800, 16.32
6.260, 0.5810, 15.91
6.270, 0.5820, 16.04
6.280, 0.5830, 15.68
6.290, 0.5840, 16.35
6.300, 0.5850, 16.93
6.310, 0.5860, 16.14
6.320, 0.5870, 15.95
6.330, 0.5880, 16.02
6.340, 0.5890, 15.98
6.350, 0.5900, 16.12
6.360, 0.5910, 15.62
6.370, 0.5920, 17.21
6.380, 0.5930, 16.17
6.390, 0.5940, 16.48
6.400, 0.5950, 16.93
6.410, 0.5960, 15.91
6.420, 0.5970, 16.27
6.430, 0.5980, 16.39
6.440, 0.5990, 15.73
6.450, 0.6000, 17.06
6.460, 0.6010, 16.80
6.470, 0.6020, 15.14
6.480, 0.6030, 16.31
6.490, 0.6040, 15.47
6.500, 0.6050, 16.58
6.510, 0.6060, 17.42
6.520, 0.6070, 15.06
6.530, 0.6080, 16.39
6.540, 0.6090, 16.23
6.550, 0.6100, 15.94
6.560, 0.6110, 16.56
6.570, 0.6120, 16.04
6.580, 0.6130, 17.04
6.590, 0.6140, 16.09
6.600, 0.6150, 17.17
6.610, 0.6160, 16.59
6.620, 0.6170, 16.01
6.630, 0.6180, 16.36
6.640, 0.6190, 16.93
6.650, 0.6200, 16.59
6.660, 0.6210, 16.91
6.670, 0.6220, 16.03
6.680, 0.6230, 16.63
6.690, 0.6240, 16.63
6.700, 0.6250, 15.32
6.710, 0.6260, 16.23
6.720, 0.6270, 15.99
6.730, 0.6280, 16.24
6.740, 0.6290, 16.84
6.750, 0.6300, 16.83
6.760, 0.6310, 15.03
6.770, 0.6320, 15.78
6.780, 0.6330, 15.93
6.790, 0.6340, 15.63
6.800, 0.6350, 15.37
6.810, 0.6360, 16.13
6.820, 0.6370, 15.61
6.830, 0.6380, 15.75
6.840, 0.6390, 16.73
6.850, 0.6400, 15.85
6.860, 0.6410, 16.68
6.870, 0.6420, 15.46
6.880, 0.6430, 16.57
6.890, 0.6440, 16.53
6.900, 0.6450, 16.46
6.910, 0.6460, 15.83
6.920, 0.6470, 16.24
6.930, 0.6480, 15.73
6.940, 0.6490, 15.85
6.950, 0.6500, 16.43
6.960, 0.6510, 16.34
6.970, 0.6520, 15.45
6.980, 0.6530, 17.01
6.990, 0.6540, 16.33
7.000, 0.6550, 17.24
7.010, 0.6560, 15.45
7.020, 0.6570, 16.20
7.030, 0.6580, 16.64
7.040, 0.6590, 15.81
7.050, 0.6600, 16.63
7.060, 0.6610, 16.04
7.070, 0.6620, 16.51
7.080, 0.6630, 15.95
7.090, 0.6640, 16.07
7.100, 0.6650, 16.01
7.110, 0.6660, 15.89
7.120, 0.6670, 15.07
7.130, 0.6680, 16.76
7.140, 0.6690, 15.35
7.150, 0.6700, 15.69
7.160, 0.6710, 16.93
7.170, 0.6720, 14.89
7.180, 0.6730, 15.71
7.190, 0.6740, 16.76
7.200, 0.6750, 15.78
7.210, 0.6760, 16.91
7.220, 0.6770, 16.20
7.230, 0.6780, 17.10
7.240, 0.6790, 15.82
7.250, 0.6800, 16.70
7.260, 0.6810, 16.40
7.270, 0.6820, 17.01
7.280, 0.6830, 15.72
7.290, 0.6840, 16.73
7.300, 0.6850, 16.82
7.310, 0.6860, 15.08
7.320, 0.6870, 17.82
7.330, 0.6880, 16.12
7.340, 0.6890, 16.03
7.350, 0.6900, 16.90
7.360, 0.6910, 14.91
7.370, 0.6920, 16.38
7.380, 0.6930, 16.26
7.390, 0.6940, 16.53
7.400, 0.6950, 16.94
7.410, 0.6960, 15.85
7.420, 0.6970, 16.76
7.430, 0.6980, 15.89
7.440, 0.6990, 16.43
7.450, 0.7000, 16.25
7.460, 0.7010, 15.71
7.470, 0.7020, 16.58
7.480, 0.7030, 15.41
7.490, 0.7040, 16.18
7.500, 0.7050, 17.00
7.510, 0.7060, 15.67
7.520, 0.7070, 17.11
7.530, 0.7080, 17.43
7.540, 0.7090, 16.05
7.550, 0.7100, 15.86
7.560, 0.7110, 17.10
7.570, 0.7120, 16.12
7.580, 0.7130, 15.83
7.590, 0.7140, 15.65
7.600, 0.7150, 15.19
7.610, 0.7160, 16.56
7.620, 0.7170, 15.97
7.630, 0.7180, 16.02
7.640, 0.7190, 16.67
7.650, 0.7200, 16.82
7.660, 0.7210, 16.98
7.670, 0.7220, 15.40
7.680, 0.7230, 16.64
7.690, 0.7240, 16.54
7.700, 0.7250, 14.27
7.710, 0.7260, 15.99
7.720, 0.7270, 16.51
7.730, 0.7280, 14.92
7.740, 0.7290, 15.11
7.750, 0.7300, 17.44
7.760, 0.7310, 16.34
7.770, 0.7320, 16.25
7.780, 0.7330, 15.95
7.790, 0.7340, 16.06
7.800, 0.7350, 17.46
7.810, 0.7360, 16.59
7.820, 0.7370, 17.01
7.830, 0.7380, 16.49
7.840, 0.7390, 16.14
7.850, 0.7400, 16.82
7.860, 0.7410, 16.69
7.870, 0.7420, 16.75
7.880, 0.7430, 16.94
7.890, 0.7440, 15.85
7.900, 0.7450, 17.39
7.910, 0.7460, 16.36
7.920, 0.7470, 16.88
7.930, 0.7480, 17.59
7.940, 0.7490, 16.96
7.950, 0.7500, 17.00
7.960, 0.7510, 16.49
7.970, 0.7520, 15.57
7.980, 0.7530, 16.59
7.990, 0.7540, 16.20
8.000, 0.7550, 16.06
8.010, 0.7560, 17.08
8.020, 0.7570, 15.57
8.030, 0.7580, 16.62
8.040, 0.7590, 15.29
8.050, 0.7600, 14.71
8.060, 0.7610, 16.02
8.070, 0.7620, 16.34
8.080, 0.7630, 16.29
8.090, 0.7640, 16.48
8.100, 0.7650, 16.83
8.110, 0.7660, 16.47
8.120, 0.7670, 15.36
8.130, 0.7680, 15.87
8.140, 0.7690, 16.77
8.150, 0.7700, 15.77
8.160, 0.7710, 16.60
8.170, 0.7720, 15.90
8.180, 0.7730, 14.30
8.190, 0.7740, 15.58
8.200, 0.7750, 16.07
8.210, 0.7760, 15.91
8.220, 0.7770, 15.83
8.230, 0.7780, 16.00
8.240, 0.7790, 15.03
8.250, 0.7800, 16.05
8.260, 0.7810, 16.16
8.270, 0.7820, 15.80
8.280, 0.7830, 15.58
8.290, 0.7840, 16.34
8.300, 0.7850, 16.53
8.310, 0.7860, 16.67
8.320, 0.7870, 16.45
8.330, 0.7880, 16.22
8.340, 0.7890, 16.25
8.350, 0.7900, 15.94
8.360, 0.7910, 16.14
8.370, 0.7920, 17.06
8.380, 0.7930, 14.58
8.390, 0.7940, 15.95
8.400, 0.7950, 16.41
8.410, 0.7960, 16.73
8.420, 0.7970, 16.03
8.430, 0.7980, 15.14
8.440, 0.7990, 16.88
8.450, 0.8000, 16.94
8.460, 0.8010, 16.59
8.470, 0.8020, 16.05
8.480, 0.8030, 16.11
8.490, 0.8040, 16.62
8.500, 0.8050, 16.49
8.510, 0.8060, 15.91
8.520, 0.8070, 15.93
8.530, 0.8080, 15.45
8.540, 0.8090, 15.61
8.550, 0.8100, 15.94
8.560, 0.8110, 16.38
8.570, 0.8120, 16.65
8.580, 0.8130, 15.65
8.590, 0.8140, 17.10
8.600, 0.8150, 16.24
8.610, 0.8160, 16.47
8.620, 0.8170, 15.99
8.630, 0.8180, 15.56
8.640, 0.8190, 14.68
8.650, 0.8200, 16.09
8.660, 0.8210, 14.65
8.670, 0.8220, 15.57
8.680, 0.8230, 15.98
8.690, 0.8240, 16.34
8.700, 0.8250, 15.30
8.710, 0.8260, 15.32
8.720, 0.8270, 15.51
8.730, 0.8280, 17.00
8.740, 0.8290, 16.38
8.750, 0.8300, 15.91
8.760, 0.8310, 14.88
8.770, 0.8320, 15.95
8.780, 0.8330, 16.60
8.790, 0.8340, 16.27
8.800, 0.8350, 16.09
8.810, 0.8360, 16.13
8.820, 0.8370, 15.35
8.830, 0.8380, 16.11
8.840, 0.8390, 15.67
8.850, 0.8400, 14.88
8.860, 0.8410, 15.22
8.870, 0.8420, 16.13
8.880, 0.8430, 15.56
8.890, 0.8440, 15.43
8.900, 0.8450, 16.41
8.910, 0.8460, 16.30
8.920, 0.8470, 15.17
8.930, 0.8480, 15.29
8.940, 0.8490, 16.93
8.950, 0.8500, 15.50
8.960, 0.8510, 16.43
8.970, 0.8520, 16.33
8.980, 0.8530, 16.19
8.990, 0.8540, 15.21
9.000, 0.8550, 16.29
9.010, 0.8560, 16.06
9.020, 0.8570, 15.97
9.030, 0.8580, 16.41
9.040, 0.8590, 15.98
9.050, 0.8600, 16.09
9.060, 0.8610, 16.00
9.070, 0.8620, 14.83
9.080, 0.8630, 16.04
9.090, 0.8640, 16.08
9.100, 0.8650, 15.48
9.110, 0.8660, 16.07
9.120, 0.8670, 16.31
9.130, 0.8680, 15.09
9.140, 0.8690, 15.66
9.150, 0.8700, 16.16
9.160, 0.8710, 16.35
9.170, 0.8720, 14.23
9.180, 0.8730, 16.75
9.190, 0.8740, 16.69
9.200, 0.8750, 15.79
9.210, 0.8760, 15.20
9.220, 0.8770, 16.38
9.230, 0.8780, 16.48
9.240, 0.8790, 16.37
9.250, 0.8800, 16.04
9.260, 0.8810, 16.54
9.270, 0.8820, 16.26
9.280, 0.8830, 15.26
9.290, 0.8840, 16.43
9.300, 0.8850, 15.85
9.310, 0.8860, 16.09
9.320, 0.8870, 15.73
9.330, 0.8880, 15.68
9.340, 0.8890, 15.42
9.350, 0.8900, 14.16
9.360, 0.8910, 16.92
9.370, 0.8920, 15.95
9.380, 0.8930, 16.09
9.390, 0.8940, 15.24
9.400, 0.8950, 15.02
9.410, 0.8960, 16.98
9.420, 0.8970, 15.70
9.430, 0.8980, 16.09
9.440, 0.8990, 15.83
9.450, 0.9000, 16.42
9.460, 0.9010, 16.55
9.470, 0.9020, 15.83
9.480, 0.9030, 16.51
9.490, 0.9040, 16.69
9.500, 0.9050, 16.61
9.510, 0.9060, 16.82
9.520, 0.9070, 17.16
9.530, 0.9080, 16.63
9.540, 0.9090, 16.76
9.550, 0.9100, 16.00
9.560, 0.9110, 15.56
9.570, 0.9120, 15.75
9.580, 0.9130, 15.43
9.590, 0.9140, 16.80
9.600, 0.9150, 15.58
9.610, 0.9160, 15.75
9.620, 0.9170, 17.19
9.630, 0.9180, 14.80
9.640, 0.9190, 17.16
9.650, 0.9200, 17.24
9.660, 0.9210, 15.68
9.670, 0.9220, 15.74
9.680, 0.9230, 16.52
9.690, 0.9240, 15.31
9.700, 0.9250, 15.38
9.710, 0.9260, 15.40
9.720, 0.9270, 15.39
9.730, 0.9280, 16.18
9.740, 0.9290, 17.03
9.750, 0.9300, 15.40
9.760, 0.9310, 16.06
9.770, 0.9320, 15.91
9.780, 0.9330, 16.98
9.790, 0.9340, 16.49
9.800, 0.9350, 16.36
9.810, 0.9360, 15.97
9.820, 0.9370, 16.09
9.830, 0.9380, 16.28
9.840, 0.9390, 17.97
9.850, 0.9400, 16.17
9.860, 0.9410, 16.47
9.870, 0.9420, 15.92
9.880, 0.9430, 15.27
9.890, 0.9440, 15.37
9.900, 0.9450, 14.93
9.910, 0.9460, 15.29
9.920, 0.9470, 16.19
9.930, 0.9480, 16.25
9.940, 0.9490, 15.58
9.950, 0.9500, 15.45
9.960, 0.9510, 17.48
9.970, 0.9520, 15.64
9.980, 0.9530, 16.58
9.990, 0.9540, 16.69
10.00, 0.9550, 16.59
10.01, 0.9560, 16.77
10.02, 0.9570, 16.36
10.03, 0.9580, 17.81
10.04, 0.9590, 16.20
10.05, 0.9600, 16.50
10.06, 0.9610, 16.80
10.07, 0.9620, 16.24
10.08, 0.9630, 16.99
10.09, 0.9640, 16.48
10.10, 0.9650, 16.55
10.11, 0.9660, 16.68
10.12, 0.9670, 15.77
10.13, 0.9680, 17.81
10.14, 0.9690, 16.61
10.15, 0.9700, 15.12
10.16, 0.9710, 15.63
10.17, 0.9720, 17.42
10.18, 0.9730, 16.27
10.19, 0.9740, 16.53
10.20, 0.9750, 15.80
10.21, 0.9760, 17.39
10.22, 0.9770, 17.03
10.23, 0.9780, 16.95
10.24, 0.9790, 17.47
10.25, 0.9800, 16.47
10.26, 0.9810, 16.49
10.27, 0.9820, 16.39
10.28, 0.9830, 16.44
10.29, 0.9840, 16.61
10.30, 0.9850, 16.68
10.31, 0.9860, 17.40
10.32, 0.9870, 17.59
10.33, 0.9880, 17.70
10.34, 0.9890, 16.83
10.35, 0.9900, 17.86
10.36, 0.9910, 16.97
10.37, 0.9920, 17.34
10.38, 0.9930, 17.65
10.39, 0.9940, 16.82
10.40, 0.9950, 18.02
10.41, 0.9960, 16.53
10.42, 0.9970, 16.20
10.43, 0.9980, 18.50
10.44, 0.9990, 17.13
10.45, 1.000, 17.36
10.46, 1.001, 15.96
10.47, 1.002, 17.29
10.48, 1.003, 16.70
10.49, 1.004, 15.95
10.50, 1.005, 16.20
10.51, 1.006, 16.39
10.52, 1.007, 16.94
10.53, 1.008, 17.23
10.54, 1.009, 17.16
10.55, 1.010, 17.72
10.56, 1.011, 16.78
10.57, 1.012, 17.31
10.58, 1.013, 16.29
10.59, 1.014, 16.58
10.60, 1.015, 17.51
10.61, 1.016, 15.94
10.62, 1.017, 15.00
10.63, 1.018, 17.78
10.64, 1.019, 17.49
10.65, 1.020, 15.49
10.66, 1.021, 17.95
10.67, 1.022, 16.22
10.68, 1.023, 16.28
10.69, 1.024, 16.95
10.70, 1.025, 16.83
10.71, 1.026, 17.04
10.72, 1.027, 17.00
10.73, 1.028, 18.08
10.74, 1.029, 17.51
10.75, 1.030, 16.45
10.76, 1.031, 16.66
10.77, 1.032, 17.28
10.78, 1.033, 19.05
10.79, 1.034, 17.32
10.80, 1.035, 18.09
10.81, 1.036, 17.97
10.82, 1.037, 16.84
10.83, 1.038, 17.74
10.84, 1.039, 18.63
10.85, 1.040, 18.54
10.86, 1.041, 15.20
10.87, 1.042, 17.47
10.88, 1.043, 17.43
10.89, 1.044, 18.23
10.90, 1.045, 17.21
10.91, 1.046, 18.03
10.92, 1.047, 17.23
10.93, 1.048, 16.46
10.94, 1.049, 18.36
10.95, 1.050, 16.19
10.96, 1.051, 17.42
10.97, 1.052, 18.71
10.98, 1.053, 15.81
10.99, 1.054, 17.33
11.00, 1.055, 18.38
11.01, 1.056, 16.99
11.02, 1.057, 17.23
11.03, 1.058, 17.34
11.04, 1.059, 17.13
11.05, 1.060, 18.05
11.06, 1.061, 17.30
11.07, 1.062, 17.40
11.08, 1.063, 19.09
11.09, 1.064, 16.19
11.10, 1.065, 18.61
11.11, 1.066, 17.36
11.12, 1.067, 17.89
11.13, 1.068, 18.61
11.14, 1.069, 17.76
11.15, 1.070, 18.02
11.16, 1.071, 18.18
11.17, 1.072, 19.04
11.18, 1.073, 18.30
11.19, 1.074, 18.50
11.20, 1.075, 17.54
11.21, 1.076, 18.18
11.22, 1.077, 19.25
11.23, 1.078, 17.85
11.24, 1.079, 19.68
11.25, 1.080, 17.38
11.26, 1.081, 18.91
11.27, 1.082, 18.93
11.28, 1.083, 19.23
11.29, 1.084, 18.58
11.30, 1.085, 19.03
11.31, 1.086, 18.15
11.32, 1.087, 17.61
11.33, 1.088, 17.74
11.34, 1.089, 18.78
11.35, 1.090, 18.96
11.36, 1.091, 17.69
11.37, 1.092, 17.36
11.38, 1.093, 18.75
11.39, 1.094, 19.38
11.40, 1.095, 18.55
11.41, 1.096, 19.41
11.42, 1.097, 19.12
11.43, 1.098, 20.49
11.44, 1.099, 19.87
11.45, 1.100, 19.24
11.46, 1.101, 20.68
11.47, 1.102, 19.66
11.48, 1.103, 19.69
11.49, 1.104, 19.59
11.50, 1.105, 19.59
11.51, 1.106, 20.90
11.52, 1.107, 19.09
11.53, 1.108, 19.16
11.54, 1.109, 19.88
11.55, 1.110, 19.93
11.56, 1.111, 18.87
11.57, 1.112, 18.95
11.58, 1.113, 20.27
11.59, 1.114, 19.07
11.60, 1.115, 19.96
11.61, 1.116, 20.21
11.62, 1.117, 20.04
11.63, 1.118, 20.82
11.64, 1.119, 18.70
11.65, 1.120, 20.39
11.66, 1.121, 20.73
11.67, 1.122, 20.60
11.68, 1.123, 20.47
11.69, 1.124, 19.75
11.70, 1.125, 20.15
11.71, 1.126, 19.52
11.72, 1.127, 19.82
11.73, 1.128, 20.77
11.74, 1.129, 19.79
11.75, 1.130, 20.36
11.76, 1.131, 19.88
11.77, 1.132, 20.77
11.78, 1.133, 19.25
11.79, 1.134, 20.38
11.80, 1.135, 19.56
11.81, 1.136, 20.23
11.82, 1.137, 19.51
11.83, 1.138, 20.28
11.84, 1.139, 20.57
11.85, 1.140, 21.32
11.86, 1.141, 21.34
11.87, 1.142, 22.10
11.88, 1.143, 20.44
11.89, 1.144, 20.96
11.90, 1.145, 21.35
11.91, 1.146, 21.61
11.92, 1.147, 20.80
11.93, 1.148, 22.54
11.94, 1.149, 20.24
11.95, 1.150, 21.43
11.96, 1.151, 20.90
11.97, 1.152, 19.44
11.98, 1.153, 21.15
11.99, 1.154, 20.64
12.00, 1.155, 20.01
12.01, 1.156, 22.33
12.02, 1.157, 21.29
12.03, 1.158, 21.08
12.04, 1.159, 22.89
12.05, 1.160, 22.89
12.06, 1.161, 20.60
12.07, 1.162, 21.52
12.08, 1.163, 21.95
12.09, 1.164, 21.88
12.10, 1.165, 22.87
12.11, 1.166, 22.44
12.12, 1.167, 22.71
12.13, 1.168, 22.95
12.14, 1.169, 22.02
12.15, 1.170, 22.52
12.16, 1.171, 21.95
12.17, 1.172, 22.83
12.18, 1.173, 22.36
12.19, 1.174, 21.85
12.20, 1.175, 22.49
12.21, 1.176, 22.26
12.22, 1.177, 23.10
12.23, 1.178, 22.57
12.24, 1.179, 23.14
12.25, 1.180, 21.90
12.26, 1.181, 23.55
12.27, 1.182, 24.17
12.28, 1.183, 22.92
12.29, 1.184, 23.29
12.30, 1.185, 23.71
12.31, 1.186, 23.93
12.32, 1.187, 23.82
12.33, 1.188, 24.73
12.34, 1.189, 23.53
12.35, 1.190, 22.95
12.36, 1.191, 24.34
12.37, 1.192, 23.27
12.38, 1.193, 24.47
12.39, 1.194, 23.33
12.40, 1.195, 23.19
12.41, 1.196, 23.22
12.42, 1.197, 23.76
12.43, 1.198, 24.13
12.44, 1.199, 24.28
12.45, 1.200, 24.43
12.46, 1.201, 25.24
12.47, 1.202, 23.78
12.48, 1.203, 24.88
12.49, 1.204, 25.46
12.50, 1.205, 25.93
12.51, 1.206, 25.53
12.52, 1.207, 25.35
12.53, 1.208, 25.15
12.54, 1.209, 24.69
12.55, 1.210, 24.96
12.56, 1.211, 26.85
12.57, 1.212, 25.79
12.58, 1.213, 24.50
12.59, 1.214, 25.19
12.60, 1.215, 26.60
12.61, 1.216, 26.42
12.62, 1.217, 26.30
12.63, 1.218, 26.22
12.64, 1.219, 26.68
12.65, 1.220, 26.03
12.66, 1.221, 26.41
12.67, 1.222, 26.59
12.68, 1.223, 27.47
12.69, 1.224, 27.33
12.70, 1.225, 27.33
12.71, 1.226, 27.88
12.72, 1.227, 26.57
12.73, 1.228, 28.77
12.74, 1.229, 27.32
12.75, 1.230, 27.27
12.76, 1.231, 27.49
12.77, 1.232, 28.20
12.78, 1.233, 25.90
12.79, 1.234, 28.79
12.80, 1.235, 28.46
12.81, 1.236, 28.20
12.82, 1.237, 29.15
12.83, 1.238, 29.42
12.84, 1.239, 28.55
12.85, 1.240, 30.54
12.86, 1.241, 29.78
12.87, 1.242, 28.36
12.88, 1.243, 29.36
12.89, 1.244, 29.27
12.90, 1.245, 29.76
12.91, 1.246, 30.87
12.92, 1.247, 31.27
12.93, 1.248, 30.93
12.94, 1.249, 32.57
12.95, 1.250, 31.63
12.96, 1.251, 30.33
12.97, 1.252, 31.37
12.98, 1.253, 31.70
12.99, 1.254, 29.15
13.00, 1.255, 31.05
13.01, 1.256, 31.74
13.02, 1.257, 31.64
13.03, 1.258, 33.80
13.04, 1.259, 32.22
13.05, 1.260, 32.12
13.06, 1.261, 33.11
13.07, 1.262, 32.41
13.08, 1.263, 32.91
13.09, 1.264, 32.50
13.10, 1.265, 33.28
13.11, 1.266, 33.90
13.12, 1.267, 33.59
13.13, 1.268, 34.33
13.14, 1.269, 34.99
13.15, 1.270, 34.03
13.16, 1.271, 34.54
13.17, 1.272, 34.99
13.18, 1.273, 34.61
13.19, 1.274, 35.07
13.20, 1.275, 35.18
13.21, 1.276, 35.21
13.22, 1.277, 35.44
13.23, 1.278, 36.78
13.24, 1.279, 36.20
13.25, 1.280, 36.70
13.26, 1.281, 37.22
13.27, 1.282, 37.35
13.28, 1.283, 36.67
13.29, 1.284, 37.33
13.30, 1.285, 38.93
13.31, 1.286, 37.32
13.32, 1.287, 37.35
13.33, 1.288, 38.70
13.34, 1.289, 38.60
13.35, 1.290, 39.52
13.36, 1.291, 39.33
13.37, 1.292, 40.00
13.38, 1.293, 39.67
13.39, 1.294, 40.35
13.40, 1.295, 40.41
13.41, 1.296, 41.00
13.42, 1.297, 40.51
13.43, 1.298, 42.00
13.44, 1.299, 41.20
13.45, 1.300, 42.18
13.46, 1.301, 42.25
13.47, 1.302, 43.63
13.48, 1.303, 44.09
13.49, 1.304, 44.22
13.50, 1.305, 43.70
13.51, 1.306, 42.96
13.52, 1.307, 43.98
13.53, 1.308, 44.96
13.54, 1.309, 44.98
13.55, 1.310, 44.89
13.56, 1.311, 45.92
13.57, 1.312, 45.47
13.58, 1.313, 44.47
13.59, 1.314, 45.92
13.60, 1.315, 45.83
13.61, 1.316, 47.34
13.62, 1.317, 46.37
13.63, 1.318, 45.53
13.64, 1.319, 47.43
13.65, 1.320, 48.27
13.66, 1.321, 47.87
13.67, 1.322, 47.50
13.68, 1.323, 48.43
13.69, 1.324, 47.83
13.70, 1.325, 49.09
13.71, 1.326, 49.65
13.72, 1.327, 48.30
13.73, 1.328, 48.99
13.74, 1.329, 49.81
13.75, 1.330, 49.40
13.76, 1.331, 50.35
13.77, 1.332, 51.71
13.78, 1.333, 51.34
13.79, 1.334, 50.77
13.80, 1.335, 51.56
13.81, 1.336, 51.60
13.82, 1.337, 51.42
13.83, 1.338, 51.84
13.84, 1.339, 51.99
13.85, 1.340, 53.54
13.86, 1.341, 53.16
13.87, 1.342, 53.78
13.88, 1.343, 54.36
13.89, 1.344, 53.78
13.90, 1.345, 54.00
13.91, 1.346, 54.94
13.92, 1.347, 55.00
13.93, 1.348, 56.11
13.94, 1.349, 55.80
13.95, 1.350, 55.97
13.96, 1.351, 54.55
13.97, 1.352, 56.09
13.98, 1.353, 56.61
13.99, 1.354, 56.90
14.00, 1.355, 56.51
14.01, 1.356, 56.57
14.02, 1.357, 57.80
14.03, 1.358, 56.76
14.04, 1.359, 58.19
14.05, 1.360, 57.23
14.06, 1.361, 58.03
14.07, 1.362, 57.20
14.08, 1.363, 57.78
14.09, 1.364, 58.50
14.10, 1.365, 58.18
14.11, 1.366, 58.72
14.12, 1.367, 58.28
14.13, 1.368, 59.64
14.14, 1.369, 59.12
14.15, 1.370, 60.17
14.16, 1.371, 59.11
14.17, 1.372, 58.71
14.18, 1.373, 59.82
14.19, 1.374, 60.44
14.20, 1.375, 59.27
14.21, 1.376, 61.24
14.22, 1.377, 60.76
14.23, 1.378, 60.65
14.24, 1.379, 60.14
14.25, 1.380, 59.81
14.26, 1.381, 59.67
14.27, 1.382, 60.79
14.28, 1.383, 60.67
14.29, 1.384, 62.36
14.30, 1.385, 60.34
14.31, 1.386, 60.95
14.32, 1.387, 61.51
14.33, 1.388, 61.44
14.34, 1.389, 60.92
14.35, 1.390, 61.83
14.36, 1.391, 62.11
14.37, 1.392, 61.96
14.38, 1.393, 61.43
14.39, 1.394, 61.62
14.40, 1.395, 62.42
14.41, 1.396, 61.60
14.42, 1.397, 61.69
14.43, 1.398, 62.31
14.44, 1.399, 63.27
14.45, 1.400, 62.60
14.46, 1.401, 62.27
14.47, 1.402, 61.78
14.48, 1.403, 62.58
14.49, 1.404, 63.29
14.50, 1.405, 63.31
14.51, 1.406, 63.53
14.52, 1.407, 63.56
14.53, 1.408, 62.09
14.54, 1.409, 63.20
14.55, 1.410, 63.58
14.56, 1.411, 63.86
14.57, 1.412, 63.24
14.58, 1.413, 62.93
14.59, 1.414, 64.84
14.60, 1.415, 63.85
14.61, 1.416, 63.04
14.62, 1.417, 64.05
14.63, 1.418, 63.88
14.64, 1.419, 64.12
14.65, 1.420, 64.29
14.66, 1.421, 64.35
14.67, 1.422, 63.44
14.68, 1.423, 62.97
14.69, 1.424, 64.06
14.70, 1.425, 63.22
14.71, 1.426, 63.25
14.72, 1.427, 63.51
14.73, 1.428, 64.75
14.74, 1.429, 63.56
14.75, 1.430, 64.36
14.76, 1.431, 62.64
14.77, 1.432, 63.79
14.78, 1.433, 64.89
14.79, 1.434, 64.95
14.80, 1.435, 63.76
14.81, 1.436, 64.13
14.82, 1.437, 64.05
14.83, 1.438, 64.58
14.84, 1.439, 63.57
14.85, 1.440, 64.11
14.86, 1.441, 63.56
14.87, 1.442, 63.53
14.88, 1.443, 64.71
14.89, 1.444, 63.32
14.90, 1.445, 63.70
14.91, 1.446, 64.56
14.92, 1.447, 65.27
14.93, 1.448, 64.67
14.94, 1.449, 63.90
14.95, 1.450, 64.66
14.96, 1.451, 64.28
14.97, 1.452, 64.42
14.98, 1.453, 65.05
14.99, 1.454, 64.02
15.00, 1.455, 64.47
15.01, 1.456, 64.44
15.02, 1.457, 65.05
15.03, 1.458, 64.59
15.04, 1.459, 65.28
15.05, 1.460, 65.19
15.06, 1.461, 65.04
15.07, 1.462, 65.02
15.08, 1.463, 65.59
15.09, 1.464, 63.87
15.10, 1.465, 65.35
15.11, 1.466, 65.08
15.12, 1.467, 64.99
15.13, 1.468, 65.49
15.14, 1.469, 66.06
15.15, 1.470, 64.91
15.16, 1.471, 65.64
15.17, 1.472, 64.85
15.18, 1.473, 65.85
15.19, 1.474, 64.20
15.20, 1.475, 65.46
15.21, 1.476, 66.57
15.22, 1.477, 64.62
15.23, 1.478, 64.80
15.24, 1.479, 65.03
15.25, 1.480, 64.86
15.26, 1.481, 65.69
15.27, 1.482, 66.39
15.28, 1.483, 65.48
15.29, 1.484, 66.54
15.30, 1.485, 66.87
15.31, 1.486, 67.28
15.32, 1.487, 67.05
15.33, 1.488, 66.62
15.34, 1.489, 66.50
15.35, 1.490, 66.17
15.36, 1.491, 66.41
15.37, 1.492, 67.31
15.38, 1.493, 66.98
15.39, 1.494, 66.93
15.40, 1.495, 67.29
15.41, 1.496, 67.57
15.42, 1.497, 67.23
15.43, 1.498, 66.36
15.44, 1.499, 68.20
15.45, 1.500, 67.39
15.46, 1.501, 67.03
15.47, 1.502, 67.42
15.48, 1.503, 68.18
15.49, 1.504, 66.47
15.50, 1.505, 68.32
15.51, 1.506, 66.98
15.52, 1.507, 67.95
15.53, 1.508, 68.53
15.54, 1.509, 68.44
15.55, 1.510, 67.68
15.56, 1.511, 67.75
15.57, 1.512, 68.51
15.58, 1.513, 68.16
15.59, 1.514, 69.21
15.60, 1.515, 69.28
15.61, 1.516, 68.32
15.62, 1.517, 68.11
15.63, 1.518, 69.44
15.64, 1.519, 69.77
15.65, 1.520, 70.48
15.66, 1.521, 70.11
15.67, 1.522, 69.93
15.68, 1.523, 71.02
15.69, 1.524, 70.08
15.70, 1.525, 70.04
15.71, 1.526, 70.42
15.72, 1.527, 70.14
15.73, 1.528, 70.42
15.74, 1.529, 71.28
15.75, 1.530, 70.28
15.76, 1.531, 70.58
15.77, 1.532, 71.51
15.78, 1.533, 70.63
15.79, 1.534, 68.95
15.80, 1.535, 71.22
15.81, 1.536, 71.94
15.82, 1.537, 71.40
15.83, 1.538, 71.52
15.84, 1.539, 72.51
15.85, 1.540, 73.58
15.86, 1.541, 71.58
15.87, 1.542, 73.25
15.88, 1.543, 72.86
15.89, 1.544, 74.06
15.90, 1.545, 73.01
15.91, 1.546, 73.10
15.92, 1.547, 74.24
15.93, 1.548, 72.89
15.94, 1.549, 73.51
15.95, 1.550, 74.18
15.96, 1.551, 74.29
15.97, 1.552, 75.37
15.98, 1.553, 76.09
15.99, 1.554, 76.31
16.00, 1.555, 78.56
16.01, 1.556, 80.50
16.02, 1.557, 82.24
16.03, 1.558, 81.29
16.04, 1.559, 81.12
16.05, 1.560, 81.51
16.06, 1.561, 80.00
16.07, 1.562, 79.91
16.08, 1.563, 81.53
16.09, 1.564, 81.31
16.10, 1.565, 82.06
16.11, 1.566, 81.32
16.12, 1.567, 80.89
16.13, 1.568, 82.81
16.14, 1.569, 82.52
16.15, 1.570, 82.96
16.16, 1.571, 83.78
16.17, 1.572, 83.76
16.18, 1.573, 84.04
16.19, 1.574, 84.02
16.20, 1.575, 84.59
16.21, 1.576, 83.03
16.22, 1.577, 84.84
16.23, 1.578, 84.70
16.24, 1.579, 85.38
16.25, 1.580, 85.57
16.26, 1.581, 85.58
16.27, 1.582, 86.72
16.28, 1.583, 86.36
16.29, 1.584, 86.62
16.30, 1.585, 88.33
16.31, 1.586, 88.73
16.32, 1.587, 87.54
16.33, 1.588, 88.28
16.34, 1.589, 87.75
16.35, 1.590, 87.37
16.36, 1.591, 88.31
16.37, 1.592, 90.36
16.38, 1.593, 89.22
16.39, 1.594, 89.06
16.40, 1.595, 88.78
16.41, 1.596, 89.46
16.42, 1.597, 91.11
16.43, 1.598, 90.83
16.44, 1.599, 90.60
16.45, 1.600, 90.63
16.46, 1.601, 91.57
16.47, 1.602, 91.91
16.48, 1.603, 91.51
16.49, 1.604, 91.32
16.50, 1.605, 93.02
16.51, 1.606, 92.32
16.52, 1.607, 93.42
16.53, 1.608, 94.10
16.54, 1.609, 94.80
16.55, 1.610, 94.70
16.56, 1.611, 94.48
16.57, 1.612, 95.64
16.58, 1.613, 95.21
16.59, 1.614, 94.96
16.60, 1.615, 94.18
16.61, 1.616, 97.65
16.62, 1.617, 95.84
16.63, 1.618, 96.56
16.64, 1.619, 96.42
16.65, 1.620, 96.43
16.66, 1.621, 97.72
16.67, 1.622, 97.40
16.68, 1.623, 98.88
16.69, 1.624, 98.83
16.70, 1.625, 98.54
16.71, 1.626, 100.9
16.72, 1.627, 99.99
16.73, 1.628, 99.95
16.74, 1.629, 102.2
16.75, 1.630, 101.4
16.76, 1.631, 101.2
16.77, 1.632, 101.5
16.78, 1.633, 102.5
16.79, 1.634, 102.9
16.80, 1.635, 102.8
16.81, 1.636, 103.5
16.82, 1.637, 103.1
16.83, 1.638, 103.2
16.84, 1.639, 104.3
16.85, 1.640, 102.1
16.86, 1.641, 105.3
16.87, 1.642, 104.1
16.88, 1.643, 105.8
16.89, 1.644, 105.9
16.90, 1.645, 104.7
16.91, 1.646, 105.9
16.92, 1.647, 107.0
16.93, 1.648, 107.5
16.94, 1.649, 107.6
16.95, 1.650, 106.3
16.96, 1.651, 108.6
16.97, 1.652, 108.5
16.98, 1.653, 109.8
16.99, 1.654, 109.3
17.00, 1.655, 108.2
17.01, 1.656, 109.6
17.02, 1.657, 110.6
17.03, 1.658, 110.8
17.04, 1.659, 110.9
17.05, 1.660, 112.2
17.06, 1.661, 111.6
17.07, 1.662, 111.4
17.08, 1.663, 114.4
17.09, 1.664, 114.8
17.10, 1.665, 114.8
17.11, 1.666, 116.2
17.12, 1.667, 115.9
17.13, 1.668, 116.4
17.14, 1.669, 118.3
17.15, 1.670, 117.7
17.16, 1.671, 118.0
17.17, 1.672, 119.5
17.18, 1.673, 119.5
17.19, 1.674, 120.4
17.20, 1.675, 120.7
17.21, 1.676, 120.3
17.22, 1.677, 119.7
17.23, 1.678, 120.3
17.24, 1.679, 121.0
17.25, 1.680, 121.5
17.26, 1.681, 120.9
17.27, 1.682, 123.1
17.28, 1.683, 122.3
17.29, 1.684, 123.4
17.30, 1.685, 125.1
17.31, 1.686, 124.5
17.32, 1.687, 124.7
17.33, 1.688, 125.8
17.34, 1.689, 124.5
17.35, 1.690, 127.0
17.36, 1.691, 127.6
17.37, 1.692, 127.3
17.38, 1.693, 126.9
17.39, 1.694, 129.5
17.40, 1.695, 128.0
17.41, 1.696, 130.1
17.42, 1.697, 129.4
17.43, 1.698, 130.4
17.44, 1.699, 130.3
17.45, 1.700, 131.8
17.46, 1.701, 132.4
17.47, 1.702, 133.0
17.48, 1.703, 132.4
17.49, 1.704, 133.0
17.50, 1.705, 132.1
17.51, 1.706, 132.8
17.52, 1.707, 134.3
17.53, 1.708, 134.8
17.54, 1.709, 133.6
17.55, 1.710, 135.5
17.56, 1.711, 136.2
17.57, 1.712, 137.3
17.58, 1.713, 136.0
17.59, 1.714, 138.1
17.60, 1.715, 138.7
17.61, 1.716, 138.5
17.62, 1.717, 140.9
17.63, 1.718, 140.4
17.64, 1.719, 139.5
17.65, 1.720, 141.3
17.66, 1.721, 142.5
17.67, 1.722, 143.8
17.68, 1.723, 142.3
17.69, 1.724, 145.0
17.70, 1.725, 145.4
17.71, 1.726, 144.4
17.72, 1.727, 145.6
17.73, 1.728, 146.5
17.74, 1.729, 147.9
17.75, 1.730, 146.9
17.76, 1.731, 148.3
17.77, 1.732, 148.5
17.78, 1.733, 147.8
17.79, 1.734, 148.4
17.80, 1.735, 149.1
17.81, 1.736, 149.6
17.82, 1.737, 150.9
17.83, 1.738, 150.2
17.84, 1.739, 152.5
17.85, 1.740, 152.8
17.86, 1.741, 153.1
17.87, 1.742, 154.4
17.88, 1.743, 153.7
17.89, 1.744, 154.9
17.90, 1.745, 156.9
17.91, 1.746, 156.2
17.92, 1.747, 157.4
17.93, 1.748, 157.2
17.94, 1.749, 157.8
17.95, 1.750, 158.4
17.96, 1.751, 158.3
17.97, 1.752, 158.8
17.98, 1.753, 159.4
17.99, 1.754, 160.5
18.00, 1.755, 161.3
18.01, 1.756, 161.4
18.02, 1.757, 161.7
18.03, 1.758, 162.0
18.04, 1.759, 162.6
18.05, 1.760, 162.8
18.06, 1.761, 165.5
18.07, 1.762, 165.4
18.08, 1.763, 166.1
18.09, 1.764, 166.5
18.10, 1.765, 165.0
18.11, 1.766, 168.8
18.12, 1.767, 168.9
18.13, 1.768, 168.8
18.14, 1.769, 171.1
18.15, 1.770, 170.3
18.16, 1.771, 170.3
18.17, 1.772, 171.6
18.18, 1.773, 172.9
18.19, 1.774, 174.1
18.20, 1.775, 175.1
18.21, 1.776, 175.2
18.22, 1.777, 175.4
18.23, 1.778, 175.7
18.24, 1.779, 176.3
18.25, 1.780, 177.2
18.26, 1.781, 178.4
18.27, 1.782, 177.4
18.28, 1.783, 177.9
18.29, 1.784, 181.4
18.30, 1.785, 180.3
18.31, 1.786, 180.1
18.32, 1.787, 182.1
18.33, 1.788, 182.5
18.34, 1.789, 182.0
18.35, 1.790, 184.7
18.36, 1.791, 186.1
18.37, 1.792, 184.8
18.38, 1.793, 188.3
18.39, 1.794, 188.6
18.40, 1.795, 188.5
18.41, 1.796, 191.1
18.42, 1.797, 191.8
18.43, 1.798, 192.2
18.44, 1.799, 193.4
18.45, 1.800, 191.4
18.46, 1.801, 195.3
18.47, 1.802, 194.7
18.48, 1.803, 194.9
18.49, 1.804, 197.0
18.50, 1.805, 196.6
18.51, 1.806, 195.8
18.52, 1.807, 198.2
18.53, 1.808, 197.5
18.54, 1.809, 199.2
18.55, 1.810, 201.6
18.56, 1.811, 201.9
18.57, 1.812, 203.8
18.58, 1.813, 205.8
18.59, 1.814, 202.5
18.60, 1.815, 205.1
18.61, 1.816, 205.3
18.62, 1.817, 206.6
18.63, 1.818, 206.9
18.64, 1.819, 207.2
18.65, 1.820, 209.1
18.66, 1.821, 206.2
18.67, 1.822, 209.9
18.68, 1.823, 210.3
18.69, 1.824, 212.0
18.70, 1.825, 211.7
18.71, 1.826, 212.6
18.72, 1.827, 213.7
18.73, 1.828, 215.6
18.74, 1.829, 216.4
18.75, 1.830, 218.2
18.76, 1.831, 217.6
18.77, 1.832, 219.5
18.78, 1.833, 221.1
18.79, 1.834, 222.0
18.80, 1.835, 222.7
18.81, 1.836, 224.1
18.82, 1.837, 222.9
18.83, 1.838, 225.1
18.84, 1.839, 228.1
18.85, 1.840, 228.7
18.86, 1.841, 227.7
18.87, 1.842, 229.0
18.88, 1.843, 229.3
18.89, 1.844, 231.4
18.90, 1.845, 231.0
18.91, 1.846, 232.7
18.92, 1.847, 233.8
18.93, 1.848, 234.5
18.94, 1.849, 236.5
18.95, 1.850, 237.6
18.96, 1.851, 237.8
18.97, 1.852, 240.4
18.98, 1.853, 241.7
18.99, 1.854, 242.0
19.00, 1.855, 243.0
19.01, 1.856, 243.0
19.02, 1.857, 246.4
19.03, 1.858, 245.6
19.04, 1.859, 247.3
19.05, 1.860, 247.9
19.06, 1.861, 246.8
19.07, 1.862, 248.7
19.08, 1.863, 250.4
19.09, 1.864, 250.6
19.10, 1.865, 253.9
19.11, 1.866, 254.6
19.12, 1.867, 253.9
19.13, 1.868, 256.7
19.14, 1.869, 258.2
19.15, 1.870, 259.9
19.16, 1.871, 260.3
19.17, 1.872, 262.9
19.18, 1.873, 263.1
19.19, 1.874, 264.6
19.20, 1.875, 267.3
19.21, 1.876, 267.6
19.22, 1.877, 267.3
19.23, 1.878, 267.5
19.24, 1.879, 271.7
19.25, 1.880, 272.0
19.26, 1.881, 273.8
19.27, 1.882, 274.1
19.28, 1.883, 275.0
19.29, 1.884, 276.9
19.30, 1.885, 278.2
19.31, 1.886, 280.5
19.32, 1.887, 281.1
19.33, 1.888, 282.7
19.34, 1.889, 283.7
19.35, 1.890, 286.3
19.36, 1.891, 285.8
19.37, 1.892, 287.8
19.38, 1.893, 288.7
19.39, 1.894, 290.2
19.40, 1.895, 291.3
19.41, 1.896, 293.1
19.42, 1.897, 294.5
19.43, 1.898, 297.6
19.44, 1.899, 298.6
19.45, 1.900, 299.4
19.46, 1.901, 301.2
19.47, 1.902, 304.3
19.48, 1.903, 305.7
19.49, 1.904, 305.7
19.50, 1.905, 307.7
19.51, 1.906, 311.0
19.52, 1.907, 311.3
19.53, 1.908, 312.2
19.54, 1.909, 313.7
19.55, 1.910, 316.0
19.56, 1.911, 319.0
19.57, 1.912, 318.9
19.58, 1.913, 320.3
19.59, 1.914, 322.9
19.60, 1.915, 322.7
19.61, 1.916, 323.8
19.62, 1.917, 325.8
19.63, 1.918, 327.2
19.64, 1.919, 329.1
19.65, 1.920, 329.5
19.66, 1.921, 333.1
19.67, 1.922, 333.7
19.68, 1.923, 333.4
19.69, 1.924, 337.3
19.70, 1.925, 337.5
19.71, 1.926, 337.8
19.72, 1.927, 340.8
19.73, 1.928, 343.7
19.74, 1.929, 343.8
19.75, 1.930, 345.5
19.76, 1.931, 346.1
19.77, 1.932, 347.4
19.78, 1.933, 348.8
19.79, 1.934, 349.9
19.80, 1.935, 350.6
19.81, 1.936, 350.4
19.82, 1.937, 353.3
19.83, 1.938, 354.0
19.84, 1.939, 353.1
19.85, 1.940, 355.3
19.86, 1.941, 356.6
19.87, 1.942, 358.5
19.88, 1.943, 359.1
19.89, 1.944, 362.1
19.90, 1.945, 361.7
19.91, 1.946, 362.6
19.92, 1.947, 365.5
19.93, 1.948, 365.3
19.94, 1.949, 366.6
19.95, 1.950, 369.6
19.96, 1.951, 370.1
19.97, 1.952, 369.5
19.98, 1.953, 372.8
19.99, 1.954, 374.7
20.00, 1.955, 375.4
20.01, 1.956, 376.7
20.02, 1.957, 377.0
20.03, 1.958, 376.8
20.04, 1.959, 379.2
20.05, 1.960, 380.0
20.06, 1.961, 383.4
20.07, 1.962, 386.0
20.08, 1.963, 387.9
20.09, 1.964, 390.0
20.10, 1.965, 391.9
20.11, 1.966, 392.6
20.12, 1.967, 393.1
20.13, 1.968, 393.2
20.14, 1.969, 395.0
20.15, 1.970, 396.6
20.16, 1.971, 397.7
20.17, 1.972, 400.0
20.18, 1.973, 401.7
20.19, 1.974, 403.8
20.20, 1.975, 404.0
20.21, 1.976, 405.4
20.22, 1.977, 406.7
20.23, 1.978, 406.6
20.24, 1.979, 408.4
20.25, 1.980, 409.4
20.26, 1.981, 412.6
20.27, 1.982, 413.6
20.28, 1.983, 414.5
20.29, 1.984, 413.7
20.30, 1.985, 413.8
20.31, 1.986, 414.7
20.32, 1.987, 414.4
20.33, 1.988, 414.9
20.34, 1.989, 415.0
20.35, 1.990, 415.5
20.36, 1.991, 416.9
20.37, 1.992, 415.2
20.38, 1.993, 415.6
20.39, 1.994, 414.6
20.40, 1.995, 415.8
20.41, 1.996, 415.8
20.42, 1.997, 416.2
20.43, 1.998, 417.0
20.44, 1.999, 417.5
20.45, 2.000, 417.7
20.46, 1.999, 418.0
20.47, 1.998, 418.6
20.48, 1.997, 419.3
20.49, 1.996, 419.7
20.50, 1.995, 419.2
20.51, 1.994, 420.1
20.52, 1.993, 420.5
20.53, 1.992, 418.9
20.54, 1.991, 419.1
20.55, 1.990, 420.0
20.56, 1.989, 420.7
20.57, 1.988, 422.0
20.58, 1.987, 421.9
20.59, 1.986, 422.9
20.60, 1.985, 422.7
20.61, 1.984, 422.5
20.62, 1.983, 423.1
20.63, 1.982, 423.3
20.64, 1.981, 421.4
20.65, 1.980, 422.1
20.66, 1.979, 421.5
20.67, 1.978, 419.7
20.68, 1.977, 420.4
20.69, 1.976, 419.2
20.70, 1.975, 416.0
20.71, 1.974, 416.9
20.72, 1.973, 415.2
20.73, 1.972, 415.0
20.74, 1.971, 413.2
20.75, 1.970, 413.9
20.76, 1.969, 412.0
20.77, 1.968, 409.7
20.78, 1.967, 410.0
20.79, 1.966, 408.3
20.80, 1.965, 408.4
20.81, 1.964, 407.7
20.82, 1.963, 407.0
20.83, 1.962, 404.7
20.84, 1.961, 405.0
20.85, 1.960, 404.1
20.86, 1.959, 399.1
20.87, 1.958, 399.1
20.88, 1.957, 398.6
20.89, 1.956, 395.7
20.90, 1.955, 396.8
20.91, 1.954, 395.6
20.92, 1.953, 394.4
20.93, 1.952, 391.9
20.94, 1.951, 393.5
20.95, 1.950, 392.4
20.96, 1.949, 389.9
20.97, 1.948, 389.2
20.98, 1.947, 388.5
20.99, 1.946, 388.5
21.00, 1.945, 387.8
21.01, 1.944, 386.0
21.02, 1.943, 384.2
21.03, 1.942, 383.7
21.04, 1.941, 382.0
21.05, 1.940, 381.1
21.06, 1.939, 379.5
21.07, 1.938, 379.0
21.08, 1.937, 379.4
21.09, 1.936, 377.7
21.10, 1.935, 374.9
21.11, 1.934, 374.4
21.12, 1.933, 373.8
21.13, 1.932, 373.3
21.14, 1.931, 369.0
21.15, 1.930, 371.5
21.16, 1.929, 369.5
21.17, 1.928, 368.9
21.18, 1.927, 366.4
21.19, 1.926, 366.0
21.20, 1.925, 366.0
21.21, 1.924, 363.8
21.22, 1.923, 363.2
21.23, 1.922, 363.8
21.24, 1.921, 362.7
21.25, 1.920, 361.0
21.26, 1.919, 360.7
21.27, 1.918, 359.7
21.28, 1.917, 359.0
21.29, 1.916, 357.7
21.30, 1.915, 355.7
21.31, 1.914, 353.8
21.32, 1.913, 353.8
21.33, 1.912, 352.3
21.34, 1.911, 350.6
21.35, 1.910, 349.7
21.36, 1.909, 348.5
21.37, 1.908, 346.5
21.38, 1.907, 345.5
21.39, 1.906, 344.5
21.40, 1.905, 344.0
21.41, 1.904, 343.0
21.42, 1.903, 341.9
21.43, 1.902, 342.0
21.44, 1.901, 339.8
21.45, 1.900, 338.8
21.46, 1.899, 339.2
21.47, 1.898, 338.1
21.48, 1.897, 335.1
21.49, 1.896, 336.1
21.50, 1.895, 335.4
21.51, 1.894, 334.2
21.52, 1.893, 332.6
21.53, 1.892, 331.8
21.54, 1.891, 331.4
21.55, 1.890, 329.0
21.56, 1.889, 328.9
21.57, 1.888, 327.5
21.58, 1.887, 326.7
21.59, 1.886, 325.9
21.60, 1.885, 325.3
21.61, 1.884, 323.7
21.62, 1.883, 322.6
21.63, 1.882, 322.3
21.64, 1.881, 320.7
21.65, 1.880, 320.0
21.66, 1.879, 319.1
21.67, 1.878, 317.9
21.68, 1.877, 315.9
21.69, 1.876, 314.3
21.70, 1.875, 315.2
21.71, 1.874, 316.1
21.72, 1.873, 312.7
21.73, 1.872, 311.3
21.74, 1.871, 310.6
21.75, 1.870, 309.1
21.76, 1.869, 309.1
21.77, 1.868, 309.7
21.78, 1.867, 306.5
21.79, 1.866, 305.5
21.80, 1.865, 303.7
21.81, 1.864, 303.4
21.82, 1.863, 301.0
21.83, 1.862, 301.0
21.84, 1.861, 301.2
21.85, 1.860, 298.7
21.86, 1.859, 297.7
21.87, 1.858, 298.3
21.88, 1.857, 295.5
21.89, 1.856, 294.4
21.90, 1.855, 293.4
21.91, 1.854, 294.3
21.92, 1.853, 292.2
21.93, 1.852, 290.6
21.94, 1.851, 291.5
21.95, 1.850, 289.6
21.96, 1.849, 289.4
21.97, 1.848, 287.3
21.98, 1.847, 285.7
21.99, 1.846, 286.4
22.00, 1.845, 285.5
22.01, 1.844, 283.5
22.02, 1.843, 283.2
22.03, 1.842, 281.7
22.04, 1.841, 281.0
22.05, 1.840, 281.8
22.06, 1.839, 280.2
22.07, 1.838, 279.7
22.08, 1.837, 276.4
22.09, 1.836, 275.9
22.10, 1.835, 275.3
22.11, 1.834, 274.2
22.12, 1.833, 273.7
22.13, 1.832, 273.5
22.14, 1.831, 269.9
22.15, 1.830, 269.1
22.16, 1.829, 267.9
22.17, 1.828, 266.4
22.18, 1.827, 265.2
22.19, 1.826, 266.9
22.20, 1.825, 264.4
22.21, 1.824, 262.7
22.22, 1.823, 261.3
22.23, 1.822, 260.9
22.24, 1.821, 260.9
22.25, 1.820, 259.8
22.26, 1.819, 257.7
22.27, 1.818, 255.3
22.28, 1.817, 255.6
22.29, 1.816, 255.8
22.30, 1.815, 252.3
22.31, 1.814, 251.9
22.32, 1.813, 253.0
22.33, 1.812, 249.4
22.34, 1.811, 249.8
22.35, 1.810, 250.1
22.36, 1.809, 248.1
22.37, 1.808, 247.0
22.38, 1.807, 246.9
22.39, 1.806, 243.9
22.40, 1.805, 243.8
22.41, 1.804, 244.6
22.42, 1.803, 243.0
22.43, 1.802, 240.7
22.44, 1.801, 241.7
22.45, 1.800, 241.3
22.46, 1.799, 238.5
22.47, 1.798, 238.6
22.48, 1.797, 238.3
22.49, 1.796, 237.1
22.50, 1.795, 235.6
22.51, 1.794, 234.6
22.52, 1.793, 233.1
22.53, 1.792, 231.9
22.54, 1.791, 232.6
22.55, 1.790, 229.7
22.56, 1.789, 232.3
22.57, 1.788, 229.8
22.58, 1.787, 228.4
22.59, 1.786, 226.6
22.60, 1.785, 226.6
22.61, 1.784, 225.5
22.62, 1.783, 224.7
22.63, 1.782, 222.2
22.64, 1.781, 222.2
22.65, 1.780, 220.7
22.66, 1.779, 220.2
22.67, 1.778, 218.6
22.68, 1.777, 218.5
22.69, 1.776, 216.9
22.70, 1.775, 216.4
22.71, 1.774, 214.1
22.72, 1.773, 214.2
22.73, 1.772, 214.5
22.74, 1.771, 213.1
22.75, 1.770, 212.7
22.76, 1.769, 210.9
22.77, 1.768, 209.7
22.78, 1.767, 209.2
22.79, 1.766, 209.2
22.80, 1.765, 207.6
22.81, 1.764, 205.6
22.82, 1.763, 205.7
22.83, 1.762, 204.0
22.84, 1.761, 204.5
22.85, 1.760, 203.4
22.86, 1.759, 202.7
22.87, 1.758, 199.8
22.88, 1.757, 200.0
22.89, 1.756, 199.8
22.90, 1.755, 197.5
22.91, 1.754, 197.2
22.92, 1.753, 196.4
22.93, 1.752, 195.1
22.94, 1.751, 193.9
22.95, 1.750, 195.5
22.96, 1.749, 196.5
22.97, 1.748, 193.0
22.98, 1.747, 191.8
22.99, 1.746, 191.8
23.00, 1.745, 190.4
23.01, 1.744, 188.1
23.02, 1.743, 188.0
23.03, 1.742, 187.9
23.04, 1.741, 185.1
23.05, 1.740, 184.1
23.06, 1.739, 183.2
23.07, 1.738, 185.7
23.08, 1.737, 183.3
23.09, 1.736, 180.8
23.10, 1.735, 181.7
23.11, 1.734, 180.2
23.12, 1.733, 181.0
23.13, 1.732, 178.9
23.14, 1.731, 178.3
23.15, 1.730, 177.8
23.16, 1.729, 178.4
23.17, 1.728, 175.8
23.18, 1.727, 175.7
23.19, 1.726, 173.5
23.20, 1.725, 172.1
23.21, 1.724, 171.9
23.22, 1.723, 172.2
23.23, 1.722, 171.4
23.24, 1.721, 170.5
23.25, 1.720, 167.9
23.26, 1.719, 168.2
23.27, 1.718, 169.0
23.28, 1.717, 166.2
23.29, 1.716, 166.7
23.30, 1.715, 165.0
23.31, 1.714, 164.6
23.32, 1.713, 163.3
23.33, 1.712, 162.2
23.34, 1.711, 162.5
23.35, 1.710, 161.1
23.36, 1.709, 160.2
23.37, 1.708, 161.1
23.38, 1.707, 158.6
23.39, 1.706, 157.8
23.40, 1.705, 158.4
23.41, 1.704, 157.6
23.42, 1.703, 156.0
23.43, 1.702, 156.3
23.44, 1.701, 155.5
23.45, 1.700, 151.9
23.46, 1.699, 151.0
23.47, 1.698, 151.7
23.48, 1.697, 149.6
23.49, 1.696, 150.5
23.50, 1.695, 148.5
23.51, 1.694, 147.5
23.52, 1.693, 146.7
23.53, 1.692, 144.8
23.54, 1.691, 145.1
23.55, 1.690, 144.4
23.56, 1.689, 142.2
23.57, 1.688, 144.5
23.58, 1.687, 141.9
23.59, 1.686, 141.2
23.60, 1.685, 140.6
23.61, 1.684, 140.5
23.62, 1.683, 138.6
23.63, 1.682, 139.4
23.64, 1.681, 138.7
23.65, 1.680, 139.2
23.66, 1.679, 136.5
23.67, 1.678, 135.9
23.68, 1.677, 137.8
23.69, 1.676, 135.7
23.70, 1.675, 133.0
23.71, 1.674, 132.2
23.72, 1.673, 133.2
23.73, 1.672, 131.8
23.74, 1.671, 131.8
23.75, 1.670, 131.3
23.76, 1.669, 130.2
23.77, 1.668, 128.8
23.78, 1.667, 129.5
23.79, 1.666, 127.0
23.80, 1.665, 126.6
23.81, 1.664, 124.8
23.82, 1.663, 126.1
23.83, 1.662, 125.3
23.84, 1.661, 124.3
23.85, 1.660, 124.2
23.86, 1.659, 123.8
23.87, 1.658, 122.3
23.88, 1.657, 120.0
23.89, 1.656, 118.7
23.90, 1.655, 118.7
23.91, 1.654, 119.7
23.92, 1.653, 115.9
23.93, 1.652, 117.6
23.94, 1.651, 116.0
23.95, 1.650, 114.8
23.96, 1.649, 114.2
23.97, 1.648, 112.9
23.98, 1.647, 114.3
23.99, 1.646, 112.4
24.00, 1.645, 111.4
24.01, 1.644, 111.3
24.02, 1.643, 111.0
24.03, 1.642, 109.0
24.04, 1.641, 108.9
24.05, 1.640, 107.9
24.06, 1.639, 108.6
24.07, 1.638, 107.0
24.08, 1.637, 107.1
24.09, 1.636, 107.0
24.10, 1.635, 104.3
24.11, 1.634, 105.3
24.12, 1.633, 104.8
24.13, 1.632, 104.3
24.14, 1.631, 102.8
24.15, 1.630, 102.6
24.16, 1.629, 103.8
24.17, 1.628, 102.1
24.18, 1.627, 100.5
24.19, 1.626, 101.0
24.20, 1.625, 101.2
24.21, 1.624, 100.8
24.22, 1.623, 99.74
24.23, 1.622, 98.87
24.24, 1.621, 98.02
24.25, 1.620, 98.81
24.26, 1.619, 99.05
24.27, 1.618, 97.28
24.28, 1.617, 97.63
24.29, 1.616, 96.03
24.30, 1.615, 94.12
24.31, 1.614, 91.11
24.32, 1.613, 92.42
24.33, 1.612, 93.65
24.34, 1.611, 90.23
24.35, 1.610, 90.04
24.36, 1.609, 91.55
24.37, 1.608, 89.51
24.38, 1.607, 89.21
24.39, 1.606, 89.85
24.40, 1.605, 87.88
24.41, 1.604, 87.23
24.42, 1.603, 87.21
24.43, 1.602, 86.77
24.44, 1.601, 85.15
24.45, 1.600, 85.53
24.46, 1.599, 86.52
24.47, 1.598, 83.59
24.48, 1.597, 83.41
24.49, 1.596, 84.92
24.50, 1.595, 84.01
24.51, 1.594, 83.37
24.52, 1.593, 83.72
24.53, 1.592, 79.90
24.54, 1.591, 78.93
24.55, 1.590, 79.51
24.56, 1.589, 79.17
24.57, 1.588, 79.28
24.58, 1.587, 77.04
24.59, 1.586, 79.38
24.60, 1.585, 77.05
24.61, 1.584, 76.84
24.62, 1.583, 75.77
24.63, 1.582, 76.01
24.64, 1.581, 75.74
24.65, 1.580, 76.25
24.66, 1.579, 74.90
24.67, 1.578, 75.15
24.68, 1.577, 72.67
24.69, 1.576, 72.18
24.70, 1.575, 73.18
24.71, 1.574, 72.91
24.72, 1.573, 71.26
24.73, 1.572, 70.27
24.74, 1.571, 70.93
24.75, 1.570, 70.07
24.76, 1.569, 68.80
24.77, 1.568, 68.22
24.78, 1.567, 67.52
24.79, 1.566, 67.42
24.80, 1.565, 66.22
24.81, 1.564, 65.35
24.82, 1.563, 68.93
24.83, 1.562, 67.12
24.84, 1.561, 66.72
24.85, 1.560, 63.86
24.86, 1.559, 64.49
24.87, 1.558, 64.94
24.88, 1.557, 63.69
24.89, 1.556, 63.49
24.90, 1.555, 61.33
24.91, 1.554, 61.70
24.92, 1.553, 61.51
24.93, 1.552, 61.83
24.94, 1.551, 61.99
24.95, 1.550, 61.38
24.96, 1.549, 59.18
24.97, 1.548, 59.74
24.98, 1.547, 60.27
24.99, 1.546, 58.44
25.00, 1.545, 59.83
25.01, 1.544, 58.99
25.02, 1.543, 59.16
25.03, 1.542, 58.39
25.04, 1.541, 56.88
25.05, 1.540, 57.29
25.06, 1.539, 56.94
25.07, 1.538, 56.06
25.08, 1.537, 55.88
25.09, 1.536, 56.02
25.10, 1.535, 55.62
25.11, 1.534, 54.34
25.12, 1.533, 53.03
25.13, 1.532, 53.42
25.14, 1.531, 52.68
25.15, 1.530, 51.54
25.16, 1.529, 51.63
25.17, 1.528, 51.57
25.18, 1.527, 51.09
25.19, 1.526, 50.15
25.20, 1.525, 48.87
25.21, 1.524, 50.95
25.22, 1.523, 47.74
25.23, 1.522, 48.28
25.24, 1.521, 48.49
25.25, 1.520, 49.07
25.26, 1.519, 47.23
25.27, 1.518, 47.56
25.28, 1.517, 47.48
25.29, 1.516, 46.68
25.30, 1.515, 46.06
25.31, 1.514, 45.51
25.32, 1.513, 45.44
25.33, 1.512, 43.77
25.34, 1.511, 44.32
25.35, 1.510, 44.74
25.36, 1.509, 42.67
25.37, 1.508, 43.52
25.38, 1.507, 43.63
25.39, 1.506, 43.24
25.40, 1.505, 41.98
25.41, 1.504, 42.06
25.42, 1.503, 42.08
25.43, 1.502, 41.64
25.44, 1.501, 40.95
25.45, 1.500, 43.51
25.46, 1.499, 42.49
25.47, 1.498, 41.40
25.48, 1.497, 42.88
25.49, 1.496, 41.24
25.50, 1.495, 39.80
25.51, 1.494, 40.21
25.52, 1.493, 38.66
25.53, 1.492, 40.80
25.54, 1.491, 38.98
25.55, 1.490, 37.90
25.56, 1.489, 37.94
25.57, 1.488, 37.92
25.58, 1.487, 36.96
25.59, 1.486, 36.68
25.60, 1.485, 37.34
25.61, 1.484, 36.68
25.62, 1.483, 36.71
25.63, 1.482, 37.19
25.64, 1.481, 36.10
25.65, 1.480, 34.66
25.66, 1.479, 35.00
25.67, 1.478, 35.17
25.68, 1.477, 35.15
25.69, 1.476, 34.37
25.70, 1.475, 34.04
25.71, 1.474, 34.12
25.72, 1.473, 32.24
25.73, 1.472, 34.81
25.74, 1.471, 33.29
25.75, 1.470, 34.04
25.76, 1.469, 33.12
25.77, 1.468, 33.66
25.78, 1.467, 33.60
25.79, 1.466, 31.54
25.80, 1.465, 31.48
25.81, 1.464, 30.97
25.82, 1.463, 29.97
25.83, 1.462, 29.74
25.84, 1.461, 30.46
25.85, 1.460, 31.38
25.86, 1.459, 30.69
25.87, 1.458, 28.60
25.88, 1.457, 30.55
25.89, 1.456, 29.74
25.90, 1.455, 28.78
25.91, 1.454, 28.13
25.92, 1.453, 28.27
25.93, 1.452, 30.09
25.94, 1.451, 28.64
25.95, 1.450, 28.90
25.96, 1.449, 28.80
25.97, 1.448, 27.21
25.98, 1.447, 25.72
25.99, 1.446, 26.89
26.00, 1.445, 25.00
26.01, 1.444, 24.19
26.02, 1.443, 24.50
26.03, 1.442, 26.34
26.04, 1.441, 25.87
26.05, 1.440, 23.11
26.06, 1.439, 25.78
26.07, 1.438, 26.35
26.08, 1.437, 23.48
26.09, 1.436, 25.28
26.10, 1.435, 25.06
26.11, 1.434, 23.83
26.12, 1.433, 24.08
26.13, 1.432, 24.28
26.14, 1.431, 22.84
26.15, 1.430, 23.30
26.16, 1.429, 25.28
26.17, 1.428, 22.97
26.18, 1.427, 23.15
26.19, 1.426, 24.25
26.20, 1.425, 23.29
26.21, 1.424, 24.33
26.22, 1.423, 22.53
26.23, 1.422, 25.03
26.24, 1.421, 23.21
26.25, 1.420, 22.78
26.26, 1.419, 22.43
26.27, 1.418, 23.30
26.28, 1.417, 22.82
26.29, 1.416, 22.51
26.30, 1.415, 22.51
26.31, 1.414, 22.95
26.32, 1.413, 22.66
26.33, 1.412, 20.84
26.34, 1.411, 21.75
26.35, 1.410, 19.65
26.36, 1.409, 21.88
26.37, 1.408, 20.81
26.38, 1.407, 19.69
26.39, 1.406, 20.70
26.40, 1.405, 19.55
26.41, 1.404, 18.00
26.42, 1.403, 19.36
26.43, 1.402, 19.81
26.44, 1.401, 18.34
26.45, 1.400, 18.57
26.46, 1.399, 17.69
26.47, 1.398, 18.06
26.48, 1.397, 17.95
26.49, 1.396, 18.87
26.50, 1.395, 19.41
26.51, 1.394, 17.53
26.52, 1.393, 17.93
26.53, 1.392, 16.85
26.54, 1.391, 18.95
26.55, 1.390, 17.45
26.56, 1.389, 18.20
26.57, 1.388, 18.85
26.58, 1.387, 17.21
26.59, 1.386, 18.00
26.60, 1.385, 16.64
26.61, 1.384, 17.38
26.62, 1.383, 17.77
26.63, 1.382, 18.03
26.64, 1.381, 17.09
26.65, 1.380, 17.46
26.66, 1.379, 15.99
26.67, 1.378, 16.16
26.68, 1.377, 16.70
26.69, 1.376, 17.35
26.70, 1.375, 17.28
26.71, 1.374, 18.26
26.72, 1.373, 18.00
26.73, 1.372, 16.94
26.74, 1.371, 16.80
26.75, 1.370, 16.20
26.76, 1.369, 17.14
26.77, 1.368, 15.09
26.78, 1.367, 17.42
26.79, 1.366, 16.52
26.80, 1.365, 14.71
26.81, 1.364, 15.98
26.82, 1.363, 16.66
26.83, 1.362, 15.21
26.84, 1.361, 14.08
26.85, 1.360, 15.60
26.86, 1.359, 14.91
26.87, 1.358, 13.92
26.88, 1.357, 13.48
26.89, 1.356, 13.77
26.90, 1.355, 13.36
26.91, 1.354, 12.01
26.92, 1.353, 14.62
26.93, 1.352, 15.71
26.94, 1.351, 14.78
26.95, 1.350, 14.23
26.96, 1.349, 15.72
26.97, 1.348, 13.97
26.98, 1.347, 13.08
26.99, 1.346, 13.57
27.00, 1.345, 14.49
27.01, 1.344, 14.22
27.02, 1.343, 13.14
27.03, 1.342, 14.06
27.04, 1.341, 14.35
27.05, 1.340, 14.48
27.06, 1.339, 13.75
27.07, 1.338, 15.26
27.08, 1.337, 13.41
27.09, 1.336, 12.68
27.10, 1.335, 12.61
27.11, 1.334, 14.23
27.12, 1.333, 12.91
27.13, 1.332, 13.15
27.14, 1.331, 12.49
27.15, 1.330, 12.70
27.16, 1.329, 12.90
27.17, 1.328, 13.60
27.18, 1.327, 13.11
27.19, 1.326, 12.77
27.20, 1.325, 12.53
27.21, 1.324, 14.00
27.22, 1.323, 11.13
27.23, 1.322, 12.02
27.24, 1.321, 11.68
27.25, 1.320, 11.60
27.26, 1.319, 12.02
27.27, 1.318, 8.638
27.28, 1.317, 10.85
27.29, 1.316, 9.928
27.30, 1.315, 10.40
27.31, 1.314, 9.625
27.32, 1.313, 12.27
27.33, 1.312, 10.66
27.34, 1.311, 12.49
27.35, 1.310, 9.817
27.36, 1.309, 10.81
27.37, 1.308, 9.802
27.38, 1.307, 11.38
27.39, 1.306, 9.538
27.40, 1.305, 9.310
27.41, 1.304, 10.10
27.42, 1.303, 10.62
27.43, 1.302, 9.418
27.44, 1.301, 9.997
27.45, 1.300, 12.07
27.46, 1.299, 10.09
27.47, 1.298, 10.08
27.48, 1.297, 10.54
27.49, 1.296, 9.070
27.50, 1.295, 9.626
27.51, 1.294, 9.818
27.52, 1.293, 10.53
27.53, 1.292, 9.985
27.54, 1.291, 9.761
27.55, 1.290, 9.593
27.56, 1.289, 9.168
27.57, 1.288, 9.064
27.58, 1.287, 8.787
27.59, 1.286, 9.652
27.60, 1.285, 9.372
27.61, 1.284, 9.024
27.62, 1.283, 9.215
27.63, 1.282, 9.925
27.64, 1.281, 8.271
27.65, 1.280, 8.768
27.66, 1.279, 10.13
27.67, 1.278, 7.812
27.68, 1.277, 6.828
27.69, 1.276, 8.695
27.70, 1.275, 8.007
27.71, 1.274, 8.402
27.72, 1.273, 6.986
27.73, 1.272, 8.933
27.74, 1.271, 7.096
27.75, 1.270, 8.337
27.76, 1.269, 7.312
27.77, 1.268, 7.595
27.78, 1.267, 9.296
27.79, 1.266, 9.063
27.80, 1.265, 5.719
27.81, 1.264, 7.653
27.82, 1.263, 7.943
27.83, 1.262, 8.042
27.84, 1.261, 7.984
27.85, 1.260, 7.552
27.86, 1.259, 7.889
27.87, 1.258, 7.772
27.88, 1.257, 9.708
27.89, 1.256, 9.112
27.90, 1.255, 7.464
27.91, 1.254, 9.239
27.92, 1.253, 9.617
27.93, 1.252, 8.112
27.94, 1.251, 7.877
27.95, 1.250, 8.177
27.96, 1.249, 8.255
27.97, 1.248, 7.668
27.98, 1.247, 7.071
27.99, 1.246, 5.501
28.00, 1.245, 7.519
28.01, 1.244, 7.342
28.02, 1.243, 8.268
28.03, 1.242, 7.539
28.04, 1.241, 6.573
28.05, 1.240, 6.031
28.06, 1.239, 5.792
28.07, 1.238, 7.474
28.08, 1.237, 6.934
28.09, 1.236, 5.985
28.10, 1.235, 5.994
28.11, 1.234, 5.009
28.12, 1.233, 5.513
28.13, 1.232, 6.226
28.14, 1.231, 5.539
28.15, 1.230, 5.905
28.16, 1.229, 5.104
28.17, 1.228, 5.354
28.18, 1.227, 5.079
28.19, 1.226, 5.180
28.20, 1.225, 6.069
28.21, 1.224, 4.275
28.22, 1.223, 4.750
28.23, 1.222, 7.049
28.24, 1.221, 6.025
28.25, 1.220, 3.884
28.26, 1.219, 4.567
28.27, 1.218, 5.225
28.28, 1.217, 5.195
28.29, 1.216, 4.621
28.30, 1.215, 4.792
28.31, 1.214, 4.280
28.32, 1.213, 5.075
28.33, 1.212, 4.307
28.34, 1.211, 5.083
28.35, 1.210, 5.151
28.36, 1.209, 4.564
28.37, 1.208, 4.246
28.38, 1.207, 5.826
28.39, 1.206, 3.623
28.40, 1.205, 4.471
28.41, 1.204, 4.153
28.42, 1.203, 1.341
28.43, 1.202, 5.430
28.44, 1.201, 4.839
28.45, 1.200, 3.733
28.46, 1.199, 4.910
28.47, 1.198, 4.575
28.48, 1.197, 4.030
28.49, 1.196, 4.339
28.50, 1.195, 2.302
28.51, 1.194, 2.204
28.52, 1.193, 0.7633
28.53, 1.192, 3.551
28.54, 1.191, 2.408
28.55, 1.190, 2.334
28.56, 1.189, 2.854
28.57, 1.188, 4.954
28.58, 1.187, 1.353
28.59, 1.186, 2.546
28.60, 1.185, 1.703
28.61, 1.184, 3.944
28.62, 1.183, 1.727
28.63, 1.182, 1.815
28.64, 1.181, 3.263
28.65, 1.180, 3.727
28.66, 1.179, 2.921
28.67, 1.178, 1.314
28.68, 1.177, -0.3921
28.69, 1.176, 3.203
28.70, 1.175, 3.837
28.71, 1.174, 4.809
28.72, 1.173, 4.254
28.73, 1.172, 4.866
28.74, 1.171, 2.422
28.75, 1.170, 3.303
28.76, 1.169, 4.126
28.77, 1.168, 2.265
28.78, 1.167, 3.858
28.79, 1.166, 2.685
28.80, 1.165, 2.908
28.81, 1.164, 3.347
28.82, 1.163, 1.742
28.83, 1.162, 2.857
28.84, 1.161, 1.526
28.85, 1.160, 2.402
28.86, 1.159, 1.062
28.87, 1.158, 1.693
28.88, 1.157, 3.672
28.89, 1.156, 1.488
28.90, 1.155, 2.231
28.91, 1.154, -0.06544
28.92, 1.153, 2.450
28.93, 1.152, -0.1983
28.94, 1.151, 1.932
28.95, 1.150, 0.1375
28.96, 1.149, 2.827
28.97, 1.148, 0.8097
28.98, 1.147, -0.6120
28.99, 1.146, 0.6977
29.00, 1.145, 0.4597
29.01, 1.144, 0.9861
29.02, 1.143, 1.165
29.03, 1.142, 0.07363
29.04, 1.141, 0.6657
29.05, 1.140, 1.892
29.06, 1.139, 2.385
29.07, 1.138, 1.093
29.08, 1.137, -0.7560
29.09, 1.136, -0.5578
29.10, 1.135, 0.09525
29.11, 1.134, 1.129
29.12, 1.133, 1.005
29.13, 1.132, -0.2398
29.14, 1.131, 1.673
29.15, 1.130, 1.332
29.16, 1.129, 1.772
29.17, 1.128, 2.019
29.18, 1.127, -0.01670
29.19, 1.126, 0.03566
29.20, 1.125, 1.271
29.21, 1.124, 2.170
29.22, 1.123, 0.8806
29.23, 1.122, 2.143
29.24, 1.121, 1.272
29.25, 1.120, 2.460
29.26, 1.119, 0.8753
29.27, 1.118, 0.4932
29.28, 1.117, 2.340
29.29, 1.116, 1.376
29.30, 1.115, 0.04443
29.31, 1.114, 0.6056
29.32, 1.113, 1.501
29.33, 1.112, 0.3362
29.34, 1.111, 0.3281
29.35, 1.110, 1.072
29.36, 1.109, 0.02910
29.37, 1.108, 0.02086
29.38, 1.107, -0.2300
29.39, 1.106, 0.2390
29.40, 1.105, -0.3132
29.41, 1.104, 0.9950
29.42, 1.103, 0.7404
29.43, 1.102, 0.4768
29.44, 1.101, -1.821
29.45, 1.100, 1.314
29.46, 1.099, -0.1519
29.47, 1.098, 1.704
29.48, 1.097, 1.850
29.49, 1.096, 0.5098
29.50, 1.095, -0.4586
29.51, 1.094, 0.8837
29.52, 1.093, 2.014
29.53, 1.092, -0.07391
29.54, 1.091, 1.036
29.55, 1.090, 2.219
29.56, 1.089, -0.1854
29.57, 1.088, 0.2358
29.58, 1.087, 1.489
29.59, 1.086, -0.3411
29.60, 1.085, 0.3357
29.61, 1.084, -0.05610
29.62, 1.083, 2.425
29.63, 1.082, 1.040
29.64, 1.081, 1.185
29.65, 1.080, 1.679
29.66, 1.079, 1.763
29.67, 1.078, 1.772
29.68, 1.077, 2.038
29.69, 1.076, 1.695
29.70, 1.075, 2.480
29.71, 1.074, 0.5210
29.72, 1.073, 0.5211
29.73, 1.072, 1.210
29.74, 1.071, 0.9886
29.75, 1.070, 0.3226
29.76, 1.069, 0.3774
29.77, 1.068, -1.312
29.78, 1.067, -0.2350
29.79, 1.066, 1.175
29.80, 1.065, -1.477
29.81, 1.064, -0.4679
29.82, 1.063, 1.031
29.83, 1.062, -1.155
29.84, 1.061, -0.6837
29.85, 1.060, -1.002
29.86, 1.059, -0.4448
29.87, 1.058, -0.5140
29.88, 1.057, -1.190
29.89, 1.056, 0.4200
29.90, 1.055, 0.6833
29.91, 1.054, -1.237
29.92, 1.053, -1.751
29.93, 1.052, 0.6534
29.94, 1.051, 0.5632
29.95, 1.050, -1.023
29.96, 1.049, 0.4945
29.97, 1.048, -0.6514
29.98, 1.047, -0.5270
29.99, 1.046, -1.780
30.00, 1.045, -0.3508
30.01, 1.044, -1.136
30.02, 1.043, -0.6746
30.03, 1.042, -0.9136
30.04, 1.041, -0.5335
30.05, 1.040, -1.836
30.06, 1.039, 0.05641
30.07, 1.038, -1.711
30.08, 1.037, -0.3829
30.09, 1.036, -0.2964
30.10, 1.035, -0.2468
30.11, 1.034, -1.633
30.12, 1.033, 1.069
30.13, 1.032, 1.591
30.14, 1.031, -1.221
30.15, 1.030, -1.257
30.16, 1.029, -1.062
30.17, 1.028, -0.08726
30.18, 1.027, -2.208
30.19, 1.026, 0.5233
30.20, 1.025, -2.989
30.21, 1.024, 1.386
30.22, 1.023, -1.143
30.23, 1.022, -1.783
30.24, 1.021, -2.178
30.25, 1.020, 0.07820
30.26, 1.019, -0.4736
30.27, 1.018, -3.174
30.28, 1.017, -1.474
30.29, 1.016, -1.416
30.30, 1.015, -2.458
30.31, 1.014, -0.8005
30.32, 1.013, -1.611
30.33, 1.012, -1.629
30.34, 1.011, -2.166
30.35, 1.010, -1.027
30.36, 1.009, -0.7072
30.37, 1.008, -2.663
30.38, 1.007, -1.441
30.39, 1.006, 0.5260
30.40, 1.005, -0.7562
30.41, 1.004, -1.353
30.42, 1.003, -0.6649
30.43, 1.002, -0.3070
30.44, 1.001, 0.9413
30.45, 1.000, -0.5749
30.46, 0.9990, -1.312
30.47, 0.9980, 0.3728
30.48, 0.9970, -0.5478
30.49, 0.9960, -0.2936
30.50, 0.9950, 0.3759
30.51, 0.9940, -0.02932
30.52, 0.9930, -1.384
30.53, 0.9920, -1.039
30.54, 0.9910, 0.7611
30.55, 0.9900, -1.223
30.56, 0.9890, -1.887
30.57, 0.9880, -1.832
30.58, 0.9870, 0.1646
30.59, 0.9860, -1.861
30.60, 0.9850, -1.139
30.61, 0.9840, -0.8424
30.62, 0.9830, -2.525
30.63, 0.9820, -3.291
30.64, 0.9810, -1.445
30.65, 0.9800, -3.822
30.66, 0.9790, -1.298
30.67, 0.9780, -3.306
30.68, 0.9770, -1.583
30.69, 0.9760, -2.426
30.70, 0.9750, -2.269
30.71, 0.9740, -2.117
30.72, 0.9730, -1.791
30.73, 0.9720, -2.685
30.74, 0.9710, -1.137
30.75, 0.9700, -3.187
30.76, 0.9690, -1.980
30.77, 0.9680, -3.135
30.78, 0.9670, -2.761
30.79, 0.9660, -1.170
30.80, 0.9650, -2.741
30.81, 0.9640, -2.376
30.82, 0.9630, -0.7620
30.83, 0.9620, -0.9891
30.84, 0.9610, 0.2130
30.85, 0.9600, -2.740
30.86, 0.9590, -2.689
30.87, 0.9580, -0.08737
30.88, 0.9570, -2.569
30.89, 0.9560, -2.275
30.90, 0.9550, 0.2121
30.91, 0.9540, 0.1002
30.92, 0.9530, -1.908
30.93, 0.9520, -0.9053
30.94, 0.9510, -3.148
30.95, 0.9500, -1.393
30.96, 0.9490, -0.8759
30.97, 0.9480, -1.071
30.98, 0.9470, -2.438
30.99, 0.9460, -2.967
31.00, 0.9450, -1.871
31.01, 0.9440, -2.115
31.02, 0.9430, -2.490
31.03, 0.9420, -1.366
31.04, 0.9410, -3.326
31.05, 0.9400, -2.094
31.06, 0.9390, -3.147
31.07, 0.9380, -1.067
31.08, 0.9370, -0.9512
31.09, 0.9360, -2.356
31.10, 0.9350, -2.497
31.11, 0.9340, -3.132
31.12, 0.9330, -1.923
31.13, 0.9320, -2.222
31.14, 0.9310, -2.993
31.15, 0.9300, -1.731
31.16, 0.9290, -1.251
31.17, 0.9280, -2.860
31.18, 0.9270, -2.257
31.19, 0.9260, -2.588
31.20, 0.9250, -1.312
31.21, 0.9240, -2.068
31.22, 0.9230, -2.752
31.23, 0.9220, -2.255
31.24, 0.9210, -2.406
31.25, 0.9200, -2.025
31.26, 0.9190, -1.548
31.27, 0.9180, -0.8208
31.28, 0.9170, -0.4230
31.29, 0.9160, -1.021
31.30, 0.9150, -0.4277
31.31, 0.9140, -0.9871
31.32, 0.9130, -1.452
31.33, 0.9120, -3.063
31.34, 0.9110, -1.624
31.35, 0.9100, -2.255
31.36, 0.9090, -1.264
31.37, 0.9080, -3.398
31.38, 0.9070, -5.130
31.39, 0.9060, -2.088
31.40, 0.9050, -2.098
31.41, 0.9040, -1.397
31.42, 0.9030, -1.352
31.43, 0.9020, -3.044
31.44, 0.9010, -2.891
31.45, 0.9000, -3.346
31.46, 0.8990, -1.456
31.47, 0.8980, -4.136
31.48, 0.8970, -3.381
31.49, 0.8960, -3.861
31.50, 0.8950, -3.134
31.51, 0.8940, -2.476
31.52, 0.8930, -1.696
31.53, 0.8920, -1.588
31.54, 0.8910, -2.128
31.55, 0.8900, -3.121
31.56, 0.8890, -1.148
31.57, 0.8880, -3.029
31.58, 0.8870, -1.558
31.59, 0.8860, -3.217
31.60, 0.8850, -2.814
31.61, 0.8840, -1.617
31.62, 0.8830, -1.766
31.63, 0.8820, -1.607
31.64, 0.8810, -3.140
31.65, 0.8800, -2.962
31.66, 0.8790, -0.5245
31.67, 0.8780, -2.953
31.68, 0.8770, -3.358
31.69, 0.8760, -3.100
31.70, 0.8750, -2.085
31.71, 0.8740, -1.615
31.72, 0.8730, -2.285
31.73, 0.8720, -2.571
31.74, 0.8710, -0.9627
31.75, 0.8700, -1.949
31.76, 0.8690, -3.312
31.77, 0.8680, -2.265
31.78, 0.8670, -2.674
31.79, 0.8660, -1.255
31.80, 0.8650, -1.700
31.81, 0.8640, -0.6902
31.82, 0.8630, -2.422
31.83, 0.8620, -2.912
31.84, 0.8610, -3.198
31.85, 0.8600, -2.796
31.86, 0.8590, -3.170
31.87, 0.8580, -5.059
31.88, 0.8570, -3.661
31.89, 0.8560, -2.808
31.90, 0.8550, -3.000
31.91, 0.8540, -3.300
31.92, 0.8530, -2.255
31.93, 0.8520, -4.163
31.94, 0.8510, -3.780
31.95, 0.8500, -2.106
31.96, 0.8490, -3.894
31.97, 0.8480, -2.505
31.98, 0.8470, -2.457
31.99, 0.8460, -3.606
32.00, 0.8450, -2.486
32.01, 0.8440, -3.234
32.02, 0.8430, -2.697
32.03, 0.8420, -2.256
32.04, 0.8410, -3.677
32.05, 0.8400, -4.176
32.06, 0.8390, -3.784
32.07, 0.8380, -4.721
32.08, 0.8370, -1.008
32.09, 0.8360, -1.837
32.10, 0.8350, -3.070
32.11, 0.8340, -4.164
32.12, 0.8330, -2.662
32.13, 0.8320, -2.180
32.14, 0.8310, -2.872
32.15, 0.8300, -0.5561
32.16, 0.8290, -0.6755
32.17, 0.8280, -2.170
32.18, 0.8270, -1.995
32.19, 0.8260, -1.563
32.20, 0.8250, -1.895
32.21, 0.8240, -2.722
32.22, 0.8230, -3.699
32.23, 0.8220, -2.457
32.24, 0.8210, -2.465
32.25, 0.8200, -1.705
32.26, 0.8190, -3.112
32.27, 0.8180, -4.003
32.28, 0.8170, -3.748
32.29, 0.8160, -5.294
32.30, 0.8150, -4.766
32.31, 0.8140, -4.453
32.32, 0.8130, -3.461
32.33, 0.8120, -3.627
32.34, 0.8110, -3.479
32.35, 0.8100, -4.915
32.36, 0.8090, -3.045
32.37, 0.8080, -3.272
32.38, 0.8070, -3.096
32.39, 0.8060, -3.356
32.40, 0.8050, -3.229
32.41, 0.8040, -3.220
32.42, 0.8030, -4.311
32.43, 0.8020, -3.774
32.44, 0.8010, -1.359
32.45, 0.8000, -3.451
32.46, 0.7990, -3.875
32.47, 0.7980, -2.634
32.48, 0.7970, -2.261
32.49, 0.7960, -3.987
32.50, 0.7950, -3.290
32.51, 0.7940, -3.239
32.52, 0.7930, -3.075
32.53, 0.7920, -4.364
32.54, 0.7910, -3.379
32.55, 0.7900, -4.415
32.56, 0.7890, -2.411
32.57, 0.7880, -2.902
32.58, 0.7870, -4.726
32.59, 0.7860, -3.054
32.60, 0.7850, -3.808
32.61, 0.7840, -2.556
32.62, 0.7830, -4.947
32.63, 0.7820, -2.578
32.64, 0.7810, -4.239
32.65, 0.7800, -3.130
32.66, 0.7790, -2.890
32.67, 0.7780, -3.275
32.68, 0.7770, -1.748
32.69, 0.7760, -3.851
32.70, 0.7750, -5.089
32.71, 0.7740, -3.081
32.72, 0.7730, -5.920
32.73, 0.7720, -4.848
32.74, 0.7710, -3.657
32.75, 0.7700, -2.983
32.76, 0.7690, -4.460
32.77, 0.7680, -4.208
32.78, 0.7670, -4.121
32.79, 0.7660, -1.580
32.80, 0.7650, -2.946
32.81, 0.7640, -2.317
32.82, 0.7630, -3.187
32.83, 0.7620, -3.957
32.84, 0.7610, -3.943
32.85, 0.7600, -3.133
32.86, 0.7590, -2.520
32.87, 0.7580, -3.633
32.88, 0.7570, -2.314
32.89, 0.7560, -1.597
32.90, 0.7550, -3.574
32.91, 0.7540, -2.792
32.92, 0.7530, -2.859
32.93, 0.7520, -4.041
32.94, 0.7510, -4.830
32.95, 0.7500, -3.158
32.96, 0.7490, -4.195
32.97, 0.7480, -3.885
32.98, 0.7470, -1.883
32.99, 0.7460, -3.679
33.00, 0.7450, -3.561
33.01, 0.7440, -2.339
33.02, 0.7430, -4.323
33.03, 0.7420, -4.319
33.04, 0.7410, -2.746
33.05, 0.7400, -3.214
33.06, 0.7390, -4.357
33.07, 0.7380, -4.097
33.08, 0.7370, -3.149
33.09, 0.7360, -3.941
33.10, 0.7350, -4.256
33.11, 0.7340, -2.075
33.12, 0.7330, -3.929
33.13, 0.7320, -4.509
33.14, 0.7310, -6.199
33.15, 0.7300, -5.842
33.16, 0.7290, -4.887
33.17, 0.7280, -5.628
33.18, 0.7270, -3.784
33.19, 0.7260, -4.939
33.20, 0.7250, -4.695
33.21, 0.7240, -3.854
33.22, 0.7230, -5.772
33.23, 0.7220, -4.117
33.24, 0.7210, -3.834
33.25, 0.7200, -5.619
33.26, 0.7190, -2.965
33.27, 0.7180, -3.104
33.28, 0.7170, -3.812
33.29, 0.7160, -3.260
33.30, 0.7150, -3.732
33.31, 0.7140, -2.364
33.32, 0.7130, -4.998
33.33, 0.7120, -1.811
33.34, 0.7110, -2.369
33.35, 0.7100, -4.089
33.36, 0.7090, -3.604
33.37, 0.7080, -3.181
33.38, 0.7070, -2.989
33.39, 0.7060, -2.936
33.40, 0.7050, -4.594
33.41, 0.7040, -3.507
33.42, 0.7030, -2.925
33.43, 0.7020, -4.371
33.44, 0.7010, -4.583
33.45, 0.7000, -4.385
33.46, 0.6990, -2.849
33.47, 0.6980, -2.727
33.48, 0.6970, -4.358
33.49, 0.6960, -3.449
33.50, 0.6950, -5.199
33.51, 0.6940, -4.088
33.52, 0.6930, -4.626
33.53, 0.6920, -3.289
33.54, 0.6910, -3.878
33.55, 0.6900, -4.328
33.56, 0.6890, -5.045
33.57, 0.6880, -2.826
33.58, 0.6870, -4.588
33.59, 0.6860, -4.600
33.60, 0.6850, -4.153
33.61, 0.6840, -5.054
33.62, 0.6830, -4.872
33.63, 0.6820, -5.425
33.64, 0.6810, -3.411
33.65, 0.6800, -3.164
33.66, 0.6790, -5.716
33.67, 0.6780, -4.394
33.68, 0.6770, -4.445
33.69, 0.6760, -3.958
33.70, 0.6750, -4.697
33.71, 0.6740, -4.159
33.72, 0.6730, -4.531
33.73, 0.6720, -4.665
33.74, 0.6710, -5.861
33.75, 0.6700, -6.279
33.76, 0.6690, -6.112
33.77, 0.6680, -4.805
33.78, 0.6670, -4.457
33.79, 0.6660, -3.548
33.80, 0.6650, -5.288
33.81, 0.6640, -3.883
33.82, 0.6630, -3.688
33.83, 0.6620, -3.538
33.84, 0.6610, -4.323
33.85, 0.6600, -4.205
33.86, 0.6590, -4.553
33.87, 0.6580, -2.987
33.88, 0.6570, -4.461
33.89, 0.6560, -3.499
33.90, 0.6550, -4.386
33.91, 0.6540, -3.202
33.92, 0.6530, -2.858
33.93, 0.6520, -4.655
33.94, 0.6510, -3.621
33.95, 0.6500, -5.139
33.96, 0.6490, -4.136
33.97, 0.6480, -5.487
33.98, 0.6470, -4.625
33.99, 0.6460, -4.855
34.00, 0.6450, -4.476
34.01, 0.6440, -5.648
34.02, 0.6430, -4.832
34.03, 0.6420, -4.210
34.04, 0.6410, -4.068
34.05, 0.6400, -4.914
34.06, 0.6390, -4.518
34.07, 0.6380, -3.421
34.08, 0.6370, -4.948
34.09, 0.6360, -3.915
34.10, 0.6350, -4.564
34.11, 0.6340, -4.122
34.12, 0.6330, -4.526
34.13, 0.6320, -4.718
34.14, 0.6310, -4.932
34.15, 0.6300, -5.879
34.16, 0.6290, -4.119
34.17, 0.6280, -4.558
34.18, 0.6270, -4.799
34.19, 0.6260, -4.231
34.20, 0.6250, -5.346
34.21, 0.6240, -3.767
34.22, 0.6230, -4.664
34.23, 0.6220, -3.827
34.24, 0.6210, -5.620
34.25, 0.6200, -4.628
34.26, 0.6190, -2.274
34.27, 0.6180, -4.323
34.28, 0.6170, -3.985
34.29, 0.6160, -4.136
34.30, 0.6150, -3.802
34.31, 0.6140, -3.517
34.32, 0.6130, -3.009
34.33, 0.6120, -2.584
34.34, 0.6110, -3.412
34.35, 0.6100, -4.138
34.36, 0.6090, -4.733
34.37, 0.6080, -3.161
34.38, 0.6070, -5.754
34.39, 0.6060, -6.436
34.40, 0.6050, -5.957
34.41, 0.6040, -5.670
34.42, 0.6030, -5.521
34.43, 0.6020, -5.534
34.44, 0.6010, -6.342
34.45, 0.6000, -6.117
34.46, 0.5990, -4.611
34.47, 0.5980, -6.270
34.48, 0.5970, -5.248
34.49, 0.5960, -4.658
34.50, 0.5950, -5.072
34.51, 0.5940, -5.566
34.52, 0.5930, -4.525
34.53, 0.5920, -5.604
34.54, 0.5910, -6.172
34.55, 0.5900, -5.544
34.56, 0.5890, -5.761
34.57, 0.5880, -4.271
34.58, 0.5870, -4.415
34.59, 0.5860, -5.795
34.60, 0.5850, -5.613
34.61, 0.5840, -4.976
34.62, 0.5830, -5.377
34.63, 0.5820, -4.673
34.64, 0.5810, -5.117
34.65, 0.5800, -7.103
34.66, 0.5790, -4.097
34.67, 0.5780, -4.650
34.68, 0.5770, -6.218
34.69, 0.5760, -4.160
34.70, 0.5750, -5.037
34.71, 0.5740, -4.911
34.72, 0.5730, -5.344
34.73, 0.5720, -6.262
34.74, 0.5710, -4.866
34.75, 0.5700, -4.686
34.76, 0.5690, -5.702
34.77, 0.5680, -5.237
34.78, 0.5670, -5.604
34.79, 0.5660, -4.987
34.80, 0.5650, -4.837
34.81, 0.5640, -5.623
34.82, 0.5630, -4.669
34.83, 0.5620, -4.597
34.84, 0.5610, -5.929
34.85, 0.5600, -5.824
34.86, 0.5590, -4.973
34.87, 0.5580, -6.040
34.88, 0.5570, -6.104
34.89, 0.5560, -4.675
34.90, 0.5550, -4.606
34.91, 0.5540, -4.954
34.92, 0.5530, -3.775
34.93, 0.5520, -5.540
34.94, 0.5510, -3.880
34.95, 0.5500, -6.108
34.96, 0.5490, -5.669
34.97, 0.5480, -3.593
34.98, 0.5470, -4.743
34.99, 0.5460, -3.609
35.00, 0.5450, -3.353
35.01, 0.5440, -4.931
35.02, 0.5430, -5.824
35.03, 0.5420, -4.129
35.04, 0.5410, -6.903
35.05, 0.5400, -4.470
35.06, 0.5390, -4.677
35.07, 0.5380, -6.843
35.08, 0.5370, -4.426
35.09, 0.5360, -5.400
35.10, 0.5350, -6.056
35.11, 0.5340, -5.347
35.12, 0.5330, -5.003
35.13, 0.5320, -4.987
35.14, 0.5310, -5.503
35.15, 0.5300, -5.688
35.16, 0.5290, -4.856
35.17, 0.5280, -5.294
35.18, 0.5270, -4.598
35.19, 0.5260, -5.604
35.20, 0.5250, -6.066
35.21, 0.5240, -5.050
35.22, 0.5230, -5.721
35.23, 0.5220, -6.392
35.24, 0.5210, -7.806
35.25, 0.5200, -6.376
35.26, 0.5190, -5.893
35.27, 0.5180, -7.237
35.28, 0.5170, -6.505
35.29, 0.5160, -6.358
35.30, 0.5150, -6.136
35.31, 0.5140, -6.759
35.32, 0.5130, -6.113
35.33, 0.5120, -5.613
35.34, 0.5110, -4.603
35.35, 0.5100, -6.071
35.36, 0.5090, -6.275
35.37, 0.5080, -6.126
35.38, 0.5070, -5.552
35.39, 0.5060, -5.684
35.40, 0.5050, -5.433
35.41, 0.5040, -5.775
35.42, 0.5030, -6.481
35.43, 0.5020, -7.051
35.44, 0.5010, -5.288
35.45, 0.5000, -5.364
35.46, 0.4990, -5.723
35.47, 0.4980, -4.510
35.48, 0.4970, -6.324
35.49, 0.4960, -6.754
35.50, 0.4950, -4.348
35.51, 0.4940, -5.211
35.52, 0.4930, -4.694
35.53, 0.4920, -5.368
35.54, 0.4910, -4.389
35.55, 0.4900, -5.527
35.56, 0.4890, -5.396
35.57, 0.4880, -5.344
35.58, 0.4870, -3.855
35.59, 0.4860, -4.729
35.60, 0.4850, -4.630
35.61, 0.4840, -5.265
35.62, 0.4830, -3.706
35.63, 0.4820, -5.490
35.64, 0.4810, -4.586
35.65, 0.4800, -4.912
35.66, 0.4790, -6.853
35.67, 0.4780, -5.974
35.68, 0.4770, -6.706
35.69, 0.4760, -6.441
35.70, 0.4750, -6.082
35.71, 0.4740, -7.305
35.72, 0.4730, -6.137
35.73, 0.4720, -5.607
35.74, 0.4710, -5.331
35.75, 0.4700, -6.236
35.76, 0.4690, -4.752
35.77, 0.4680, -6.953
35.78, 0.4670, -5.421
35.79, 0.4660, -5.354
35.80, 0.4650, -5.357
35.81, 0.4640, -6.826
35.82, 0.4630, -7.013
35.83, 0.4620, -5.710
35.84, 0.4610, -4.098
35.85, 0.4600, -5.894
35.86, 0.4590, -5.389
35.87, 0.4580, -5.413
35.88, 0.4570, -6.038
35.89, 0.4560, -5.106
35.90, 0.4550, -6.082
35.91, 0.4540, -5.847
35.92, 0.4530, -5.942
35.93, 0.4520, -6.601
35.94, 0.4510, -5.318
35.95, 0.4500, -5.992
35.96, 0.4490, -5.375
35.97, 0.4480, -7.992
35.98, 0.4470, -7.215
35.99, 0.4460, -8.299
36.00, 0.4450, -7.078
36.01, 0.4440, -7.445
36.02, 0.4430, -6.138
36.03, 0.4420, -6.263
36.04, 0.4410, -6.657
36.05, 0.4400, -6.145
36.06, 0.4390, -5.512
36.07, 0.4380, -5.491
36.08, 0.4370, -6.447
36.09, 0.4360, -4.271
36.10, 0.4350, -4.903
36.11, 0.4340, -7.393
36.12, 0.4330, -7.222
36.13, 0.4320, -5.985
36.14, 0.4310, -5.289
36.15, 0.4300, -5.958
36.16, 0.4290, -7.334
36.17, 0.4280, -6.006
36.18, 0.4270, -6.154
36.19, 0.4260, -6.716
36.20, 0.4250, -4.862
36.21, 0.4240, -6.489
36.22, 0.4230, -3.775
36.23, 0.4220, -5.685
36.24, 0.4210, -5.003
36.25, 0.4200, -6.171
36.26, 0.4190, -5.410
36.27, 0.4180, -6.158
36.28, 0.4170, -6.374
36.29, 0.4160, -6.726
36.30, 0.4150, -6.309
36.31, 0.4140, -5.862
36.32, 0.4130, -7.287
36.33, 0.4120, -6.808
36.34, 0.4110, -5.888
36.35, 0.4100, -6.217
36.36, 0.4090, -6.715
36.37, 0.4080, -7.234
36.38, 0.4070, -7.213
36.39, 0.4060, -6.073
36.40, 0.4050, -6.927
36.41, 0.4040, -7.051
36.42, 0.4030, -6.175
36.43, 0.4020, -5.935
36.44, 0.4010, -7.603
36.45, 0.4000, -6.492
36.46, 0.3990, -5.990
36.47, 0.3980, -7.323
36.48, 0.3970, -6.751
36.49, 0.3960, -7.263
36.50, 0.3950, -4.831
36.51, 0.3940, -6.945
36.52, 0.3930, -6.166
36.53, 0.3920, -7.712
36.54, 0.3910, -6.756
36.55, 0.3900, -6.067
36.56, 0.3890, -5.842
36.57, 0.3880, -5.085
36.58, 0.3870, -6.109
36.59, 0.3860, -6.864
36.60, 0.3850, -6.933
36.61, 0.3840, -7.759
36.62, 0.3830, -7.466
36.63, 0.3820, -5.631
36.64, 0.3810, -6.552
36.65, 0.3800, -7.606
36.66, 0.3790, -7.218
36.67, 0.3780, -6.966
36.68, 0.3770, -6.727
36.69, 0.3760, -7.052
36.70, 0.3750, -6.055
36.71, 0.3740, -5.918
36.72, 0.3730, -6.403
36.73, 0.3720, -6.618
36.74, 0.3710, -7.459
36.75, 0.3700, -8.333
36.76, 0.3690, -7.626
36.77, 0.3680, -7.921
36.78, 0.3670, -7.123
36.79, 0.3660, -7.345
36.80, 0.3650, -6.435
36.81, 0.3640, -6.392
36.82, 0.3630, -5.958
36.83, 0.3620, -7.949
36.84, 0.3610, -7.599
36.85, 0.3600, -6.301
36.86, 0.3590, -7.038
36.87, 0.3580, -6.951
36.88, 0.3570, -7.393
36.89, 0.3560, -6.410
36.90, 0.3550, -6.160
36.91, 0.3540, -6.655
36.92, 0.3530, -6.942
36.93, 0.3520, -6.265
36.94, 0.3510, -7.264
36.95, 0.3500, -7.335
36.96, 0.3490, -6.883
36.97, 0.3480, -6.235
36.98, 0.3470, -7.410
36.99, 0.3460, -7.727
37.00, 0.3450, -7.454
37.01, 0.3440, -5.642
37.02, 0.3430, -7.130
37.03, 0.3420, -7.197
37.04, 0.3410, -7.332
37.05, 0.3400, -6.600
37.06, 0.3390, -7.925
37.07, 0.3380, -6.737
37.08, 0.3370, -6.369
37.09, 0.3360, -7.216
37.10, 0.3350, -7.400
37.11, 0.3340, -6.509
37.12, 0.3330, -7.446
37.13, 0.3320, -7.090
37.14, 0.3310, -7.285
37.15, 0.3300, -6.421
37.16, 0.3290, -7.575
37.17, 0.3280, -7.221
37.18, 0.3270, -7.076
37.19, 0.3260, -6.426
37.20, 0.3250, -6.453
37.21, 0.3240, -6.438
37.22, 0.3230, -7.234
37.23, 0.3220, -8.442
37.24, 0.3210, -6.579
37.25, 0.3200, -7.178
37.26, 0.3190, -6.917
37.27, 0.3180, -8.667
37.28, 0.3170, -6.591
37.29, 0.3160, -6.099
37.30, 0.3150, -6.765
37.31, 0.3140, -7.163
37.32, 0.3130, -6.510
37.33, 0.3120, -6.416
37.34, 0.3110, -7.543
37.35, 0.3100, -7.577
37.36, 0.3090, -6.847
37.37, 0.3080, -8.063
37.38, 0.3070, -7.274
37.39, 0.3060, -7.054
37.40, 0.3050, -6.832
37.41, 0.3040, -8.179
37.42, 0.3030, -7.834
37.43, 0.3020, -7.435
37.44, 0.3010, -8.687
37.45, 0.3000, -7.451
37.46, 0.2990, -8.097
37.47, 0.2980, -7.274
37.48, 0.2970, -4.115
37.49, 0.2960, -6.711
37.50, 0.2950, -7.706
37.51, 0.2940, -7.245
37.52, 0.2930, -7.195
37.53, 0.2920, -7.438
37.54, 0.2910, -6.797
37.55, 0.2900, -7.991
37.56, 0.2890, -6.816
37.57, 0.2880, -6.940
37.58, 0.2870, -8.551
37.59, 0.2860, -6.862
37.60, 0.2850, -7.040
37.61, 0.2840, -7.645
37.62, 0.2830, -7.069
37.63, 0.2820, -7.581
37.64, 0.2810, -7.969
37.65, 0.2800, -7.026
37.66, 0.2790, -6.999
37.67, 0.2780, -7.802
37.68, 0.2770, -7.559
37.69, 0.2760, -7.305
37.70, 0.2750, -7.640
37.71, 0.2740, -7.583
37.72, 0.2730, -7.841
37.73, 0.2720, -7.093
37.74, 0.2710, -7.628
37.75, 0.2700, -7.274
37.76, 0.2690, -7.678
37.77, 0.2680, -7.560
37.78, 0.2670, -7.234
37.79, 0.2660, -7.940
37.80, 0.2650, -7.949
37.81, 0.2640, -8.298
37.82, 0.2630, -7.926
37.83, 0.2620, -9.338
37.84, 0.2610, -7.032
37.85, 0.2600, -9.487
37.86, 0.2590, -7.093
37.87, 0.2580, -7.884
37.88, 0.2570, -8.037
37.89, 0.2560, -8.542
37.90, 0.2550, -8.159
37.91, 0.2540, -8.946
37.92, 0.2530, -8.319
37.93, 0.2520, -8.214
37.94, 0.2510, -7.194
37.95, 0.2500, -7.150
37.96, 0.2490, -8.310
37.97, 0.2480, -8.960
37.98, 0.2470, -8.224
37.99, 0.2460, -7.848
38.00, 0.2450, -8.228
38.01, 0.2440, -7.370
38.02, 0.2430, -6.950
38.03, 0.2420, -7.109
38.04, 0.2410, -6.161
38.05, 0.2400, -7.049
38.06, 0.2390, -6.921
38.07, 0.2380, -6.014
38.08, 0.2370, -6.583
38.09, 0.2360, -7.485
38.10, 0.2350, -7.382
38.11, 0.2340, -5.996
38.12, 0.2330, -8.902
38.13, 0.2320, -9.078
38.14, 0.2310, -7.998
38.15, 0.2300, -7.001
38.16, 0.2290, -7.170
38.17, 0.2280, -8.076
38.18, 0.2270, -7.734
38.19, 0.2260, -8.834
38.20, 0.2250, -8.219
38.21, 0.2240, -8.130
38.22, 0.2230, -9.514
38.23, 0.2220, -9.372
38.24, 0.2210, -8.545
38.25, 0.2200, -8.359
38.26, 0.2190, -8.624
38.27, 0.2180, -8.591
38.28, 0.2170, -8.527
38.29, 0.2160, -7.773
38.30, 0.2150, -9.361
38.31, 0.2140, -7.537
38.32, 0.2130, -7.131
38.33, 0.2120, -7.366
38.34, 0.2110, -8.830
38.35, 0.2100, -7.449
38.36, 0.2090, -7.393
38.37, 0.2080, -7.311
38.38, 0.2070, -7.778
38.39, 0.2060, -7.470
38.40, 0.2050, -7.471
38.41, 0.2040, -9.332
38.42, 0.2030, -9.007
38.43, 0.2020, -7.050
38.44, 0.2010, -7.916
38.45, 0.2000, -8.134
38.46, 0.1990, -9.185
38.47, 0.1980, -9.035
38.48, 0.1970, -8.502
38.49, 0.1960, -7.454
38.50, 0.1950, -8.427
38.51, 0.1940, -7.347
38.52, 0.1930, -7.581
38.53, 0.1920, -6.280
38.54, 0.1910, -8.942
38.55, 0.1900, -7.796
38.56, 0.1890, -6.851
38.57, 0.1880, -6.563
38.58, 0.1870, -7.802
38.59, 0.1860, -7.721
38.60, 0.1850, -8.532
38.61, 0.1840, -6.624
38.62, 0.1830, -8.943
38.63, 0.1820, -9.310
38.64, 0.1810, -9.252
38.65, 0.1800, -7.913
38.66, 0.1790, -8.070
38.67, 0.1780, -8.034
38.68, 0.1770, -8.352
38.69, 0.1760, -8.465
38.70, 0.1750, -8.522
38.71, 0.1740, -7.824
38.72, 0.1730, -9.562
38.73, 0.1720, -9.136
38.74, 0.1710, -7.737
38.75, 0.1700, -6.924
38.76, 0.1690, -8.851
38.77, 0.1680, -7.532
38.78, 0.1670, -8.119
38.79, 0.1660, -7.428
38.80, 0.1650, -8.863
38.81, 0.1640, -9.053
38.82, 0.1630, -8.492
38.83, 0.1620, -6.965
38.84, 0.1610, -8.066
38.85, 0.1600, -9.492
38.86, 0.1590, -8.499
38.87, 0.1580, -7.936
38.88, 0.1570, -8.121
38.89, 0.1560, -7.649
38.90, 0.1550, -8.987
38.91, 0.1540, -7.971
38.92, 0.1530, -7.202
38.93, 0.1520, -8.136
38.94, 0.1510, -7.560
38.95, 0.1500, -8.319
38.96, 0.1490, -7.073
38.97, 0.1480, -7.015
38.98, 0.1470, -8.337
38.99, 0.1460, -7.787
39.00, 0.1450, -7.990
39.01, 0.1440, -8.172
39.02, 0.1430, -10.06
39.03, 0.1420, -8.286
39.04, 0.1410, -9.231
39.05, 0.1400, -8.741
39.06, 0.1390, -9.139
39.07, 0.1380, -9.248
39.08, 0.1370, -9.228
39.09, 0.1360, -10.41
39.10, 0.1350, -8.474
39.11, 0.1340, -10.13
39.12, 0.1330, -9.433
39.13, 0.1320, -8.799
39.14, 0.1310, -9.365
39.15, 0.1300, -8.747
39.16, 0.1290, -10.54
39.17, 0.1280, -10.44
39.18, 0.1270, -8.326
39.19, 0.1260, -8.707
39.20, 0.1250, -8.508
39.21, 0.1240, -8.317
39.22, 0.1230, -8.823
39.23, 0.1220, -8.921
39.24, 0.1210, -7.484
39.25, 0.1200, -7.584
39.26, 0.1190, -8.994
39.27, 0.1180, -8.455
39.28, 0.1170, -8.185
39.29, 0.1160, -7.701
39.30, 0.1150, -8.095
39.31, 0.1140, -8.535
39.32, 0.1130, -7.685
39.33, 0.1120, -7.438
39.34, 0.1110, -9.798
39.35, 0.1100, -8.254
39.36, 0.1090, -8.040
39.37, 0.1080, -9.101
39.38, 0.1070, -8.492
39.39, 0.1060, -8.027
39.40, 0.1050, -8.457
39.41, 0.1040, -8.917
39.42, 0.1030, -9.224
39.43, 0.1020, -8.506
39.44, 0.1010, -9.225
39.45, 0.1000, -8.636
39.46, 0.09900, -8.857
39.47, 0.09800, -8.462
39.48, 0.09700, -10.18
39.49, 0.09600, -9.614
39.50, 0.09500, -10.08
39.51, 0.09400, -9.510
39.52, 0.09300, -8.639
39.53, 0.09200, -9.102
39.54, 0.09100, -9.739
39.55, 0.09000, -8.088
39.56, 0.08900, -9.318
39.57, 0.08800, -8.885
39.58, 0.08700, -9.219
39.59, 0.08600, -9.155
39.60, 0.08500, -10.21
39.61, 0.08400, -9.394
39.62, 0.08300, -9.211
39.63, 0.08200, -9.199
39.64, 0.08100, -8.337
39.65, 0.08000, -8.769
39.66, 0.07900, -8.786
39.67, 0.07800, -9.191
39.68, 0.07700, -8.447
39.69, 0.07600, -9.060
39.70, 0.07500, -8.782
39.71, 0.07400, -9.505
39.72, 0.07300, -7.709
39.73, 0.07200, -7.331
39.74, 0.07100, -7.480
39.75, 0.07000, -9.464
39.76, 0.06900, -8.486
39.77, 0.06800, -9.511
39.78, 0.06700, -9.293
39.79, 0.06600, -8.021
39.80, 0.06500, -8.166
39.81, 0.06400, -10.30
39.82, 0.06300, -8.317
39.83, 0.06200, -8.677
39.84, 0.06100, -8.409
39.85, 0.06000, -8.861
39.86, 0.05900, -8.444
39.87, 0.05800, -10.72
39.88, 0.05700, -9.461
39.89, 0.05600, -9.036
39.90, 0.05500, -8.403
39.91, 0.05400, -9.583
39.92, 0.05300, -10.53
39.93, 0.05200, -10.21
39.94, 0.05100, -9.148
39.95, 0.05000, -9.180
39.96, 0.04900, -10.02
39.97, 0.04800, -8.915
39.98, 0.04700, -9.695
39.99, 0.04600, -9.063
40.00, 0.04500, -11.09
40.01, 0.04400, -8.857
40.02, 0.04300, -10.65
40.03, 0.04200, -7.889
40.04, 0.04100, -8.214
40.05, 0.04000, -8.452
40.06, 0.03900, -9.393
40.07, 0.03800, -9.462
40.08, 0.03700, -7.592
40.09, 0.03600, -8.034
40.10, 0.03500, -9.019
40.11, 0.03400, -9.501
40.12, 0.03300, -8.822
40.13, 0.03200, -8.792
40.14, 0.03100, -8.985
40.15, 0.03000, -8.841
40.16, 0.02900, -9.359
40.17, 0.02800, -9.274
40.18, 0.02700, -8.977
40.19, 0.02600, -8.907
40.20, 0.02500, -9.323
40.21, 0.02400, -8.966
40.22, 0.02300, -9.280
40.23, 0.02200, -9.757
40.24, 0.02100, -7.991
40.25, 0.02000, -8.824
40.26, 0.01900, -8.764
40.27, 0.01800, -9.185
40.28, 0.01700, -9.222
40.29, 0.01600, -9.451
40.30, 0.01500, -9.898
40.31, 0.01400, -9.340
40.32, 0.01300, -9.497
40.33, 0.01200, -9.069
40.34, 0.01100, -9.407
40.35, 0.01000, -9.545
40.36, 0.009000, -8.381
40.37, 0.008000, -9.020
40.38, 0.007000, -10.33
40.39, 0.006000, -9.605
40.40, 0.005000, -9.654
40.41, 0.004000, -7.915
40.42, 0.003000, -9.819
40.43, 0.002000, -9.793
40.44, 0.001000, -8.278
40.45, 0.000, -8.853
