0.01000, -0.8000, -35.74
0.02000, -0.8000, -25.18
0.03000, -0.8000, -21.83
0.04000, -0.8000, -20.79
0.05000, -0.8000, -19.01
0.06000, -0.8000, -16.69
0.07000, -0.8000, -16.39
0.08000, -0.8000, -15.42
0.09000, -0.8000, -14.84
0.1000, -0.8000, -14.34
0.1100, -0.8000, -13.92
0.1200, -0.8000, -14.25
0.1300, -0.8000, -13.27
0.1400, -0.8000, -13.92
0.1500, -0.8000, -12.24
0.1600, -0.8000, -12.09
0.1700, -0.8000, -12.32
0.1800, -0.8000, -13.21
0.1900, -0.8000, -11.46
0.2000, -0.8000, -11.71
0.2100, -0.8000, -12.33
0.2200, -0.8000, -12.78
0.2300, -0.8000, -10.95
0.2400, -0.8000, -11.83
0.2500, -0.8000, -11.81
0.2600, -0.8000, -11.42
0.2700, -0.8000, -10.55
0.2800, -0.8000, -11.32
0.2900, -0.8000, -10.27
0.3000, -0.8000, -13.48
0.3100, -0.8000, -11.30
0.3200, -0.8000, -10.75
0.3300, -0.8000, -9.831
0.3400, -0.8000, -11.39
0.3500, -0.8000, -12.06
0.3600, -0.8000, -10.92
0.3700, -0.8000, -10.57
0.3800, -0.8000, -11.89
0.3900, -0.8000, -10.78
0.4000, -0.8000, -9.574
0.4100, -0.8000, -10.33
0.4200, -0.8000, -9.568
0.4300, -0.8000, -9.739
0.4400, -0.8000, -10.38
0.4500, 0.2850, -9.419
0.4600, 0.2860, 27.79
0.4700, 0.2870, 10.15
0.4800, 0.2880, 6.109
0.4900, 0.2890, 3.920
0.5000, 0.2900, 4.535
0.5100, 0.2910, 2.845
0.5200, 0.2920, 2.964
0.5300, 0.2930, 1.544
0.5400, 0.2940, 0.2975
0.5500, 0.2950, 0.03697
0.5600, 0.2960, 1.344
0.5700, 0.2970, -0.8696
0.5800, 0.2980, -2.108
0.5900, 0.2990, -0.8594
0.6000, 0.3000, -1.042
0.6100, 0.3010, -1.148
0.6200, 0.3020, -0.4853
0.6300, 0.3030, -0.1347
0.6400, 0.3040, -0.1907
0.6500, 0.3050, -1.992
0.6600, 0.3060, -0.1215
0.6700, 0.3070, 0.5282
0.6800, 0.3080, -0.7527
0.6900, 0.3090, -1.231
0.7000, 0.3100, -2.115
0.7100, 0.3110, -0.9709
0.7200, 0.3120, -0.8457
0.7300, 0.3130, -0.8040
0.7400, 0.3140, -0.3832
0.7500, 0.3150, -0.7879
0.7600, 0.3160, -3.604
0.7700, 0.3170, -3.165
0.7800, 0.3180, -0.9283
0.7900, 0.3190, -4.814
0.8000, 0.3200, 0.4312
0.8100, 0.3210, -1.118
0.8200, 0.3220, -0.8314
0.8300, 0.3230, -0.1838
0.8400, 0.3240, -1.710
0.8500, 0.3250, 0.1159
0.8600, 0.3260, -0.9524
0.8700, 0.3270, 0.5048
0.8800, 0.3280, 0.6162
0.8900, 0.3290, -1.392
0.9000, 0.3300, -2.195
0.9100, 0.3310, -2.896
0.9200, 0.3320, -0.9829
0.9300, 0.3330, -2.624
0.9400, 0.3340, -1.728
0.9500, 0.3350, -1.716
0.9600, 0.3360, -0.9305
0.9700, 0.3370, -1.052
0.9800, 0.3380, 0.1171
0.9900, 0.3390, 0.4429
1.000, 0.3400, 0.2913
1.010, 0.3410, -2.013
1.020, 0.3420, -2.614
1.030, 0.3430, -0.9965
1.040, 0.3440, -1.036
1.050, 0.3450, -0.2014
1.060, 0.3460, -1.573
1.070, 0.3470, -0.2332
1.080, 0.3480, -2.040
1.090, 0.3490, -2.034
1.100, 0.3500, -1.010
1.110, 0.3510, -1.380
1.120, 0.3520, 0.1533
1.130, 0.3530, -1.004
1.140, 0.3540, -1.120
1.150, 0.3550, 1.176
1.160, 0.3560, 0.4056
1.170, 0.3570, -2.413
1.180, 0.3580, -1.999
1.190, 0.3590, -0.4148
1.200, 0.3600, 0.9327
1.210, 0.3610, -1.320
1.220, 0.3620, -1.205
1.230, 0.3630, -0.9683
1.240, 0.3640, 0.2261
1.250, 0.3650, -0.4637
1.260, 0.3660, -1.015
1.270, 0.3670, -0.4573
1.280, 0.3680, 1.347
1.290, 0.3690, 0.3286
1.300, 0.3700, -0.03086
1.310, 0.3710, 0.8770
1.320, 0.3720, -1.674
1.330, 0.3730, -1.191
1.340, 0.3740, -0.06227
1.350, 0.3750, -0.3915
1.360, 0.3760, -1.033
1.370, 0.3770, 0.8180
1.380, 0.3780, -0.1798
1.390, 0.3790, 0.8452
1.400, 0.3800, 1.150
1.410, 0.3810, -0.4967
1.420, 0.3820, 0.5801
1.430, 0.3830, 2.350
1.440, 0.3840, -0.5289
1.450, 0.3850, 1.606
1.460, 0.3860, 1.327
1.470, 0.3870, 1.876
1.480, 0.3880, 0.9919
1.490, 0.3890, 0.7836
1.500, 0.3900, 0.3351
1.510, 0.3910, 0.1348
1.520, 0.3920, 2.384
1.530, 0.3930, 1.851
1.540, 0.3940, 1.746
1.550, 0.3950, -0.01789
1.560, 0.3960, 0.8206
1.570, 0.3970, 1.842
1.580, 0.3980, 2.240
1.590, 0.3990, 1.688
1.600, 0.4000, 1.396
1.610, 0.4010, 3.005
1.620, 0.4020, 1.297
1.630, 0.4030, 0.7513
1.640, 0.4040, 0.6465
1.650, 0.4050, 1.280
1.660, 0.4060, 1.630
1.670, 0.4070, -1.367
1.680, 0.4080, 2.311
1.690, 0.4090, 1.774
1.700, 0.4100, 2.433
1.710, 0.4110, 1.407
1.720, 0.4120, 1.361
1.730, 0.4130, 1.853
1.740, 0.4140, 0.4423
1.750, 0.4150, 2.708
1.760, 0.4160, 3.101
1.770, 0.4170, 2.756
1.780, 0.4180, 1.178
1.790, 0.4190, 2.602
1.800, 0.4200, 3.072
1.810, 0.4210, 2.350
1.820, 0.4220, 3.050
1.830, 0.4230, 3.207
1.840, 0.4240, 2.123
1.850, 0.4250, 0.2557
1.860, 0.4260, 2.873
1.870, 0.4270, 3.585
1.880, 0.4280, 0.7425
1.890, 0.4290, 1.921
1.900, 0.4300, 3.578
1.910, 0.4310, 3.260
1.920, 0.4320, 2.378
1.930, 0.4330, 2.808
1.940, 0.4340, 2.983
1.950, 0.4350, 2.662
1.960, 0.4360, 4.402
1.970, 0.4370, 3.050
1.980, 0.4380, 4.308
1.990, 0.4390, 2.883
2.000, 0.4400, 3.778
2.010, 0.4410, 2.590
2.020, 0.4420, 4.576
2.030, 0.4430, 2.383
2.040, 0.4440, 4.275
2.050, 0.4450, 5.204
2.060, 0.4460, 3.757
2.070, 0.4470, 4.962
2.080, 0.4480, 3.716
2.090, 0.4490, 5.733
2.100, 0.4500, 6.250
2.110, 0.4510, 3.265
2.120, 0.4520, 3.270
2.130, 0.4530, 5.044
2.140, 0.4540, 5.779
2.150, 0.4550, 4.689
2.160, 0.4560, 5.147
2.170, 0.4570, 4.840
2.180, 0.4580, 4.882
2.190, 0.4590, 5.781
2.200, 0.4600, 4.583
2.210, 0.4610, 5.366
2.220, 0.4620, 4.746
2.230, 0.4630, 5.165
2.240, 0.4640, 4.899
2.250, 0.4650, 4.655
2.260, 0.4660, 5.136
2.270, 0.4670, 3.983
2.280, 0.4680, 5.486
2.290, 0.4690, 5.504
2.300, 0.4700, 4.077
2.310, 0.4710, 4.003
2.320, 0.4720, 5.206
2.330, 0.4730, 5.742
2.340, 0.4740, 5.150
2.350, 0.4750, 6.877
2.360, 0.4760, 6.073
2.370, 0.4770, 5.127
2.380, 0.4780, 5.743
2.390, 0.4790, 2.918
2.400, 0.4800, 5.483
2.410, 0.4810, 5.909
2.420, 0.4820, 4.737
2.430, 0.4830, 6.894
2.440, 0.4840, 5.276
2.450, 0.4850, 6.095
2.460, 0.4860, 5.997
2.470, 0.4870, 6.363
2.480, 0.4880, 6.429
2.490, 0.4890, 6.672
2.500, 0.4900, 7.567
2.510, 0.4910, 6.313
2.520, 0.4920, 7.612
2.530, 0.4930, 5.728
2.540, 0.4940, 6.904
2.550, 0.4950, 6.362
2.560, 0.4960, 7.416
2.570, 0.4970, 7.679
2.580, 0.4980, 7.780
2.590, 0.4990, 6.176
2.600, 0.5000, 8.054
2.610, 0.5010, 5.503
2.620, 0.5020, 8.497
2.630, 0.5030, 7.765
2.640, 0.5040, 5.695
2.650, 0.5050, 7.298
2.660, 0.5060, 6.931
2.670, 0.5070, 8.244
2.680, 0.5080, 9.489
2.690, 0.5090, 7.959
2.700, 0.5100, 7.555
2.710, 0.5110, 6.709
2.720, 0.5120, 8.538
2.730, 0.5130, 6.718
2.740, 0.5140, 7.817
2.750, 0.5150, 8.034
2.760, 0.5160, 8.029
2.770, 0.5170, 6.967
2.780, 0.5180, 7.400
2.790, 0.5190, 7.427
2.800, 0.5200, 8.377
2.810, 0.5210, 8.868
2.820, 0.5220, 6.563
2.830, 0.5230, 8.832
2.840, 0.5240, 8.385
2.850, 0.5250, 8.756
2.860, 0.5260, 8.940
2.870, 0.5270, 8.037
2.880, 0.5280, 9.465
2.890, 0.5290, 9.399
2.900, 0.5300, 9.744
2.910, 0.5310, 7.761
2.920, 0.5320, 9.788
2.930, 0.5330, 9.700
2.940, 0.5340, 9.095
2.950, 0.5350, 9.661
2.960, 0.5360, 9.389
2.970, 0.5370, 11.14
2.980, 0.5380, 9.043
2.990, 0.5390, 8.403
3.000, 0.5400, 9.812
3.010, 0.5410, 10.02
3.020, 0.5420, 10.44
3.030, 0.5430, 9.560
3.040, 0.5440, 9.181
3.050, 0.5450, 8.923
3.060, 0.5460, 8.349
3.070, 0.5470, 9.789
3.080, 0.5480, 10.34
3.090, 0.5490, 8.821
3.100, 0.5500, 11.10
3.110, 0.5510, 11.68
3.120, 0.5520, 10.37
3.130, 0.5530, 9.382
3.140, 0.5540, 9.358
3.150, 0.5550, 9.639
3.160, 0.5560, 9.802
3.170, 0.5570, 7.948
3.180, 0.5580, 10.26
3.190, 0.5590, 10.53
3.200, 0.5600, 9.658
3.210, 0.5610, 10.66
3.220, 0.5620, 10.93
3.230, 0.5630, 8.268
3.240, 0.5640, 11.13
3.250, 0.5650, 10.33
3.260, 0.5660, 10.75
3.270, 0.5670, 10.92
3.280, 0.5680, 11.15
3.290, 0.5690, 10.71
3.300, 0.5700, 10.30
3.310, 0.5710, 10.54
3.320, 0.5720, 10.80
3.330, 0.5730, 10.38
3.340, 0.5740, 10.78
3.350, 0.5750, 9.089
3.360, 0.5760, 10.08
3.370, 0.5770, 11.68
3.380, 0.5780, 12.83
3.390, 0.5790, 12.14
3.400, 0.5800, 10.59
3.410, 0.5810, 10.68
3.420, 0.5820, 10.14
3.430, 0.5830, 10.77
3.440, 0.5840, 11.67
3.450, 0.5850, 11.78
3.460, 0.5860, 9.779
3.470, 0.5870, 11.22
3.480, 0.5880, 10.68
3.490, 0.5890, 12.14
3.500, 0.5900, 10.75
3.510, 0.5910, 12.43
3.520, 0.5920, 10.79
3.530, 0.5930, 11.02
3.540, 0.5940, 11.41
3.550, 0.5950, 11.10
3.560, 0.5960, 12.26
3.570, 0.5970, 9.619
3.580, 0.5980, 12.85
3.590, 0.5990, 11.67
3.600, 0.6000, 12.87
3.610, 0.6010, 11.28
3.620, 0.6020, 11.91
3.630, 0.6030, 11.97
3.640, 0.6040, 11.49
3.650, 0.6050, 11.74
3.660, 0.6060, 12.73
3.670, 0.6070, 11.84
3.680, 0.6080, 12.10
3.690, 0.6090, 12.44
3.700, 0.6100, 11.85
3.710, 0.6110, 13.74
3.720, 0.6120, 9.966
3.730, 0.6130, 12.67
3.740, 0.6140, 11.24
3.750, 0.6150, 12.09
3.760, 0.6160, 11.66
3.770, 0.6170, 13.06
3.780, 0.6180, 12.13
3.790, 0.6190, 12.78
3.800, 0.6200, 12.57
3.810, 0.6210, 12.76
3.820, 0.6220, 12.92
3.830, 0.6230, 12.32
3.840, 0.6240, 12.77
3.850, 0.6250, 11.62
3.860, 0.6260, 12.43
3.870, 0.6270, 12.19
3.880, 0.6280, 13.08
3.890, 0.6290, 13.35
3.900, 0.6300, 12.58
3.910, 0.6310, 13.07
3.920, 0.6320, 13.09
3.930, 0.6330, 13.67
3.940, 0.6340, 11.49
3.950, 0.6350, 12.45
3.960, 0.6360, 12.79
3.970, 0.6370, 12.92
3.980, 0.6380, 10.34
3.990, 0.6390, 11.95
4.000, 0.6400, 12.99
4.010, 0.6410, 12.76
4.020, 0.6420, 13.09
4.030, 0.6430, 12.70
4.040, 0.6440, 13.02
4.050, 0.6450, 11.41
4.060, 0.6460, 12.31
4.070, 0.6470, 12.56
4.080, 0.6480, 14.00
4.090, 0.6490, 13.47
4.100, 0.6500, 12.56
4.110, 0.6510, 12.00
4.120, 0.6520, 12.11
4.130, 0.6530, 13.18
4.140, 0.6540, 12.60
4.150, 0.6550, 12.78
4.160, 0.6560, 13.34
4.170, 0.6570, 14.02
4.180, 0.6580, 13.16
4.190, 0.6590, 12.74
4.200, 0.6600, 14.09
4.210, 0.6610, 14.94
4.220, 0.6620, 14.53
4.230, 0.6630, 14.37
4.240, 0.6640, 12.57
4.250, 0.6650, 13.21
4.260, 0.6660, 13.75
4.270, 0.6670, 12.72
4.280, 0.6680, 14.66
4.290, 0.6690, 13.39
4.300, 0.6700, 14.19
4.310, 0.6710, 13.99
4.320, 0.6720, 14.57
4.330, 0.6730, 13.96
4.340, 0.6740, 14.16
4.350, 0.6750, 13.54
4.360, 0.6760, 13.25
4.370, 0.6770, 14.55
4.380, 0.6780, 13.74
4.390, 0.6790, 11.13
4.400, 0.6800, 12.60
4.410, 0.6810, 13.62
4.420, 0.6820, 14.12
4.430, 0.6830, 13.03
4.440, 0.6840, 14.04
4.450, 0.6850, 14.48
4.460, 0.6860, 12.62
4.470, 0.6870, 13.36
4.480, 0.6880, 14.00
4.490, 0.6890, 13.51
4.500, 0.6900, 13.36
4.510, 0.6910, 13.62
4.520, 0.6920, 12.86
4.530, 0.6930, 12.21
4.540, 0.6940, 12.65
4.550, 0.6950, 13.60
4.560, 0.6960, 13.61
4.570, 0.6970, 14.59
4.580, 0.6980, 14.27
4.590, 0.6990, 13.82
4.600, 0.7000, 15.45
4.610, 0.7010, 13.89
4.620, 0.7020, 14.92
4.630, 0.7030, 11.64
4.640, 0.7040, 13.91
4.650, 0.7050, 14.32
4.660, 0.7060, 12.13
4.670, 0.7070, 13.90
4.680, 0.7080, 13.76
4.690, 0.7090, 13.84
4.700, 0.7100, 14.63
4.710, 0.7110, 14.79
4.720, 0.7120, 13.41
4.730, 0.7130, 13.83
4.740, 0.7140, 13.46
4.750, 0.7150, 14.60
4.760, 0.7160, 13.90
4.770, 0.7170, 13.96
4.780, 0.7180, 13.82
4.790, 0.7190, 14.85
4.800, 0.7200, 14.43
4.810, 0.7210, 14.94
4.820, 0.7220, 13.78
4.830, 0.7230, 13.97
4.840, 0.7240, 15.80
4.850, 0.7250, 15.07
4.860, 0.7260, 14.08
4.870, 0.7270, 13.82
4.880, 0.7280, 13.37
4.890, 0.7290, 15.02
4.900, 0.7300, 14.06
4.910, 0.7310, 14.84
4.920, 0.7320, 14.52
4.930, 0.7330, 14.76
4.940, 0.7340, 14.32
4.950, 0.7350, 14.65
4.960, 0.7360, 15.16
4.970, 0.7370, 13.75
4.980, 0.7380, 13.94
4.990, 0.7390, 14.65
5.000, 0.7400, 14.78
5.010, 0.7410, 14.72
5.020, 0.7420, 13.30
5.030, 0.7430, 14.48
5.040, 0.7440, 15.03
5.050, 0.7450, 14.92
5.060, 0.7460, 15.42
5.070, 0.7470, 14.63
5.080, 0.7480, 13.58
5.090, 0.7490, 14.17
5.100, 0.7500, 15.69
5.110, 0.7510, 14.02
5.120, 0.7520, 14.10
5.130, 0.7530, 14.50
5.140, 0.7540, 13.15
5.150, 0.7550, 13.89
5.160, 0.7560, 11.17
5.170, 0.7570, 13.54
5.180, 0.7580, 14.09
5.190, 0.7590, 13.58
5.200, 0.7600, 13.75
5.210, 0.7610, 13.79
5.220, 0.7620, 14.82
5.230, 0.7630, 13.76
5.240, 0.7640, 15.18
5.250, 0.7650, 13.55
5.260, 0.7660, 14.68
5.270, 0.7670, 14.42
5.280, 0.7680, 15.14
5.290, 0.7690, 14.70
5.300, 0.7700, 15.34
5.310, 0.7710, 14.88
5.320, 0.7720, 14.94
5.330, 0.7730, 13.85
5.340, 0.7740, 14.21
5.350, 0.7750, 12.76
5.360, 0.7760, 14.66
5.370, 0.7770, 12.75
5.380, 0.7780, 15.55
5.390, 0.7790, 13.33
5.400, 0.7800, 15.35
5.410, 0.7810, 14.75
5.420, 0.7820, 13.93
5.430, 0.7830, 13.85
5.440, 0.7840, 14.72
5.450, 0.7850, 14.58
5.460, 0.7860, 14.92
5.470, 0.7870, 15.73
5.480, 0.7880, 14.92
5.490, 0.7890, 15.85
5.500, 0.7900, 13.71
5.510, 0.7910, 14.39
5.520, 0.7920, 14.05
5.530, 0.7930, 13.40
5.540, 0.7940, 14.96
5.550, 0.7950, 15.05
5.560, 0.7960, 14.02
5.570, 0.7970, 13.19
5.580, 0.7980, 15.89
5.590, 0.7990, 14.65
5.600, 0.8000, 13.90
5.610, 0.8010, 13.58
5.620, 0.8020, 15.11
5.630, 0.8030, 14.47
5.640, 0.8040, 15.21
5.650, 0.8050, 15.59
5.660, 0.8060, 14.85
5.670, 0.8070, 14.85
5.680, 0.8080, 14.07
5.690, 0.8090, 13.67
5.700, 0.8100, 15.87
5.710, 0.8110, 14.80
5.720, 0.8120, 16.39
5.730, 0.8130, 14.92
5.740, 0.8140, 13.93
5.750, 0.8150, 15.12
5.760, 0.8160, 13.04
5.770, 0.8170, 14.14
5.780, 0.8180, 14.62
5.790, 0.8190, 13.65
5.800, 0.8200, 13.13
5.810, 0.8210, 14.05
5.820, 0.8220, 15.86
5.830, 0.8230, 15.46
5.840, 0.8240, 14.82
5.850, 0.8250, 15.65
5.860, 0.8260, 15.08
5.870, 0.8270, 13.48
5.880, 0.8280, 14.64
5.890, 0.8290, 15.14
5.900, 0.8300, 14.27
5.910, 0.8310, 15.23
5.920, 0.8320, 14.84
5.930, 0.8330, 15.12
5.940, 0.8340, 15.81
5.950, 0.8350, 14.24
5.960, 0.8360, 14.69
5.970, 0.8370, 14.73
5.980, 0.8380, 15.17
5.990, 0.8390, 14.86
6.000, 0.8400, 14.28
6.010, 0.8410, 14.15
6.020, 0.8420, 14.25
6.030, 0.8430, 13.86
6.040, 0.8440, 14.83
6.050, 0.8450, 14.55
6.060, 0.8460, 14.63
6.070, 0.8470, 12.97
6.080, 0.8480, 14.12
6.090, 0.8490, 15.06
6.100, 0.8500, 14.36
6.110, 0.8510, 14.74
6.120, 0.8520, 14.87
6.130, 0.8530, 15.17
6.140, 0.8540, 14.21
6.150, 0.8550, 15.48
6.160, 0.8560, 13.77
6.170, 0.8570, 14.99
6.180, 0.8580, 15.19
6.190, 0.8590, 13.93
6.200, 0.8600, 13.54
6.210, 0.8610, 13.05
6.220, 0.8620, 14.03
6.230, 0.8630, 14.10
6.240, 0.8640, 13.70
6.250, 0.8650, 14.27
6.260, 0.8660, 15.06
6.270, 0.8670, 15.83
6.280, 0.8680, 13.82
6.290, 0.8690, 15.25
6.300, 0.8700, 16.06
6.310, 0.8710, 15.45
6.320, 0.8720, 14.84
6.330, 0.8730, 14.73
6.340, 0.8740, 13.29
6.350, 0.8750, 14.54
6.360, 0.8760, 14.57
6.370, 0.8770, 15.35
6.380, 0.8780, 13.58
6.390, 0.8790, 13.78
6.400, 0.8800, 15.79
6.410, 0.8810, 13.68
6.420, 0.8820, 14.11
6.430, 0.8830, 14.69
6.440, 0.8840, 15.26
6.450, 0.8850, 15.17
6.460, 0.8860, 15.47
6.470, 0.8870, 14.24
6.480, 0.8880, 14.08
6.490, 0.8890, 14.50
6.500, 0.8900, 13.94
6.510, 0.8910, 14.93
6.520, 0.8920, 15.98
6.530, 0.8930, 13.59
6.540, 0.8940, 15.53
6.550, 0.8950, 14.65
6.560, 0.8960, 14.49
6.570, 0.8970, 15.70
6.580, 0.8980, 15.39
6.590, 0.8990, 15.09
6.600, 0.9000, 14.65
6.610, 0.9010, 13.59
6.620, 0.9020, 14.38
6.630, 0.9030, 14.57
6.640, 0.9040, 14.56
6.650, 0.9050, 15.99
6.660, 0.9060, 15.30
6.670, 0.9070, 12.63
6.680, 0.9080, 14.26
6.690, 0.9090, 14.93
6.700, 0.9100, 15.13
6.710, 0.9110, 13.28
6.720, 0.9120, 15.34
6.730, 0.9130, 14.94
6.740, 0.9140, 14.05
6.750, 0.9150, 14.22
6.760, 0.9160, 14.91
6.770, 0.9170, 14.24
6.780, 0.9180, 15.25
6.790, 0.9190, 15.44
6.800, 0.9200, 13.32
6.810, 0.9210, 15.81
6.820, 0.9220, 14.75
6.830, 0.9230, 14.10
6.840, 0.9240, 14.96
6.850, 0.9250, 12.38
6.860, 0.9260, 14.98
6.870, 0.9270, 13.80
6.880, 0.9280, 14.01
6.890, 0.9290, 13.68
6.900, 0.9300, 14.48
6.910, 0.9310, 15.26
6.920, 0.9320, 14.97
6.930, 0.9330, 13.99
6.940, 0.9340, 15.13
6.950, 0.9350, 15.62
6.960, 0.9360, 15.16
6.970, 0.9370, 14.98
6.980, 0.9380, 14.20
6.990, 0.9390, 14.85
7.000, 0.9400, 16.16
7.010, 0.9410, 15.29
7.020, 0.9420, 16.36
7.030, 0.9430, 15.12
7.040, 0.9440, 15.71
7.050, 0.9450, 15.56
7.060, 0.9460, 13.52
7.070, 0.9470, 15.08
7.080, 0.9480, 14.25
7.090, 0.9490, 14.60
7.100, 0.9500, 14.21
7.110, 0.9510, 15.38
7.120, 0.9520, 15.73
7.130, 0.9530, 15.08
7.140, 0.9540, 14.18
7.150, 0.9550, 14.38
7.160, 0.9560, 14.96
7.170, 0.9570, 15.18
7.180, 0.9580, 13.93
7.190, 0.9590, 14.98
7.200, 0.9600, 15.63
7.210, 0.9610, 14.60
7.220, 0.9620, 15.65
7.230, 0.9630, 15.34
7.240, 0.9640, 15.16
7.250, 0.9650, 15.35
7.260, 0.9660, 15.34
7.270, 0.9670, 14.99
7.280, 0.9680, 15.79
7.290, 0.9690, 15.78
7.300, 0.9700, 15.43
7.310, 0.9710, 15.43
7.320, 0.9720, 15.85
7.330, 0.9730, 15.10
7.340, 0.9740, 16.17
7.350, 0.9750, 16.01
7.360, 0.9760, 15.17
7.370, 0.9770, 14.11
7.380, 0.9780, 13.96
7.390, 0.9790, 15.65
7.400, 0.9800, 15.44
7.410, 0.9810, 15.17
7.420, 0.9820, 15.74
7.430, 0.9830, 14.30
7.440, 0.9840, 15.69
7.450, 0.9850, 14.94
7.460, 0.9860, 14.24
7.470, 0.9870, 14.63
7.480, 0.9880, 15.95
7.490, 0.9890, 15.92
7.500, 0.9900, 14.27
7.510, 0.9910, 14.20
7.520, 0.9920, 15.89
7.530, 0.9930, 14.50
7.540, 0.9940, 15.18
7.550, 0.9950, 15.41
7.560, 0.9960, 15.60
7.570, 0.9970, 13.23
7.580, 0.9980, 15.36
7.590, 0.9990, 15.50
7.600, 1.000, 13.93
7.610, 1.001, 14.99
7.620, 1.002, 15.14
7.630, 1.003, 16.28
7.640, 1.004, 14.59
7.650, 1.005, 16.32
7.660, 1.006, 16.40
7.670, 1.007, 15.01
7.680, 1.008, 15.58
7.690, 1.009, 15.04
7.700, 1.010, 16.23
7.710, 1.011, 15.07
7.720, 1.012, 15.04
7.730, 1.013, 14.79
7.740, 1.014, 13.59
7.750, 1.015, 15.53
7.760, 1.016, 15.22
7.770, 1.017, 15.36
7.780, 1.018, 15.70
7.790, 1.019, 14.60
7.800, 1.020, 16.01
7.810, 1.021, 14.87
7.820, 1.022, 15.35
7.830, 1.023, 15.55
7.840, 1.024, 15.47
7.850, 1.025, 15.41
7.860, 1.026, 15.45
7.870, 1.027, 15.89
7.880, 1.028, 15.32
7.890, 1.029, 14.70
7.900, 1.030, 16.05
7.910, 1.031, 15.71
7.920, 1.032, 15.56
7.930, 1.033, 14.62
7.940, 1.034, 15.32
7.950, 1.035, 14.49
7.960, 1.036, 17.29
7.970, 1.037, 16.52
7.980, 1.038, 16.80
7.990, 1.039, 17.07
8.000, 1.040, 17.60
8.010, 1.041, 16.43
8.020, 1.042, 14.49
8.030, 1.043, 16.16
8.040, 1.044, 16.69
8.050, 1.045, 14.01
8.060, 1.046, 15.85
8.070, 1.047, 16.05
8.080, 1.048, 13.98
8.090, 1.049, 15.90
8.100, 1.050, 16.05
8.110, 1.051, 16.46
8.120, 1.052, 15.82
8.130, 1.053, 16.47
8.140, 1.054, 16.38
8.150, 1.055, 17.43
8.160, 1.056, 16.69
8.170, 1.057, 17.64
8.180, 1.058, 16.11
8.190, 1.059, 16.97
8.200, 1.060, 14.81
8.210, 1.061, 16.49
8.220, 1.062, 15.70
8.230, 1.063, 15.98
8.240, 1.064, 15.65
8.250, 1.065, 16.97
8.260, 1.066, 16.67
8.270, 1.067, 16.95
8.280, 1.068, 16.07
8.290, 1.069, 14.96
8.300, 1.070, 16.47
8.310, 1.071, 14.49
8.320, 1.072, 15.50
8.330, 1.073, 16.67
8.340, 1.074, 14.95
8.350, 1.075, 16.13
8.360, 1.076, 17.14
8.370, 1.077, 16.49
8.380, 1.078, 17.82
8.390, 1.079, 16.87
8.400, 1.080, 19.31
8.410, 1.081, 16.13
8.420, 1.082, 17.26
8.430, 1.083, 17.18
8.440, 1.084, 17.68
8.450, 1.085, 15.33
8.460, 1.086, 16.78
8.470, 1.087, 17.40
8.480, 1.088, 16.40
8.490, 1.089, 17.20
8.500, 1.090, 16.95
8.510, 1.091, 19.02
8.520, 1.092, 16.00
8.530, 1.093, 17.13
8.540, 1.094, 17.37
8.550, 1.095, 17.25
8.560, 1.096, 19.04
8.570, 1.097, 17.90
8.580, 1.098, 17.89
8.590, 1.099, 18.06
8.600, 1.100, 17.44
8.610, 1.101, 17.76
8.620, 1.102, 17.70
8.630, 1.103, 17.40
8.640, 1.104, 16.30
8.650, 1.105, 16.36
8.660, 1.106, 16.01
8.670, 1.107, 17.98
8.680, 1.108, 17.56
8.690, 1.109, 16.98
8.700, 1.110, 18.72
8.710, 1.111, 16.60
8.720, 1.112, 18.83
8.730, 1.113, 17.15
8.740, 1.114, 17.90
8.750, 1.115, 15.98
8.760, 1.116, 17.54
8.770, 1.117, 17.49
8.780, 1.118, 18.18
8.790, 1.119, 17.51
8.800, 1.120, 18.74
8.810, 1.121, 18.78
8.820, 1.122, 18.76
8.830, 1.123, 18.33
8.840, 1.124, 18.86
8.850, 1.125, 18.38
8.860, 1.126, 18.26
8.870, 1.127, 18.81
8.880, 1.128, 17.41
8.890, 1.129, 17.86
8.900, 1.130, 17.10
8.910, 1.131, 18.92
8.920, 1.132, 18.25
8.930, 1.133, 16.80
8.940, 1.134, 18.37
8.950, 1.135, 19.52
8.960, 1.136, 18.66
8.970, 1.137, 18.53
8.980, 1.138, 18.28
8.990, 1.139, 17.97
9.000, 1.140, 19.64
9.010, 1.141, 18.84
9.020, 1.142, 18.13
9.030, 1.143, 18.34
9.040, 1.144, 18.60
9.050, 1.145, 18.92
9.060, 1.146, 18.83
9.070, 1.147, 18.92
9.080, 1.148, 19.68
9.090, 1.149, 19.23
9.100, 1.150, 18.72
9.110, 1.151, 20.61
9.120, 1.152, 19.81
9.130, 1.153, 19.07
9.140, 1.154, 18.81
9.150, 1.155, 19.18
9.160, 1.156, 17.50
9.170, 1.157, 20.43
9.180, 1.158, 20.48
9.190, 1.159, 20.09
9.200, 1.160, 20.01
9.210, 1.161, 18.76
9.220, 1.162, 19.51
9.230, 1.163, 21.22
9.240, 1.164, 19.62
9.250, 1.165, 19.42
9.260, 1.166, 20.13
9.270, 1.167, 20.76
9.280, 1.168, 19.99
9.290, 1.169, 20.53
9.300, 1.170, 21.20
9.310, 1.171, 21.15
9.320, 1.172, 21.23
9.330, 1.173, 20.72
9.340, 1.174, 18.57
9.350, 1.175, 20.50
9.360, 1.176, 20.97
9.370, 1.177, 18.95
9.380, 1.178, 19.88
9.390, 1.179, 20.41
9.400, 1.180, 20.75
9.410, 1.181, 21.23
9.420, 1.182, 21.78
9.430, 1.183, 22.24
9.440, 1.184, 21.76
9.450, 1.185, 20.77
9.460, 1.186, 20.25
9.470, 1.187, 21.62
9.480, 1.188, 20.41
9.490, 1.189, 21.09
9.500, 1.190, 21.96
9.510, 1.191, 22.56
9.520, 1.192, 21.96
9.530, 1.193, 21.60
9.540, 1.194, 22.16
9.550, 1.195, 21.54
9.560, 1.196, 20.56
9.570, 1.197, 19.09
9.580, 1.198, 21.82
9.590, 1.199, 21.46
9.600, 1.200, 22.97
9.610, 1.201, 22.20
9.620, 1.202, 22.07
9.630, 1.203, 21.61
9.640, 1.204, 21.78
9.650, 1.205, 23.51
9.660, 1.206, 20.82
9.670, 1.207, 23.47
9.680, 1.208, 23.02
9.690, 1.209, 22.22
9.700, 1.210, 23.65
9.710, 1.211, 23.17
9.720, 1.212, 21.54
9.730, 1.213, 23.51
9.740, 1.214, 23.84
9.750, 1.215, 23.55
9.760, 1.216, 24.68
9.770, 1.217, 23.12
9.780, 1.218, 22.92
9.790, 1.219, 23.96
9.800, 1.220, 22.63
9.810, 1.221, 23.63
9.820, 1.222, 24.52
9.830, 1.223, 24.04
9.840, 1.224, 24.63
9.850, 1.225, 24.34
9.860, 1.226, 24.45
9.870, 1.227, 24.39
9.880, 1.228, 24.36
9.890, 1.229, 24.69
9.900, 1.230, 24.50
9.910, 1.231, 24.98
9.920, 1.232, 25.54
9.930, 1.233, 24.94
9.940, 1.234, 24.07
9.950, 1.235, 24.56
9.960, 1.236, 25.12
9.970, 1.237, 25.39
9.980, 1.238, 25.89
9.990, 1.239, 26.38
10.00, 1.240, 25.80
10.01, 1.241, 25.77
10.02, 1.242, 27.19
10.03, 1.243, 26.77
10.04, 1.244, 27.26
10.05, 1.245, 27.27
10.06, 1.246, 25.70
10.07, 1.247, 26.90
10.08, 1.248, 26.89
10.09, 1.249, 26.11
10.10, 1.250, 27.00
10.11, 1.251, 26.51
10.12, 1.252, 27.01
10.13, 1.253, 26.24
10.14, 1.254, 27.72
10.15, 1.255, 28.46
10.16, 1.256, 28.77
10.17, 1.257, 28.73
10.18, 1.258, 29.12
10.19, 1.259, 30.08
10.20, 1.260, 28.64
10.21, 1.261, 29.21
10.22, 1.262, 28.88
10.23, 1.263, 29.14
10.24, 1.264, 29.83
10.25, 1.265, 28.44
10.26, 1.266, 28.39
10.27, 1.267, 29.62
10.28, 1.268, 29.53
10.29, 1.269, 29.80
10.30, 1.270, 30.19
10.31, 1.271, 28.46
10.32, 1.272, 30.49
10.33, 1.273, 30.82
10.34, 1.274, 30.22
10.35, 1.275, 32.12
10.36, 1.276, 31.22
10.37, 1.277, 30.84
10.38, 1.278, 31.32
10.39, 1.279, 32.08
10.40, 1.280, 32.07
10.41, 1.281, 30.47
10.42, 1.282, 33.41
10.43, 1.283, 31.15
10.44, 1.284, 31.63
10.45, 1.285, 32.23
10.46, 1.286, 31.54
10.47, 1.287, 32.68
10.48, 1.288, 33.36
10.49, 1.289, 34.55
10.50, 1.290, 34.10
10.51, 1.291, 34.78
10.52, 1.292, 35.17
10.53, 1.293, 34.98
10.54, 1.294, 35.09
10.55, 1.295, 35.36
10.56, 1.296, 35.60
10.57, 1.297, 36.09
10.58, 1.298, 35.47
10.59, 1.299, 35.19
10.60, 1.300, 35.42
10.61, 1.301, 36.87
10.62, 1.302, 36.13
10.63, 1.303, 37.03
10.64, 1.304, 35.69
10.65, 1.305, 35.69
10.66, 1.306, 37.33
10.67, 1.307, 37.68
10.68, 1.308, 38.88
10.69, 1.309, 38.51
10.70, 1.310, 37.92
10.71, 1.311, 37.99
10.72, 1.312, 37.93
10.73, 1.313, 39.19
10.74, 1.314, 39.35
10.75, 1.315, 38.01
10.76, 1.316, 37.83
10.77, 1.317, 38.69
10.78, 1.318, 39.47
10.79, 1.319, 38.94
10.80, 1.320, 40.97
10.81, 1.321, 40.05
10.82, 1.322, 41.27
10.83, 1.323, 42.13
10.84, 1.324, 40.79
10.85, 1.325, 40.47
10.86, 1.326, 40.95
10.87, 1.327, 41.84
10.88, 1.328, 41.48
10.89, 1.329, 42.13
10.90, 1.330, 42.77
10.91, 1.331, 41.76
10.92, 1.332, 43.09
10.93, 1.333, 43.51
10.94, 1.334, 43.16
10.95, 1.335, 42.66
10.96, 1.336, 41.29
10.97, 1.337, 42.88
10.98, 1.338, 44.39
10.99, 1.339, 44.81
11.00, 1.340, 45.12
11.01, 1.341, 43.75
11.02, 1.342, 44.74
11.03, 1.343, 44.20
11.04, 1.344, 45.03
11.05, 1.345, 45.01
11.06, 1.346, 45.24
11.07, 1.347, 44.69
11.08, 1.348, 45.94
11.09, 1.349, 46.36
11.10, 1.350, 45.58
11.11, 1.351, 46.10
11.12, 1.352, 46.58
11.13, 1.353, 47.01
11.14, 1.354, 47.13
11.15, 1.355, 46.90
11.16, 1.356, 46.43
11.17, 1.357, 46.74
11.18, 1.358, 46.90
11.19, 1.359, 46.96
11.20, 1.360, 47.14
11.21, 1.361, 46.81
11.22, 1.362, 47.72
11.23, 1.363, 47.51
11.24, 1.364, 47.78
11.25, 1.365, 48.26
11.26, 1.366, 50.36
11.27, 1.367, 49.20
11.28, 1.368, 50.11
11.29, 1.369, 49.54
11.30, 1.370, 49.18
11.31, 1.371, 49.29
11.32, 1.372, 49.77
11.33, 1.373, 49.85
11.34, 1.374, 50.35
11.35, 1.375, 50.23
11.36, 1.376, 50.17
11.37, 1.377, 51.08
11.38, 1.378, 51.01
11.39, 1.379, 50.82
11.40, 1.380, 50.26
11.41, 1.381, 51.90
11.42, 1.382, 51.13
11.43, 1.383, 50.63
11.44, 1.384, 51.61
11.45, 1.385, 50.88
11.46, 1.386, 51.88
11.47, 1.387, 52.85
11.48, 1.388, 52.13
11.49, 1.389, 51.48
11.50, 1.390, 51.31
11.51, 1.391, 51.80
11.52, 1.392, 51.16
11.53, 1.393, 53.55
11.54, 1.394, 52.15
11.55, 1.395, 51.83
11.56, 1.396, 53.36
11.57, 1.397, 52.27
11.58, 1.398, 51.90
11.59, 1.399, 52.41
11.60, 1.400, 53.07
11.61, 1.401, 51.71
11.62, 1.402, 53.19
11.63, 1.403, 52.51
11.64, 1.404, 52.49
11.65, 1.405, 53.88
11.66, 1.406, 53.75
11.67, 1.407, 53.50
11.68, 1.408, 53.11
11.69, 1.409, 54.21
11.70, 1.410, 53.99
11.71, 1.411, 54.43
11.72, 1.412, 53.80
11.73, 1.413, 54.08
11.74, 1.414, 54.58
11.75, 1.415, 51.56
11.76, 1.416, 54.91
11.77, 1.417, 54.58
11.78, 1.418, 56.17
11.79, 1.419, 54.55
11.80, 1.420, 54.16
11.81, 1.421, 54.99
11.82, 1.422, 55.15
11.83, 1.423, 55.70
11.84, 1.424, 56.09
11.85, 1.425, 53.75
11.86, 1.426, 55.06
11.87, 1.427, 54.83
11.88, 1.428, 55.53
11.89, 1.429, 56.51
11.90, 1.430, 55.61
11.91, 1.431, 55.22
11.92, 1.432, 56.01
11.93, 1.433, 55.20
11.94, 1.434, 55.93
11.95, 1.435, 55.46
11.96, 1.436, 54.78
11.97, 1.437, 55.34
11.98, 1.438, 55.22
11.99, 1.439, 55.67
12.00, 1.440, 56.19
12.01, 1.441, 55.82
12.02, 1.442, 55.99
12.03, 1.443, 56.04
12.04, 1.444, 55.71
12.05, 1.445, 56.39
12.06, 1.446, 56.09
12.07, 1.447, 56.64
12.08, 1.448, 55.78
12.09, 1.449, 56.24
12.10, 1.450, 55.45
12.11, 1.451, 54.62
12.12, 1.452, 55.69
12.13, 1.453, 54.98
12.14, 1.454, 56.75
12.15, 1.455, 57.20
12.16, 1.456, 56.83
12.17, 1.457, 53.93
12.18, 1.458, 56.96
12.19, 1.459, 56.21
12.20, 1.460, 56.18
12.21, 1.461, 57.15
12.22, 1.462, 56.89
12.23, 1.463, 55.71
12.24, 1.464, 56.43
12.25, 1.465, 58.11
12.26, 1.466, 57.57
12.27, 1.467, 57.46
12.28, 1.468, 57.11
12.29, 1.469, 58.09
12.30, 1.470, 57.27
12.31, 1.471, 57.65
12.32, 1.472, 57.36
12.33, 1.473, 57.39
12.34, 1.474, 57.92
12.35, 1.475, 56.71
12.36, 1.476, 58.14
12.37, 1.477, 57.89
12.38, 1.478, 58.44
12.39, 1.479, 58.61
12.40, 1.480, 58.17
12.41, 1.481, 58.36
12.42, 1.482, 58.03
12.43, 1.483, 57.36
12.44, 1.484, 57.32
12.45, 1.485, 57.39
12.46, 1.486, 56.85
12.47, 1.487, 58.55
12.48, 1.488, 58.04
12.49, 1.489, 58.92
12.50, 1.490, 57.49
12.51, 1.491, 58.73
12.52, 1.492, 60.25
12.53, 1.493, 58.13
12.54, 1.494, 57.34
12.55, 1.495, 58.64
12.56, 1.496, 58.67
12.57, 1.497, 58.89
12.58, 1.498, 58.78
12.59, 1.499, 59.31
12.60, 1.500, 59.28
12.61, 1.501, 58.38
12.62, 1.502, 58.70
12.63, 1.503, 58.33
12.64, 1.504, 59.12
12.65, 1.505, 59.37
12.66, 1.506, 57.75
12.67, 1.507, 59.60
12.68, 1.508, 57.96
12.69, 1.509, 59.20
12.70, 1.510, 59.59
12.71, 1.511, 60.37
12.72, 1.512, 59.56
12.73, 1.513, 60.15
12.74, 1.514, 59.75
12.75, 1.515, 60.32
12.76, 1.516, 60.14
12.77, 1.517, 59.70
12.78, 1.518, 60.36
12.79, 1.519, 58.14
12.80, 1.520, 60.93
12.81, 1.521, 60.59
12.82, 1.522, 61.37
12.83, 1.523, 60.26
12.84, 1.524, 60.33
12.85, 1.525, 59.45
12.86, 1.526, 59.75
12.87, 1.527, 61.03
12.88, 1.528, 61.52
12.89, 1.529, 60.92
12.90, 1.530, 60.93
12.91, 1.531, 60.81
12.92, 1.532, 62.88
12.93, 1.533, 61.91
12.94, 1.534, 62.64
12.95, 1.535, 60.63
12.96, 1.536, 59.90
12.97, 1.537, 60.49
12.98, 1.538, 61.69
12.99, 1.539, 60.62
13.00, 1.540, 62.80
13.01, 1.541, 63.03
13.02, 1.542, 60.52
13.03, 1.543, 63.60
13.04, 1.544, 63.97
13.05, 1.545, 63.52
13.06, 1.546, 63.63
13.07, 1.547, 63.75
13.08, 1.548, 64.01
13.09, 1.549, 63.84
13.10, 1.550, 62.56
13.11, 1.551, 64.10
13.12, 1.552, 63.81
13.13, 1.553, 64.82
13.14, 1.554, 65.39
13.15, 1.555, 65.35
13.16, 1.556, 64.64
13.17, 1.557, 64.48
13.18, 1.558, 65.01
13.19, 1.559, 65.53
13.20, 1.560, 66.22
13.21, 1.561, 68.23
13.22, 1.562, 67.51
13.23, 1.563, 67.82
13.24, 1.564, 68.08
13.25, 1.565, 67.12
13.26, 1.566, 67.78
13.27, 1.567, 66.64
13.28, 1.568, 67.60
13.29, 1.569, 67.99
13.30, 1.570, 68.07
13.31, 1.571, 68.51
13.32, 1.572, 67.45
13.33, 1.573, 67.91
13.34, 1.574, 68.80
13.35, 1.575, 68.94
13.36, 1.576, 69.43
13.37, 1.577, 69.33
13.38, 1.578, 68.97
13.39, 1.579, 69.04
13.40, 1.580, 69.42
13.41, 1.581, 70.65
13.42, 1.582, 70.12
13.43, 1.583, 70.09
13.44, 1.584, 72.37
13.45, 1.585, 71.49
13.46, 1.586, 72.18
13.47, 1.587, 71.45
13.48, 1.588, 72.37
13.49, 1.589, 70.91
13.50, 1.590, 71.86
13.51, 1.591, 72.67
13.52, 1.592, 72.78
13.53, 1.593, 72.54
13.54, 1.594, 73.87
13.55, 1.595, 71.68
13.56, 1.596, 73.32
13.57, 1.597, 74.05
13.58, 1.598, 74.37
13.59, 1.599, 74.05
13.60, 1.600, 74.41
13.61, 1.601, 73.63
13.62, 1.602, 74.25
13.63, 1.603, 74.73
13.64, 1.604, 75.79
13.65, 1.605, 74.57
13.66, 1.606, 75.94
13.67, 1.607, 74.20
13.68, 1.608, 74.54
13.69, 1.609, 75.94
13.70, 1.610, 75.01
13.71, 1.611, 76.04
13.72, 1.612, 76.62
13.73, 1.613, 76.72
13.74, 1.614, 77.82
13.75, 1.615, 77.11
13.76, 1.616, 77.91
13.77, 1.617, 76.01
13.78, 1.618, 76.13
13.79, 1.619, 77.18
13.80, 1.620, 77.16
13.81, 1.621, 77.23
13.82, 1.622, 78.34
13.83, 1.623, 78.75
13.84, 1.624, 79.58
13.85, 1.625, 78.58
13.86, 1.626, 79.11
13.87, 1.627, 79.43
13.88, 1.628, 80.04
13.89, 1.629, 79.98
13.90, 1.630, 80.75
13.91, 1.631, 81.54
13.92, 1.632, 81.27
13.93, 1.633, 82.63
13.94, 1.634, 81.69
13.95, 1.635, 81.99
13.96, 1.636, 81.24
13.97, 1.637, 81.06
13.98, 1.638, 83.40
13.99, 1.639, 82.17
14.00, 1.640, 83.36
14.01, 1.641, 84.41
14.02, 1.642, 83.74
14.03, 1.643, 83.17
14.04, 1.644, 83.91
14.05, 1.645, 84.20
14.06, 1.646, 85.19
14.07, 1.647, 85.74
14.08, 1.648, 84.98
14.09, 1.649, 84.94
14.10, 1.650, 86.17
14.11, 1.651, 86.04
14.12, 1.652, 86.70
14.13, 1.653, 85.99
14.14, 1.654, 86.21
14.15, 1.655, 86.19
14.16, 1.656, 85.87
14.17, 1.657, 88.85
14.18, 1.658, 88.15
14.19, 1.659, 89.67
14.20, 1.660, 89.27
14.21, 1.661, 89.52
14.22, 1.662, 88.70
14.23, 1.663, 89.29
14.24, 1.664, 88.27
14.25, 1.665, 89.30
14.26, 1.666, 90.20
14.27, 1.667, 89.58
14.28, 1.668, 90.84
14.29, 1.669, 89.83
14.30, 1.670, 90.99
14.31, 1.671, 93.05
14.32, 1.672, 93.28
14.33, 1.673, 93.39
14.34, 1.674, 93.13
14.35, 1.675, 93.72
14.36, 1.676, 94.89
14.37, 1.677, 93.47
14.38, 1.678, 94.27
14.39, 1.679, 95.06
14.40, 1.680, 94.63
14.41, 1.681, 95.23
14.42, 1.682, 95.29
14.43, 1.683, 96.46
14.44, 1.684, 96.39
14.45, 1.685, 96.98
14.46, 1.686, 97.47
14.47, 1.687, 96.76
14.48, 1.688, 98.48
14.49, 1.689, 96.85
14.50, 1.690, 96.76
14.51, 1.691, 98.71
14.52, 1.692, 98.77
14.53, 1.693, 100.6
14.54, 1.694, 100.2
14.55, 1.695, 99.97
14.56, 1.696, 101.3
14.57, 1.697, 101.7
14.58, 1.698, 102.4
14.59, 1.699, 102.1
14.60, 1.700, 102.5
14.61, 1.701, 103.3
14.62, 1.702, 103.5
14.63, 1.703, 104.6
14.64, 1.704, 103.4
14.65, 1.705, 105.3
14.66, 1.706, 104.7
14.67, 1.707, 105.2
14.68, 1.708, 106.5
14.69, 1.709, 106.3
14.70, 1.710, 106.4
14.71, 1.711, 106.9
14.72, 1.712, 107.5
14.73, 1.713, 108.4
14.74, 1.714, 108.2
14.75, 1.715, 108.8
14.76, 1.716, 109.5
14.77, 1.717, 110.8
14.78, 1.718, 111.4
14.79, 1.719, 112.6
14.80, 1.720, 112.3
14.81, 1.721, 110.6
14.82, 1.722, 112.2
14.83, 1.723, 112.4
14.84, 1.724, 113.6
14.85, 1.725, 113.2
14.86, 1.726, 112.8
14.87, 1.727, 114.5
14.88, 1.728, 114.5
14.89, 1.729, 114.7
14.90, 1.730, 115.8
14.91, 1.731, 116.7
14.92, 1.732, 117.5
14.93, 1.733, 117.7
14.94, 1.734, 118.4
14.95, 1.735, 118.9
14.96, 1.736, 119.3
14.97, 1.737, 119.2
14.98, 1.738, 121.4
14.99, 1.739, 119.6
15.00, 1.740, 121.7
15.01, 1.741, 121.7
15.02, 1.742, 121.9
15.03, 1.743, 122.2
15.04, 1.744, 123.8
15.05, 1.745, 124.7
15.06, 1.746, 124.0
15.07, 1.747, 124.9
15.08, 1.748, 125.1
15.09, 1.749, 126.5
15.10, 1.750, 127.6
15.11, 1.751, 127.5
15.12, 1.752, 129.1
15.13, 1.753, 128.0
15.14, 1.754, 128.8
15.15, 1.755, 128.3
15.16, 1.756, 130.0
15.17, 1.757, 130.5
15.18, 1.758, 131.7
15.19, 1.759, 132.2
15.20, 1.760, 132.9
15.21, 1.761, 133.6
15.22, 1.762, 133.1
15.23, 1.763, 134.5
15.24, 1.764, 135.7
15.25, 1.765, 134.0
15.26, 1.766, 135.3
15.27, 1.767, 135.9
15.28, 1.768, 136.4
15.29, 1.769, 137.1
15.30, 1.770, 138.9
15.31, 1.771, 139.4
15.32, 1.772, 138.1
15.33, 1.773, 138.7
15.34, 1.774, 140.7
15.35, 1.775, 141.9
15.36, 1.776, 141.4
15.37, 1.777, 142.5
15.38, 1.778, 141.9
15.39, 1.779, 142.4
15.40, 1.780, 144.1
15.41, 1.781, 145.8
15.42, 1.782, 145.7
15.43, 1.783, 146.7
15.44, 1.784, 148.0
15.45, 1.785, 148.0
15.46, 1.786, 148.7
15.47, 1.787, 149.9
15.48, 1.788, 150.7
15.49, 1.789, 150.7
15.50, 1.790, 151.1
15.51, 1.791, 150.6
15.52, 1.792, 152.1
15.53, 1.793, 152.9
15.54, 1.794, 153.7
15.55, 1.795, 154.4
15.56, 1.796, 154.2
15.57, 1.797, 156.4
15.58, 1.798, 155.7
15.59, 1.799, 157.5
15.60, 1.800, 157.6
15.61, 1.801, 159.7
15.62, 1.802, 160.4
15.63, 1.803, 160.6
15.64, 1.804, 160.2
15.65, 1.805, 163.8
15.66, 1.806, 163.7
15.67, 1.807, 162.9
15.68, 1.808, 164.3
15.69, 1.809, 164.3
15.70, 1.810, 166.8
15.71, 1.811, 166.9
15.72, 1.812, 168.3
15.73, 1.813, 168.6
15.74, 1.814, 169.1
15.75, 1.815, 169.9
15.76, 1.816, 170.9
15.77, 1.817, 172.1
15.78, 1.818, 170.9
15.79, 1.819, 171.6
15.80, 1.820, 172.2
15.81, 1.821, 173.5
15.82, 1.822, 173.8
15.83, 1.823, 174.3
15.84, 1.824, 175.4
15.85, 1.825, 176.2
15.86, 1.826, 179.5
15.87, 1.827, 180.4
15.88, 1.828, 180.5
15.89, 1.829, 182.4
15.90, 1.830, 184.0
15.91, 1.831, 183.3
15.92, 1.832, 185.4
15.93, 1.833, 185.6
15.94, 1.834, 185.5
15.95, 1.835, 187.0
15.96, 1.836, 187.0
15.97, 1.837, 187.9
15.98, 1.838, 188.1
15.99, 1.839, 190.3
16.00, 1.840, 191.5
16.01, 1.841, 193.6
16.02, 1.842, 194.7
16.03, 1.843, 196.8
16.04, 1.844, 196.3
16.05, 1.845, 195.6
16.06, 1.846, 197.8
16.07, 1.847, 199.5
16.08, 1.848, 199.3
16.09, 1.849, 201.8
16.10, 1.850, 202.9
16.11, 1.851, 203.7
16.12, 1.852, 203.7
16.13, 1.853, 204.7
16.14, 1.854, 205.6
16.15, 1.855, 207.2
16.16, 1.856, 206.8
16.17, 1.857, 208.7
16.18, 1.858, 210.8
16.19, 1.859, 211.5
16.20, 1.860, 212.3
16.21, 1.861, 212.6
16.22, 1.862, 212.6
16.23, 1.863, 212.8
16.24, 1.864, 216.0
16.25, 1.865, 215.4
16.26, 1.866, 217.4
16.27, 1.867, 217.8
16.28, 1.868, 219.1
16.29, 1.869, 219.2
16.30, 1.870, 222.0
16.31, 1.871, 221.7
16.32, 1.872, 224.7
16.33, 1.873, 225.5
16.34, 1.874, 226.0
16.35, 1.875, 227.4
16.36, 1.876, 226.4
16.37, 1.877, 227.2
16.38, 1.878, 229.1
16.39, 1.879, 230.8
16.40, 1.880, 232.0
16.41, 1.881, 231.4
16.42, 1.882, 234.5
16.43, 1.883, 234.1
16.44, 1.884, 235.4
16.45, 1.885, 237.9
16.46, 1.886, 238.5
16.47, 1.887, 239.3
16.48, 1.888, 240.6
16.49, 1.889, 241.8
16.50, 1.890, 242.7
16.51, 1.891, 243.6
16.52, 1.892, 244.6
16.53, 1.893, 244.9
16.54, 1.894, 245.4
16.55, 1.895, 247.7
16.56, 1.896, 248.1
16.57, 1.897, 250.1
16.58, 1.898, 251.3
16.59, 1.899, 252.4
16.60, 1.900, 253.4
16.61, 1.901, 255.7
16.62, 1.902, 257.5
16.63, 1.903, 258.1
16.64, 1.904, 258.5
16.65, 1.905, 261.4
16.66, 1.906, 261.0
16.67, 1.907, 262.5
16.68, 1.908, 262.8
16.69, 1.909, 262.2
16.70, 1.910, 264.3
16.71, 1.911, 266.4
16.72, 1.912, 266.0
16.73, 1.913, 267.3
16.74, 1.914, 267.0
16.75, 1.915, 270.3
16.76, 1.916, 272.0
16.77, 1.917, 272.6
16.78, 1.918, 274.8
16.79, 1.919, 275.0
16.80, 1.920, 277.5
16.81, 1.921, 277.6
16.82, 1.922, 279.0
16.83, 1.923, 280.4
16.84, 1.924, 281.3
16.85, 1.925, 282.0
16.86, 1.926, 283.0
16.87, 1.927, 284.7
16.88, 1.928, 287.1
16.89, 1.929, 287.5
16.90, 1.930, 290.2
16.91, 1.931, 289.7
16.92, 1.932, 291.0
16.93, 1.933, 293.1
16.94, 1.934, 294.5
16.95, 1.935, 295.4
16.96, 1.936, 296.2
16.97, 1.937, 299.7
16.98, 1.938, 301.5
16.99, 1.939, 301.2
17.00, 1.940, 302.2
17.01, 1.941, 303.9
17.02, 1.942, 305.2
17.03, 1.943, 306.4
17.04, 1.944, 306.7
17.05, 1.945, 307.4
17.06, 1.946, 310.4
17.07, 1.947, 308.6
17.08, 1.948, 310.7
17.09, 1.949, 311.0
17.10, 1.950, 311.4
17.11, 1.951, 313.9
17.12, 1.952, 316.0
17.13, 1.953, 317.6
17.14, 1.954, 319.1
17.15, 1.955, 319.6
17.16, 1.956, 321.3
17.17, 1.957, 321.5
17.18, 1.958, 325.1
17.19, 1.959, 325.8
17.20, 1.960, 328.4
17.21, 1.961, 329.4
17.22, 1.962, 331.6
17.23, 1.963, 331.9
17.24, 1.964, 334.5
17.25, 1.965, 335.4
17.26, 1.966, 336.7
17.27, 1.967, 336.6
17.28, 1.968, 338.6
17.29, 1.969, 340.0
17.30, 1.970, 341.5
17.31, 1.971, 344.0
17.32, 1.972, 344.9
17.33, 1.973, 346.7
17.34, 1.974, 346.0
17.35, 1.975, 348.2
17.36, 1.976, 349.4
17.37, 1.977, 351.7
17.38, 1.978, 353.3
17.39, 1.979, 355.7
17.40, 1.980, 357.3
17.41, 1.981, 357.5
17.42, 1.982, 357.8
17.43, 1.983, 358.0
17.44, 1.984, 358.4
17.45, 1.985, 359.6
17.46, 1.986, 360.0
17.47, 1.987, 359.7
17.48, 1.988, 360.4
17.49, 1.989, 361.8
17.50, 1.990, 360.8
17.51, 1.991, 361.9
17.52, 1.992, 362.2
17.53, 1.993, 360.7
17.54, 1.994, 360.7
17.55, 1.995, 362.6
17.56, 1.996, 361.3
17.57, 1.997, 360.6
17.58, 1.998, 362.9
17.59, 1.999, 363.2
17.60, 2.000, 362.9
17.61, 1.999, 363.6
17.62, 1.998, 364.0
17.63, 1.997, 364.2
17.64, 1.996, 364.2
17.65, 1.995, 364.4
17.66, 1.994, 364.3
17.67, 1.993, 365.8
17.68, 1.992, 366.1
17.69, 1.991, 366.7
17.70, 1.990, 366.1
17.71, 1.989, 367.1
17.72, 1.988, 366.1
17.73, 1.987, 366.1
17.74, 1.986, 366.2
17.75, 1.985, 366.9
17.76, 1.984, 368.6
17.77, 1.983, 368.1
17.78, 1.982, 369.1
17.79, 1.981, 368.8
17.80, 1.980, 366.9
17.81, 1.979, 366.1
17.82, 1.978, 365.1
17.83, 1.977, 365.9
17.84, 1.976, 365.3
17.85, 1.975, 365.0
17.86, 1.974, 363.6
17.87, 1.973, 363.2
17.88, 1.972, 363.6
17.89, 1.971, 361.5
17.90, 1.970, 363.4
17.91, 1.969, 361.1
17.92, 1.968, 362.5
17.93, 1.967, 360.3
17.94, 1.966, 359.6
17.95, 1.965, 358.7
17.96, 1.964, 355.4
17.97, 1.963, 356.2
17.98, 1.962, 355.0
17.99, 1.961, 353.0
18.00, 1.960, 352.0
18.01, 1.959, 351.1
18.02, 1.958, 351.7
18.03, 1.957, 350.3
18.04, 1.956, 350.0
18.05, 1.955, 348.3
18.06, 1.954, 348.4
18.07, 1.953, 345.7
18.08, 1.952, 346.9
18.09, 1.951, 345.0
18.10, 1.950, 344.1
18.11, 1.949, 342.6
18.12, 1.948, 341.7
18.13, 1.947, 341.0
18.14, 1.946, 340.3
18.15, 1.945, 339.3
18.16, 1.944, 337.9
18.17, 1.943, 337.9
18.18, 1.942, 337.0
18.19, 1.941, 336.2
18.20, 1.940, 333.6
18.21, 1.939, 335.0
18.22, 1.938, 335.2
18.23, 1.937, 335.1
18.24, 1.936, 333.1
18.25, 1.935, 332.6
18.26, 1.934, 332.0
18.27, 1.933, 331.8
18.28, 1.932, 330.0
18.29, 1.931, 328.6
18.30, 1.930, 328.7
18.31, 1.929, 328.0
18.32, 1.928, 326.7
18.33, 1.927, 325.3
18.34, 1.926, 326.3
18.35, 1.925, 324.4
18.36, 1.924, 323.9
18.37, 1.923, 323.2
18.38, 1.922, 322.1
18.39, 1.921, 321.4
18.40, 1.920, 319.9
18.41, 1.919, 319.1
18.42, 1.918, 319.1
18.43, 1.917, 318.4
18.44, 1.916, 315.6
18.45, 1.915, 314.2
18.46, 1.914, 314.4
18.47, 1.913, 311.9
18.48, 1.912, 311.8
18.49, 1.911, 310.2
18.50, 1.910, 309.1
18.51, 1.909, 306.5
18.52, 1.908, 306.9
18.53, 1.907, 306.7
18.54, 1.906, 306.0
18.55, 1.905, 305.9
18.56, 1.904, 304.1
18.57, 1.903, 301.6
18.58, 1.902, 301.9
18.59, 1.901, 302.4
18.60, 1.900, 301.3
18.61, 1.899, 300.1
18.62, 1.898, 297.3
18.63, 1.897, 298.8
18.64, 1.896, 297.8
18.65, 1.895, 296.9
18.66, 1.894, 296.1
18.67, 1.893, 294.9
18.68, 1.892, 294.0
18.69, 1.891, 294.1
18.70, 1.890, 292.8
18.71, 1.889, 292.5
18.72, 1.888, 289.5
18.73, 1.887, 289.4
18.74, 1.886, 289.4
18.75, 1.885, 286.3
18.76, 1.884, 286.0
18.77, 1.883, 285.9
18.78, 1.882, 283.6
18.79, 1.881, 282.4
18.80, 1.880, 282.9
18.81, 1.879, 282.7
18.82, 1.878, 282.2
18.83, 1.877, 281.5
18.84, 1.876, 280.1
18.85, 1.875, 280.5
18.86, 1.874, 281.0
18.87, 1.873, 278.5
18.88, 1.872, 277.5
18.89, 1.871, 277.2
18.90, 1.870, 274.8
18.91, 1.869, 273.0
18.92, 1.868, 273.1
18.93, 1.867, 272.1
18.94, 1.866, 271.2
18.95, 1.865, 269.3
18.96, 1.864, 269.6
18.97, 1.863, 268.5
18.98, 1.862, 266.3
18.99, 1.861, 266.6
19.00, 1.860, 266.6
19.01, 1.859, 265.8
19.02, 1.858, 264.4
19.03, 1.857, 263.5
19.04, 1.856, 263.4
19.05, 1.855, 263.9
19.06, 1.854, 261.1
19.07, 1.853, 260.9
19.08, 1.852, 260.4
19.09, 1.851, 259.6
19.10, 1.850, 257.7
19.11, 1.849, 257.7
19.12, 1.848, 256.9
19.13, 1.847, 254.6
19.14, 1.846, 254.1
19.15, 1.845, 252.6
19.16, 1.844, 252.5
19.17, 1.843, 251.7
19.18, 1.842, 251.2
19.19, 1.841, 250.0
19.20, 1.840, 249.5
19.21, 1.839, 249.9
19.22, 1.838, 249.0
19.23, 1.837, 246.8
19.24, 1.836, 247.5
19.25, 1.835, 244.3
19.26, 1.834, 243.9
19.27, 1.833, 242.9
19.28, 1.832, 242.1
19.29, 1.831, 241.2
19.30, 1.830, 241.6
19.31, 1.829, 239.0
19.32, 1.828, 237.6
19.33, 1.827, 237.3
19.34, 1.826, 234.2
19.35, 1.825, 235.5
19.36, 1.824, 234.7
19.37, 1.823, 233.5
19.38, 1.822, 234.7
19.39, 1.821, 233.6
19.40, 1.820, 231.3
19.41, 1.819, 230.3
19.42, 1.818, 229.0
19.43, 1.817, 228.1
19.44, 1.816, 226.7
19.45, 1.815, 226.7
19.46, 1.814, 226.7
19.47, 1.813, 226.9
19.48, 1.812, 226.1
19.49, 1.811, 222.2
19.50, 1.810, 222.6
19.51, 1.809, 223.1
19.52, 1.808, 222.2
19.53, 1.807, 221.3
19.54, 1.806, 218.4
19.55, 1.805, 218.9
19.56, 1.804, 217.6
19.57, 1.803, 217.6
19.58, 1.802, 217.1
19.59, 1.801, 216.4
19.60, 1.800, 215.4
19.61, 1.799, 214.4
19.62, 1.798, 212.8
19.63, 1.797, 213.9
19.64, 1.796, 213.6
19.65, 1.795, 214.0
19.66, 1.794, 212.2
19.67, 1.793, 210.9
19.68, 1.792, 209.3
19.69, 1.791, 209.0
19.70, 1.790, 207.3
19.71, 1.789, 205.6
19.72, 1.788, 206.0
19.73, 1.787, 204.4
19.74, 1.786, 203.2
19.75, 1.785, 203.7
19.76, 1.784, 201.8
19.77, 1.783, 199.8
19.78, 1.782, 200.2
19.79, 1.781, 197.5
19.80, 1.780, 197.6
19.81, 1.779, 198.4
19.82, 1.778, 197.4
19.83, 1.777, 195.5
19.84, 1.776, 195.0
19.85, 1.775, 194.1
19.86, 1.774, 194.9
19.87, 1.773, 192.8
19.88, 1.772, 191.4
19.89, 1.771, 190.7
19.90, 1.770, 191.6
19.91, 1.769, 190.5
19.92, 1.768, 190.4
19.93, 1.767, 188.1
19.94, 1.766, 187.1
19.95, 1.765, 186.7
19.96, 1.764, 186.4
19.97, 1.763, 185.5
19.98, 1.762, 184.9
19.99, 1.761, 183.7
20.00, 1.760, 182.0
20.01, 1.759, 181.2
20.02, 1.758, 181.6
20.03, 1.757, 179.4
20.04, 1.756, 179.4
20.05, 1.755, 178.0
20.06, 1.754, 176.7
20.07, 1.753, 176.6
20.08, 1.752, 175.7
20.09, 1.751, 173.7
20.10, 1.750, 176.4
20.11, 1.749, 176.5
20.12, 1.748, 174.7
20.13, 1.747, 173.2
20.14, 1.746, 172.5
20.15, 1.745, 170.5
20.16, 1.744, 171.4
20.17, 1.743, 169.2
20.18, 1.742, 169.2
20.19, 1.741, 168.6
20.20, 1.740, 166.9
20.21, 1.739, 165.6
20.22, 1.738, 166.1
20.23, 1.737, 164.9
20.24, 1.736, 164.1
20.25, 1.735, 163.9
20.26, 1.734, 163.7
20.27, 1.733, 163.5
20.28, 1.732, 161.3
20.29, 1.731, 160.1
20.30, 1.730, 159.7
20.31, 1.729, 158.9
20.32, 1.728, 157.3
20.33, 1.727, 157.5
20.34, 1.726, 156.5
20.35, 1.725, 154.2
20.36, 1.724, 154.7
20.37, 1.723, 154.1
20.38, 1.722, 153.3
20.39, 1.721, 153.0
20.40, 1.720, 153.3
20.41, 1.719, 152.1
20.42, 1.718, 152.3
20.43, 1.717, 149.3
20.44, 1.716, 150.0
20.45, 1.715, 150.2
20.46, 1.714, 148.8
20.47, 1.713, 146.9
20.48, 1.712, 145.1
20.49, 1.711, 145.7
20.50, 1.710, 146.2
20.51, 1.709, 145.6
20.52, 1.708, 145.6
20.53, 1.707, 143.0
20.54, 1.706, 142.1
20.55, 1.705, 140.7
20.56, 1.704, 140.6
20.57, 1.703, 141.5
20.58, 1.702, 140.5
20.59, 1.701, 139.6
20.60, 1.700, 137.7
20.61, 1.699, 137.4
20.62, 1.698, 136.0
20.63, 1.697, 135.7
20.64, 1.696, 133.9
20.65, 1.695, 134.6
20.66, 1.694, 132.9
20.67, 1.693, 131.2
20.68, 1.692, 134.0
20.69, 1.691, 130.7
20.70, 1.690, 129.7
20.71, 1.689, 128.2
20.72, 1.688, 129.5
20.73, 1.687, 127.8
20.74, 1.686, 129.7
20.75, 1.685, 126.8
20.76, 1.684, 126.2
20.77, 1.683, 126.3
20.78, 1.682, 125.0
20.79, 1.681, 124.7
20.80, 1.680, 124.4
20.81, 1.679, 122.3
20.82, 1.678, 120.9
20.83, 1.677, 121.2
20.84, 1.676, 121.5
20.85, 1.675, 121.9
20.86, 1.674, 119.9
20.87, 1.673, 120.2
20.88, 1.672, 119.3
20.89, 1.671, 118.4
20.90, 1.670, 118.3
20.91, 1.669, 117.4
20.92, 1.668, 116.7
20.93, 1.667, 115.7
20.94, 1.666, 114.6
20.95, 1.665, 112.5
20.96, 1.664, 115.4
20.97, 1.663, 112.6
20.98, 1.662, 112.5
20.99, 1.661, 110.2
21.00, 1.660, 110.9
21.01, 1.659, 109.4
21.02, 1.658, 109.7
21.03, 1.657, 109.5
21.04, 1.656, 108.8
21.05, 1.655, 108.9
21.06, 1.654, 107.2
21.07, 1.653, 107.7
21.08, 1.652, 105.9
21.09, 1.651, 106.4
21.10, 1.650, 103.4
21.11, 1.649, 104.0
21.12, 1.648, 101.4
21.13, 1.647, 102.1
21.14, 1.646, 102.0
21.15, 1.645, 101.2
21.16, 1.644, 101.1
21.17, 1.643, 100.4
21.18, 1.642, 101.4
21.19, 1.641, 100.8
21.20, 1.640, 99.08
21.21, 1.639, 98.16
21.22, 1.638, 98.22
21.23, 1.637, 98.59
21.24, 1.636, 96.77
21.25, 1.635, 93.77
21.26, 1.634, 95.52
21.27, 1.633, 94.90
21.28, 1.632, 93.19
21.29, 1.631, 94.24
21.30, 1.630, 93.41
21.31, 1.629, 93.03
21.32, 1.628, 94.30
21.33, 1.627, 93.39
21.34, 1.626, 91.37
21.35, 1.625, 91.41
21.36, 1.624, 91.84
21.37, 1.623, 89.49
21.38, 1.622, 89.73
21.39, 1.621, 88.18
21.40, 1.620, 87.40
21.41, 1.619, 87.25
21.42, 1.618, 87.35
21.43, 1.617, 86.81
21.44, 1.616, 85.51
21.45, 1.615, 84.94
21.46, 1.614, 83.90
21.47, 1.613, 83.34
21.48, 1.612, 84.12
21.49, 1.611, 82.52
21.50, 1.610, 82.22
21.51, 1.609, 83.54
21.52, 1.608, 81.27
21.53, 1.607, 79.38
21.54, 1.606, 81.04
21.55, 1.605, 79.22
21.56, 1.604, 77.92
21.57, 1.603, 77.85
21.58, 1.602, 79.15
21.59, 1.601, 77.64
21.60, 1.600, 74.77
21.61, 1.599, 76.39
21.62, 1.598, 76.83
21.63, 1.597, 75.07
21.64, 1.596, 74.98
21.65, 1.595, 75.48
21.66, 1.594, 72.86
21.67, 1.593, 74.71
21.68, 1.592, 74.42
21.69, 1.591, 73.32
21.70, 1.590, 74.16
21.71, 1.589, 73.70
21.72, 1.588, 72.39
21.73, 1.587, 72.90
21.74, 1.586, 70.92
21.75, 1.585, 71.06
21.76, 1.584, 68.86
21.77, 1.583, 70.14
21.78, 1.582, 70.64
21.79, 1.581, 69.03
21.80, 1.580, 67.73
21.81, 1.579, 66.10
21.82, 1.578, 67.57
21.83, 1.577, 67.94
21.84, 1.576, 67.55
21.85, 1.575, 66.24
21.86, 1.574, 65.18
21.87, 1.573, 64.04
21.88, 1.572, 64.35
21.89, 1.571, 65.08
21.90, 1.570, 63.37
21.91, 1.569, 62.29
21.92, 1.568, 62.07
21.93, 1.567, 60.61
21.94, 1.566, 61.54
21.95, 1.565, 60.50
21.96, 1.564, 60.94
21.97, 1.563, 62.25
21.98, 1.562, 59.10
21.99, 1.561, 59.13
22.00, 1.560, 60.03
22.01, 1.559, 60.89
22.02, 1.558, 60.06
22.03, 1.557, 58.34
22.04, 1.556, 58.06
22.05, 1.555, 57.64
22.06, 1.554, 58.05
22.07, 1.553, 56.36
22.08, 1.552, 56.34
22.09, 1.551, 57.33
22.10, 1.550, 55.58
22.11, 1.549, 56.14
22.12, 1.548, 55.03
22.13, 1.547, 54.88
22.14, 1.546, 54.51
22.15, 1.545, 53.25
22.16, 1.544, 53.90
22.17, 1.543, 53.45
22.18, 1.542, 52.76
22.19, 1.541, 53.36
22.20, 1.540, 53.16
22.21, 1.539, 49.68
22.22, 1.538, 51.76
22.23, 1.537, 52.27
22.24, 1.536, 49.45
22.25, 1.535, 49.73
22.26, 1.534, 50.13
22.27, 1.533, 48.58
22.28, 1.532, 47.90
22.29, 1.531, 47.64
22.30, 1.530, 48.29
22.31, 1.529, 45.87
22.32, 1.528, 46.66
22.33, 1.527, 45.06
22.34, 1.526, 45.80
22.35, 1.525, 44.74
22.36, 1.524, 46.37
22.37, 1.523, 45.10
22.38, 1.522, 45.12
22.39, 1.521, 44.76
22.40, 1.520, 43.96
22.41, 1.519, 42.78
22.42, 1.518, 42.83
22.43, 1.517, 42.04
22.44, 1.516, 43.31
22.45, 1.515, 41.80
22.46, 1.514, 42.88
22.47, 1.513, 42.62
22.48, 1.512, 42.58
22.49, 1.511, 41.62
22.50, 1.510, 40.74
22.51, 1.509, 40.17
22.52, 1.508, 41.97
22.53, 1.507, 41.50
22.54, 1.506, 41.05
22.55, 1.505, 39.73
22.56, 1.504, 39.74
22.57, 1.503, 41.34
22.58, 1.502, 38.81
22.59, 1.501, 39.32
22.60, 1.500, 41.28
22.61, 1.499, 38.80
22.62, 1.498, 38.52
22.63, 1.497, 37.58
22.64, 1.496, 39.43
22.65, 1.495, 39.49
22.66, 1.494, 38.93
22.67, 1.493, 38.16
22.68, 1.492, 36.96
22.69, 1.491, 37.44
22.70, 1.490, 37.21
22.71, 1.489, 36.80
22.72, 1.488, 35.08
22.73, 1.487, 34.54
22.74, 1.486, 34.95
22.75, 1.485, 35.46
22.76, 1.484, 34.98
22.77, 1.483, 33.57
22.78, 1.482, 33.00
22.79, 1.481, 33.05
22.80, 1.480, 30.65
22.81, 1.479, 33.33
22.82, 1.478, 32.92
22.83, 1.477, 32.24
22.84, 1.476, 32.62
22.85, 1.475, 31.36
22.86, 1.474, 32.97
22.87, 1.473, 31.36
22.88, 1.472, 33.15
22.89, 1.471, 32.14
22.90, 1.470, 31.36
22.91, 1.469, 31.08
22.92, 1.468, 31.79
22.93, 1.467, 31.22
22.94, 1.466, 31.17
22.95, 1.465, 29.92
22.96, 1.464, 31.19
22.97, 1.463, 29.10
22.98, 1.462, 29.45
22.99, 1.461, 28.71
23.00, 1.460, 29.61
23.01, 1.459, 30.47
23.02, 1.458, 29.52
23.03, 1.457, 29.00
23.04, 1.456, 29.40
23.05, 1.455, 28.11
23.06, 1.454, 28.46
23.07, 1.453, 28.50
23.08, 1.452, 29.12
23.09, 1.451, 29.00
23.10, 1.450, 28.22
23.11, 1.449, 27.51
23.12, 1.448, 26.92
23.13, 1.447, 26.89
23.14, 1.446, 23.74
23.15, 1.445, 24.22
23.16, 1.444, 25.53
23.17, 1.443, 24.23
23.18, 1.442, 26.09
23.19, 1.441, 24.54
23.20, 1.440, 24.75
23.21, 1.439, 25.48
23.22, 1.438, 26.69
23.23, 1.437, 23.79
23.24, 1.436, 24.92
23.25, 1.435, 23.16
23.26, 1.434, 24.59
23.27, 1.433, 23.20
23.28, 1.432, 23.39
23.29, 1.431, 23.07
23.30, 1.430, 22.66
23.31, 1.429, 22.25
23.32, 1.428, 21.04
23.33, 1.427, 22.38
23.34, 1.426, 21.64
23.35, 1.425, 21.71
23.36, 1.424, 20.32
23.37, 1.423, 22.07
23.38, 1.422, 22.96
23.39, 1.421, 22.00
23.40, 1.420, 22.44
23.41, 1.419, 22.49
23.42, 1.418, 23.34
23.43, 1.417, 22.38
23.44, 1.416, 22.37
23.45, 1.415, 21.70
23.46, 1.414, 19.81
23.47, 1.413, 21.28
23.48, 1.412, 20.48
23.49, 1.411, 21.80
23.50, 1.410, 20.75
23.51, 1.409, 19.64
23.52, 1.408, 19.74
23.53, 1.407, 19.07
23.54, 1.406, 19.57
23.55, 1.405, 19.92
23.56, 1.404, 20.10
23.57, 1.403, 19.46
23.58, 1.402, 18.88
23.59, 1.401, 17.97
23.60, 1.400, 19.40
23.61, 1.399, 19.70
23.62, 1.398, 18.90
23.63, 1.397, 18.31
23.64, 1.396, 17.96
23.65, 1.395, 18.01
23.66, 1.394, 17.55
23.67, 1.393, 17.92
23.68, 1.392, 19.14
23.69, 1.391, 18.48
23.70, 1.390, 18.92
23.71, 1.389, 19.33
23.72, 1.388, 18.16
23.73, 1.387, 17.87
23.74, 1.386, 17.15
23.75, 1.385, 16.38
23.76, 1.384, 16.60
23.77, 1.383, 17.19
23.78, 1.382, 15.25
23.79, 1.381, 17.80
23.80, 1.380, 18.76
23.81, 1.379, 18.42
23.82, 1.378, 16.72
23.83, 1.377, 17.11
23.84, 1.376, 17.04
23.85, 1.375, 18.56
23.86, 1.374, 15.59
23.87, 1.373, 14.67
23.88, 1.372, 15.98
23.89, 1.371, 16.28
23.90, 1.370, 14.93
23.91, 1.369, 14.67
23.92, 1.368, 13.53
23.93, 1.367, 15.74
23.94, 1.366, 15.91
23.95, 1.365, 16.12
23.96, 1.364, 15.91
23.97, 1.363, 15.17
23.98, 1.362, 15.79
23.99, 1.361, 15.48
24.00, 1.360, 15.26
24.01, 1.359, 15.50
24.02, 1.358, 15.32
24.03, 1.357, 16.08
24.04, 1.356, 16.10
24.05, 1.355, 15.44
24.06, 1.354, 14.41
24.07, 1.353, 12.43
24.08, 1.352, 13.69
24.09, 1.351, 13.83
24.10, 1.350, 14.55
24.11, 1.349, 13.27
24.12, 1.348, 13.92
24.13, 1.347, 14.18
24.14, 1.346, 15.57
24.15, 1.345, 14.03
24.16, 1.344, 15.13
24.17, 1.343, 14.60
24.18, 1.342, 13.04
24.19, 1.341, 14.42
24.20, 1.340, 15.22
24.21, 1.339, 12.16
24.22, 1.338, 13.77
24.23, 1.337, 13.09
24.24, 1.336, 12.49
24.25, 1.335, 12.05
24.26, 1.334, 13.34
24.27, 1.333, 13.44
24.28, 1.332, 13.93
24.29, 1.331, 13.76
24.30, 1.330, 12.98
24.31, 1.329, 11.58
24.32, 1.328, 13.11
24.33, 1.327, 13.58
24.34, 1.326, 11.96
24.35, 1.325, 13.46
24.36, 1.324, 12.65
24.37, 1.323, 13.10
24.38, 1.322, 11.52
24.39, 1.321, 11.75
24.40, 1.320, 12.96
24.41, 1.319, 12.94
24.42, 1.318, 11.63
24.43, 1.317, 12.34
24.44, 1.316, 12.47
24.45, 1.315, 11.17
24.46, 1.314, 10.42
24.47, 1.313, 11.90
24.48, 1.312, 11.82
24.49, 1.311, 11.43
24.50, 1.310, 11.83
24.51, 1.309, 12.64
24.52, 1.308, 11.57
24.53, 1.307, 10.90
24.54, 1.306, 12.11
24.55, 1.305, 11.26
24.56, 1.304, 11.66
24.57, 1.303, 12.41
24.58, 1.302, 12.00
24.59, 1.301, 11.65
24.60, 1.300, 11.93
24.61, 1.299, 10.50
24.62, 1.298, 11.04
24.63, 1.297, 11.06
24.64, 1.296, 11.31
24.65, 1.295, 10.96
24.66, 1.294, 9.484
24.67, 1.293, 10.91
24.68, 1.292, 10.38
24.69, 1.291, 11.06
24.70, 1.290, 10.98
24.71, 1.289, 10.46
24.72, 1.288, 11.33
24.73, 1.287, 12.14
24.74, 1.286, 11.67
24.75, 1.285, 10.00
24.76, 1.284, 11.82
24.77, 1.283, 10.45
24.78, 1.282, 10.81
24.79, 1.281, 9.630
24.80, 1.280, 9.666
24.81, 1.279, 8.706
24.82, 1.278, 9.158
24.83, 1.277, 6.783
24.84, 1.276, 9.335
24.85, 1.275, 6.506
24.86, 1.274, 8.980
24.87, 1.273, 8.710
24.88, 1.272, 8.443
24.89, 1.271, 10.12
24.90, 1.270, 9.539
24.91, 1.269, 10.68
24.92, 1.268, 9.692
24.93, 1.267, 9.114
24.94, 1.266, 9.893
24.95, 1.265, 9.361
24.96, 1.264, 8.011
24.97, 1.263, 7.489
24.98, 1.262, 7.724
24.99, 1.261, 8.505
25.00, 1.260, 8.513
25.01, 1.259, 10.55
25.02, 1.258, 8.331
25.03, 1.257, 9.409
25.04, 1.256, 9.307
25.05, 1.255, 7.957
25.06, 1.254, 8.347
25.07, 1.253, 6.812
25.08, 1.252, 4.813
25.09, 1.251, 8.592
25.10, 1.250, 10.26
25.11, 1.249, 9.576
25.12, 1.248, 8.648
25.13, 1.247, 9.639
25.14, 1.246, 9.027
25.15, 1.245, 9.647
25.16, 1.244, 8.388
25.17, 1.243, 9.339
25.18, 1.242, 7.779
25.19, 1.241, 8.352
25.20, 1.240, 7.967
25.21, 1.239, 8.498
25.22, 1.238, 7.879
25.23, 1.237, 8.102
25.24, 1.236, 6.667
25.25, 1.235, 7.882
25.26, 1.234, 6.426
25.27, 1.233, 6.381
25.28, 1.232, 6.385
25.29, 1.231, 7.056
25.30, 1.230, 7.313
25.31, 1.229, 6.277
25.32, 1.228, 4.073
25.33, 1.227, 6.706
25.34, 1.226, 6.589
25.35, 1.225, 6.454
25.36, 1.224, 7.562
25.37, 1.223, 7.082
25.38, 1.222, 6.264
25.39, 1.221, 6.774
25.40, 1.220, 5.739
25.41, 1.219, 6.609
25.42, 1.218, 8.271
25.43, 1.217, 6.929
25.44, 1.216, 6.045
25.45, 1.215, 4.818
25.46, 1.214, 6.603
25.47, 1.213, 6.714
25.48, 1.212, 5.228
25.49, 1.211, 5.945
25.50, 1.210, 6.386
25.51, 1.209, 5.632
25.52, 1.208, 7.925
25.53, 1.207, 6.595
25.54, 1.206, 7.456
25.55, 1.205, 6.445
25.56, 1.204, 6.658
25.57, 1.203, 5.953
25.58, 1.202, 6.651
25.59, 1.201, 5.469
25.60, 1.200, 5.781
25.61, 1.199, 5.844
25.62, 1.198, 5.698
25.63, 1.197, 5.061
25.64, 1.196, 5.653
25.65, 1.195, 3.734
25.66, 1.194, 3.611
25.67, 1.193, 4.405
25.68, 1.192, 4.934
25.69, 1.191, 2.770
25.70, 1.190, 5.527
25.71, 1.189, 4.266
25.72, 1.188, 6.007
25.73, 1.187, 4.580
25.74, 1.186, 4.417
25.75, 1.185, 5.038
25.76, 1.184, 3.837
25.77, 1.183, 5.243
25.78, 1.182, 4.934
25.79, 1.181, 4.691
25.80, 1.180, 5.253
25.81, 1.179, 4.540
25.82, 1.178, 6.245
25.83, 1.177, 5.470
25.84, 1.176, 4.123
25.85, 1.175, 5.274
25.86, 1.174, 4.677
25.87, 1.173, 3.116
25.88, 1.172, 4.019
25.89, 1.171, 4.171
25.90, 1.170, 4.622
25.91, 1.169, 5.704
25.92, 1.168, 3.958
25.93, 1.167, 4.536
25.94, 1.166, 5.233
25.95, 1.165, 5.792
25.96, 1.164, 5.464
25.97, 1.163, 5.628
25.98, 1.162, 3.045
25.99, 1.161, 3.852
26.00, 1.160, 1.837
26.01, 1.159, 4.165
26.02, 1.158, 4.765
26.03, 1.157, 5.857
26.04, 1.156, 3.738
26.05, 1.155, 3.125
26.06, 1.154, 3.996
26.07, 1.153, 2.656
26.08, 1.152, 3.995
26.09, 1.151, 4.945
26.10, 1.150, 2.581
26.11, 1.149, 1.617
26.12, 1.148, 0.4550
26.13, 1.147, 2.374
26.14, 1.146, 2.466
26.15, 1.145, 2.596
26.16, 1.144, 3.873
26.17, 1.143, 3.500
26.18, 1.142, 2.246
26.19, 1.141, 2.320
26.20, 1.140, 2.481
26.21, 1.139, 3.797
26.22, 1.138, 4.419
26.23, 1.137, 3.635
26.24, 1.136, 3.904
26.25, 1.135, 2.504
26.26, 1.134, 3.337
26.27, 1.133, 3.636
26.28, 1.132, 3.346
26.29, 1.131, 3.372
26.30, 1.130, 2.959
26.31, 1.129, 2.428
26.32, 1.128, 3.339
26.33, 1.127, 3.136
26.34, 1.126, 4.034
26.35, 1.125, 4.174
26.36, 1.124, 4.083
26.37, 1.123, 2.072
26.38, 1.122, 2.747
26.39, 1.121, 1.426
26.40, 1.120, 1.394
26.41, 1.119, 2.780
26.42, 1.118, 4.237
26.43, 1.117, 3.950
26.44, 1.116, 3.077
26.45, 1.115, 1.557
26.46, 1.114, 1.737
26.47, 1.113, 0.8691
26.48, 1.112, -0.6884
26.49, 1.111, 1.957
26.50, 1.110, 3.807
26.51, 1.109, 2.352
26.52, 1.108, 2.373
26.53, 1.107, 1.504
26.54, 1.106, 1.256
26.55, 1.105, 0.06744
26.56, 1.104, 0.2187
26.57, 1.103, 0.09850
26.58, 1.102, 1.576
26.59, 1.101, 0.9190
26.60, 1.100, 2.314
26.61, 1.099, 1.372
26.62, 1.098, 1.302
26.63, 1.097, 0.9732
26.64, 1.096, 0.7803
26.65, 1.095, -1.071
26.66, 1.094, 0.9057
26.67, 1.093, 1.737
26.68, 1.092, 1.668
26.69, 1.091, 0.6638
26.70, 1.090, 1.841
26.71, 1.089, 1.530
26.72, 1.088, 2.271
26.73, 1.087, -0.2862
26.74, 1.086, 0.7863
26.75, 1.085, 1.602
26.76, 1.084, 1.478
26.77, 1.083, 3.830
26.78, 1.082, 1.124
26.79, 1.081, 1.394
26.80, 1.080, 1.210
26.81, 1.079, 0.1042
26.82, 1.078, 0.6397
26.83, 1.077, 1.928
26.84, 1.076, 1.300
26.85, 1.075, 1.839
26.86, 1.074, 0.4114
26.87, 1.073, 2.754
26.88, 1.072, 0.6814
26.89, 1.071, -0.4877
26.90, 1.070, -0.4185
26.91, 1.069, 0.8934
26.92, 1.068, -2.037
26.93, 1.067, -0.1408
26.94, 1.066, -0.5516
26.95, 1.065, 0.2548
26.96, 1.064, -3.149
26.97, 1.063, 0.5466
26.98, 1.062, -1.008
26.99, 1.061, -0.4278
27.00, 1.060, 0.1435
27.01, 1.059, 0.2116
27.02, 1.058, 0.3745
27.03, 1.057, 1.789
27.04, 1.056, -0.2036
27.05, 1.055, 1.013
27.06, 1.054, -0.5310
27.07, 1.053, 0.2313
27.08, 1.052, -1.686
27.09, 1.051, -0.2717
27.10, 1.050, 1.045
27.11, 1.049, 0.1135
27.12, 1.048, -1.061
27.13, 1.047, 1.006
27.14, 1.046, 0.7479
27.15, 1.045, 0.1825
27.16, 1.044, 1.500
27.17, 1.043, 0.02341
27.18, 1.042, -1.514
27.19, 1.041, -2.079
27.20, 1.040, 1.402
27.21, 1.039, 1.042
27.22, 1.038, 0.7380
27.23, 1.037, 0.8304
27.24, 1.036, 0.1678
27.25, 1.035, -0.2615
27.26, 1.034, 1.067
27.27, 1.033, 1.314
27.28, 1.032, 0.2922
27.29, 1.031, 0.8902
27.30, 1.030, 0.7677
27.31, 1.029, -2.600
27.32, 1.028, 0.1132
27.33, 1.027, -1.317
27.34, 1.026, -2.431
27.35, 1.025, -2.268
27.36, 1.024, -1.243
27.37, 1.023, -0.1926
27.38, 1.022, -0.01610
27.39, 1.021, 0.2110
27.40, 1.020, 0.8553
27.41, 1.019, 0.5064
27.42, 1.018, 0.005745
27.43, 1.017, -0.9710
27.44, 1.016, 0.2194
27.45, 1.015, -0.5327
27.46, 1.014, -0.7267
27.47, 1.013, -1.277
27.48, 1.012, -0.6277
27.49, 1.011, -0.8485
27.50, 1.010, -0.8830
27.51, 1.009, 0.5001
27.52, 1.008, -0.1921
27.53, 1.007, -1.820
27.54, 1.006, -1.693
27.55, 1.005, -0.6188
27.56, 1.004, 0.08641
27.57, 1.003, 2.038
27.58, 1.002, 0.4139
27.59, 1.001, 0.1507
27.60, 1.000, 0.2631
27.61, 0.9990, -1.944
27.62, 0.9980, 0.5173
27.63, 0.9970, 1.290
27.64, 0.9960, -0.6463
27.65, 0.9950, -1.260
27.66, 0.9940, -1.264
27.67, 0.9930, -1.005
27.68, 0.9920, -1.074
27.69, 0.9910, -0.7373
27.70, 0.9900, -1.256
27.71, 0.9890, -1.048
27.72, 0.9880, -1.747
27.73, 0.9870, 0.1540
27.74, 0.9860, -0.2659
27.75, 0.9850, -0.6194
27.76, 0.9840, -0.6220
27.77, 0.9830, -1.021
27.78, 0.9820, -1.296
27.79, 0.9810, -2.108
27.80, 0.9800, -3.062
27.81, 0.9790, -1.717
27.82, 0.9780, -3.907
27.83, 0.9770, -0.9196
27.84, 0.9760, -1.089
27.85, 0.9750, -0.7846
27.86, 0.9740, -2.717
27.87, 0.9730, -1.811
27.88, 0.9720, -1.661
27.89, 0.9710, -0.1663
27.90, 0.9700, -1.643
27.91, 0.9690, -0.9191
27.92, 0.9680, -1.164
27.93, 0.9670, -1.583
27.94, 0.9660, 0.07910
27.95, 0.9650, -1.479
27.96, 0.9640, -1.295
27.97, 0.9630, 1.250
27.98, 0.9620, 0.4406
27.99, 0.9610, 0.7956
28.00, 0.9600, -0.1186
28.01, 0.9590, -0.4206
28.02, 0.9580, -1.879
28.03, 0.9570, -2.186
28.04, 0.9560, -0.6967
28.05, 0.9550, -0.8590
28.06, 0.9540, -0.9215
28.07, 0.9530, -1.785
28.08, 0.9520, -1.044
28.09, 0.9510, -1.630
28.10, 0.9500, -2.245
28.11, 0.9490, -2.426
28.12, 0.9480, -1.261
28.13, 0.9470, -0.3768
28.14, 0.9460, -0.9537
28.15, 0.9450, -0.1819
28.16, 0.9440, -1.358
28.17, 0.9430, -1.619
28.18, 0.9420, -1.477
28.19, 0.9410, -2.760
28.20, 0.9400, -2.395
28.21, 0.9390, -1.205
28.22, 0.9380, -2.434
28.23, 0.9370, -2.718
28.24, 0.9360, -0.3895
28.25, 0.9350, -3.042
28.26, 0.9340, -0.9585
28.27, 0.9330, -2.277
28.28, 0.9320, -1.826
28.29, 0.9310, -0.8221
28.30, 0.9300, -1.174
28.31, 0.9290, -2.139
28.32, 0.9280, -0.8388
28.33, 0.9270, -1.726
28.34, 0.9260, -1.079
28.35, 0.9250, -2.298
28.36, 0.9240, -1.641
28.37, 0.9230, -1.946
28.38, 0.9220, -2.549
28.39, 0.9210, -1.352
28.40, 0.9200, -1.780
28.41, 0.9190, -1.886
28.42, 0.9180, -2.152
28.43, 0.9170, -0.9419
28.44, 0.9160, -1.165
28.45, 0.9150, -1.533
28.46, 0.9140, -1.772
28.47, 0.9130, -1.653
28.48, 0.9120, -3.018
28.49, 0.9110, -1.930
28.50, 0.9100, -2.311
28.51, 0.9090, -0.8790
28.52, 0.9080, -0.4958
28.53, 0.9070, -3.089
28.54, 0.9060, -2.476
28.55, 0.9050, -0.9400
28.56, 0.9040, -1.506
28.57, 0.9030, -3.281
28.58, 0.9020, -1.756
28.59, 0.9010, -2.403
28.60, 0.9000, -2.800
28.61, 0.8990, -1.863
28.62, 0.8980, -1.788
28.63, 0.8970, -4.751
28.64, 0.8960, -3.108
28.65, 0.8950, -2.637
28.66, 0.8940, -2.513
28.67, 0.8930, -2.528
28.68, 0.8920, -1.651
28.69, 0.8910, -3.128
28.70, 0.8900, -1.602
28.71, 0.8890, -1.527
28.72, 0.8880, -1.776
28.73, 0.8870, -1.997
28.74, 0.8860, -1.837
28.75, 0.8850, -2.223
28.76, 0.8840, -1.929
28.77, 0.8830, -1.568
28.78, 0.8820, -2.704
28.79, 0.8810, -2.790
28.80, 0.8800, -1.366
28.81, 0.8790, -0.4873
28.82, 0.8780, -3.251
28.83, 0.8770, -3.060
28.84, 0.8760, -3.157
28.85, 0.8750, -1.390
28.86, 0.8740, -3.851
28.87, 0.8730, -1.610
28.88, 0.8720, -2.190
28.89, 0.8710, -2.861
28.90, 0.8700, -3.240
28.91, 0.8690, -2.278
28.92, 0.8680, -2.752
28.93, 0.8670, -2.530
28.94, 0.8660, -2.384
28.95, 0.8650, -0.2397
28.96, 0.8640, -0.3913
28.97, 0.8630, -2.189
28.98, 0.8620, -0.3673
28.99, 0.8610, -0.6960
29.00, 0.8600, -3.384
29.01, 0.8590, -2.001
29.02, 0.8580, -3.031
29.03, 0.8570, -2.582
29.04, 0.8560, -4.264
29.05, 0.8550, -3.068
29.06, 0.8540, -2.283
29.07, 0.8530, -3.376
29.08, 0.8520, -3.873
29.09, 0.8510, -3.058
29.10, 0.8500, -3.375
29.11, 0.8490, -3.879
29.12, 0.8480, -2.485
29.13, 0.8470, -3.366
29.14, 0.8460, -4.575
29.15, 0.8450, -3.598
29.16, 0.8440, -2.856
29.17, 0.8430, -2.872
29.18, 0.8420, -2.619
29.19, 0.8410, -3.229
29.20, 0.8400, -2.607
29.21, 0.8390, -0.9628
29.22, 0.8380, -3.652
29.23, 0.8370, -1.957
29.24, 0.8360, -1.954
29.25, 0.8350, -1.235
29.26, 0.8340, -1.737
29.27, 0.8330, -1.816
29.28, 0.8320, -2.804
29.29, 0.8310, -3.477
29.30, 0.8300, -3.008
29.31, 0.8290, -3.761
29.32, 0.8280, -2.559
29.33, 0.8270, -2.212
29.34, 0.8260, -2.686
29.35, 0.8250, -2.298
29.36, 0.8240, -1.896
29.37, 0.8230, -1.306
29.38, 0.8220, -1.557
29.39, 0.8210, -1.949
29.40, 0.8200, -2.389
29.41, 0.8190, -1.610
29.42, 0.8180, -1.579
29.43, 0.8170, -3.683
29.44, 0.8160, -3.801
29.45, 0.8150, -3.428
29.46, 0.8140, -4.574
29.47, 0.8130, -2.158
29.48, 0.8120, -2.632
29.49, 0.8110, -3.892
29.50, 0.8100, -3.373
29.51, 0.8090, -2.992
29.52, 0.8080, -4.983
29.53, 0.8070, -3.501
29.54, 0.8060, -2.491
29.55, 0.8050, -3.878
29.56, 0.8040, -4.156
29.57, 0.8030, -3.449
29.58, 0.8020, -3.081
29.59, 0.8010, -2.436
29.60, 0.8000, -3.657
29.61, 0.7990, -2.681
29.62, 0.7980, -1.754
29.63, 0.7970, -2.728
29.64, 0.7960, -2.956
29.65, 0.7950, -2.557
29.66, 0.7940, -2.653
29.67, 0.7930, -2.098
29.68, 0.7920, -3.159
29.69, 0.7910, -3.352
29.70, 0.7900, -4.100
29.71, 0.7890, -2.228
29.72, 0.7880, -3.378
29.73, 0.7870, -3.859
29.74, 0.7860, -3.257
29.75, 0.7850, -4.597
29.76, 0.7840, -1.742
29.77, 0.7830, -4.371
29.78, 0.7820, -3.265
29.79, 0.7810, -2.978
29.80, 0.7800, -1.492
29.81, 0.7790, -3.435
29.82, 0.7780, -3.326
29.83, 0.7770, -2.218
29.84, 0.7760, -3.085
29.85, 0.7750, -3.145
29.86, 0.7740, -1.783
29.87, 0.7730, -2.897
29.88, 0.7720, -4.547
29.89, 0.7710, -4.003
29.90, 0.7700, -4.215
29.91, 0.7690, -4.208
29.92, 0.7680, -3.248
29.93, 0.7670, -4.380
29.94, 0.7660, -3.934
29.95, 0.7650, -5.683
29.96, 0.7640, -4.066
29.97, 0.7630, -3.379
29.98, 0.7620, -2.442
29.99, 0.7610, -3.851
30.00, 0.7600, -3.653
30.01, 0.7590, -2.730
30.02, 0.7580, -5.537
30.03, 0.7570, -2.783
30.04, 0.7560, -2.908
30.05, 0.7550, -4.006
30.06, 0.7540, -2.717
30.07, 0.7530, -2.622
30.08, 0.7520, -4.132
30.09, 0.7510, -2.348
30.10, 0.7500, -3.708
30.11, 0.7490, -2.391
30.12, 0.7480, -4.358
30.13, 0.7470, -2.217
30.14, 0.7460, -2.936
30.15, 0.7450, -2.458
30.16, 0.7440, -3.469
30.17, 0.7430, -2.616
30.18, 0.7420, -3.311
30.19, 0.7410, -3.266
30.20, 0.7400, -3.675
30.21, 0.7390, -1.773
30.22, 0.7380, -2.988
30.23, 0.7370, -2.596
30.24, 0.7360, -4.411
30.25, 0.7350, -4.721
30.26, 0.7340, -4.439
30.27, 0.7330, -4.303
30.28, 0.7320, -3.803
30.29, 0.7310, -4.237
30.30, 0.7300, -4.226
30.31, 0.7290, -3.733
30.32, 0.7280, -6.833
30.33, 0.7270, -3.921
30.34, 0.7260, -5.591
30.35, 0.7250, -3.524
30.36, 0.7240, -2.973
30.37, 0.7230, -5.169
30.38, 0.7220, -2.758
30.39, 0.7210, -4.283
30.40, 0.7200, -4.302
30.41, 0.7190, -3.087
30.42, 0.7180, -3.533
30.43, 0.7170, -2.540
30.44, 0.7160, -2.366
30.45, 0.7150, -3.580
30.46, 0.7140, -2.865
30.47, 0.7130, -3.268
30.48, 0.7120, -3.340
30.49, 0.7110, -4.795
30.50, 0.7100, -2.903
30.51, 0.7090, -4.369
30.52, 0.7080, -3.978
30.53, 0.7070, -2.992
30.54, 0.7060, -2.446
30.55, 0.7050, -4.163
30.56, 0.7040, -2.339
30.57, 0.7030, -2.603
30.58, 0.7020, -4.265
30.59, 0.7010, -2.974
30.60, 0.7000, -3.608
30.61, 0.6990, -3.086
30.62, 0.6980, -3.186
30.63, 0.6970, -2.830
30.64, 0.6960, -2.611
30.65, 0.6950, -3.068
30.66, 0.6940, -2.715
30.67, 0.6930, -3.216
30.68, 0.6920, -3.845
30.69, 0.6910, -3.662
30.70, 0.6900, -2.970
30.71, 0.6890, -4.730
30.72, 0.6880, -4.073
30.73, 0.6870, -4.595
30.74, 0.6860, -4.594
30.75, 0.6850, -5.478
30.76, 0.6840, -4.272
30.77, 0.6830, -5.141
30.78, 0.6820, -4.763
30.79, 0.6810, -4.236
30.80, 0.6800, -3.501
30.81, 0.6790, -4.850
30.82, 0.6780, -4.117
30.83, 0.6770, -3.997
30.84, 0.6760, -4.520
30.85, 0.6750, -3.316
30.86, 0.6740, -2.232
30.87, 0.6730, -4.983
30.88, 0.6720, -3.272
30.89, 0.6710, -5.017
30.90, 0.6700, -3.638
30.91, 0.6690, -4.589
30.92, 0.6680, -4.366
30.93, 0.6670, -2.784
30.94, 0.6660, -2.276
30.95, 0.6650, -4.742
30.96, 0.6640, -3.619
30.97, 0.6630, -3.882
30.98, 0.6620, -5.053
30.99, 0.6610, -3.734
31.00, 0.6600, -5.087
31.01, 0.6590, -3.207
31.02, 0.6580, -4.273
31.03, 0.6570, -3.823
31.04, 0.6560, -3.526
31.05, 0.6550, -4.583
31.06, 0.6540, -4.500
31.07, 0.6530, -5.018
31.08, 0.6520, -2.641
31.09, 0.6510, -4.562
31.10, 0.6500, -4.691
31.11, 0.6490, -5.275
31.12, 0.6480, -4.017
31.13, 0.6470, -5.983
31.14, 0.6460, -4.313
31.15, 0.6450, -5.033
31.16, 0.6440, -3.049
31.17, 0.6430, -6.171
31.18, 0.6420, -5.515
31.19, 0.6410, -4.923
31.20, 0.6400, -5.496
31.21, 0.6390, -5.688
31.22, 0.6380, -4.360
31.23, 0.6370, -4.488
31.24, 0.6360, -6.037
31.25, 0.6350, -3.870
31.26, 0.6340, -5.563
31.27, 0.6330, -4.422
31.28, 0.6320, -5.352
31.29, 0.6310, -4.956
31.30, 0.6300, -4.749
31.31, 0.6290, -5.416
31.32, 0.6280, -2.733
31.33, 0.6270, -3.474
31.34, 0.6260, -5.064
31.35, 0.6250, -4.251
31.36, 0.6240, -3.279
31.37, 0.6230, -5.035
31.38, 0.6220, -2.997
31.39, 0.6210, -3.650
31.40, 0.6200, -2.683
31.41, 0.6190, -4.371
31.42, 0.6180, -3.402
31.43, 0.6170, -3.875
31.44, 0.6160, -4.799
31.45, 0.6150, -3.673
31.46, 0.6140, -5.184
31.47, 0.6130, -3.936
31.48, 0.6120, -4.095
31.49, 0.6110, -4.044
31.50, 0.6100, -4.254
31.51, 0.6090, -4.370
31.52, 0.6080, -4.555
31.53, 0.6070, -3.337
31.54, 0.6060, -4.717
31.55, 0.6050, -5.871
31.56, 0.6040, -4.552
31.57, 0.6030, -4.874
31.58, 0.6020, -4.924
31.59, 0.6010, -4.558
31.60, 0.6000, -4.602
31.61, 0.5990, -6.224
31.62, 0.5980, -5.094
31.63, 0.5970, -5.320
31.64, 0.5960, -5.162
31.65, 0.5950, -5.139
31.66, 0.5940, -4.102
31.67, 0.5930, -5.576
31.68, 0.5920, -5.763
31.69, 0.5910, -4.028
31.70, 0.5900, -4.951
31.71, 0.5890, -5.814
31.72, 0.5880, -2.845
31.73, 0.5870, -4.338
31.74, 0.5860, -4.132
31.75, 0.5850, -3.845
31.76, 0.5840, -6.593
31.77, 0.5830, -4.095
31.78, 0.5820, -3.911
31.79, 0.5810, -4.275
31.80, 0.5800, -4.288
31.81, 0.5790, -4.159
31.82, 0.5780, -2.465
31.83, 0.5770, -5.923
31.84, 0.5760, -4.274
31.85, 0.5750, -4.251
31.86, 0.5740, -4.284
31.87, 0.5730, -4.919
31.88, 0.5720, -4.937
31.89, 0.5710, -4.157
31.90, 0.5700, -4.545
31.91, 0.5690, -6.149
31.92, 0.5680, -5.094
31.93, 0.5670, -5.195
31.94, 0.5660, -5.237
31.95, 0.5650, -3.880
31.96, 0.5640, -5.706
31.97, 0.5630, -4.833
31.98, 0.5620, -8.297
31.99, 0.5610, -5.953
32.00, 0.5600, -7.055
32.01, 0.5590, -5.149
32.02, 0.5580, -6.628
32.03, 0.5570, -4.179
32.04, 0.5560, -4.325
32.05, 0.5550, -5.557
32.06, 0.5540, -3.201
32.07, 0.5530, -4.241
32.08, 0.5520, -4.806
32.09, 0.5510, -6.057
32.10, 0.5500, -4.905
32.11, 0.5490, -4.493
32.12, 0.5480, -5.545
32.13, 0.5470, -5.384
32.14, 0.5460, -4.714
32.15, 0.5450, -4.824
32.16, 0.5440, -5.683
32.17, 0.5430, -4.839
32.18, 0.5420, -5.470
32.19, 0.5410, -5.879
32.20, 0.5400, -4.555
32.21, 0.5390, -2.842
32.22, 0.5380, -5.594
32.23, 0.5370, -5.485
32.24, 0.5360, -6.247
32.25, 0.5350, -4.789
32.26, 0.5340, -4.989
32.27, 0.5330, -3.995
32.28, 0.5320, -5.842
32.29, 0.5310, -4.326
32.30, 0.5300, -6.110
32.31, 0.5290, -5.773
32.32, 0.5280, -5.380
32.33, 0.5270, -4.198
32.34, 0.5260, -4.154
32.35, 0.5250, -4.172
32.36, 0.5240, -6.127
32.37, 0.5230, -4.066
32.38, 0.5220, -5.777
32.39, 0.5210, -5.744
32.40, 0.5200, -5.202
32.41, 0.5190, -5.883
32.42, 0.5180, -6.998
32.43, 0.5170, -5.731
32.44, 0.5160, -5.661
32.45, 0.5150, -5.013
32.46, 0.5140, -5.339
32.47, 0.5130, -5.341
32.48, 0.5120, -5.352
32.49, 0.5110, -6.250
32.50, 0.5100, -5.548
32.51, 0.5090, -6.219
32.52, 0.5080, -7.273
32.53, 0.5070, -4.874
32.54, 0.5060, -6.549
32.55, 0.5050, -4.454
32.56, 0.5040, -4.784
32.57, 0.5030, -4.261
32.58, 0.5020, -6.207
32.59, 0.5010, -5.628
32.60, 0.5000, -4.914
32.61, 0.4990, -5.380
32.62, 0.4980, -4.065
32.63, 0.4970, -4.341
32.64, 0.4960, -5.241
32.65, 0.4950, -4.676
32.66, 0.4940, -4.433
32.67, 0.4930, -5.535
32.68, 0.4920, -6.034
32.69, 0.4910, -4.166
32.70, 0.4900, -5.216
32.71, 0.4890, -5.496
32.72, 0.4880, -4.704
32.73, 0.4870, -5.916
32.74, 0.4860, -3.667
32.75, 0.4850, -7.430
32.76, 0.4840, -6.404
32.77, 0.4830, -4.701
32.78, 0.4820, -5.236
32.79, 0.4810, -6.132
32.80, 0.4800, -6.530
32.81, 0.4790, -6.181
32.82, 0.4780, -5.254
32.83, 0.4770, -5.915
32.84, 0.4760, -5.448
32.85, 0.4750, -7.061
32.86, 0.4740, -6.127
32.87, 0.4730, -5.828
32.88, 0.4720, -4.796
32.89, 0.4710, -5.589
32.90, 0.4700, -5.477
32.91, 0.4690, -4.918
32.92, 0.4680, -5.858
32.93, 0.4670, -5.082
32.94, 0.4660, -5.254
32.95, 0.4650, -4.904
32.96, 0.4640, -5.330
32.97, 0.4630, -6.769
32.98, 0.4620, -5.215
32.99, 0.4610, -5.466
33.00, 0.4600, -3.225
33.01, 0.4590, -4.847
33.02, 0.4580, -5.481
33.03, 0.4570, -4.074
33.04, 0.4560, -6.153
33.05, 0.4550, -6.239
33.06, 0.4540, -5.429
33.07, 0.4530, -6.468
33.08, 0.4520, -5.594
33.09, 0.4510, -5.448
33.10, 0.4500, -4.884
33.11, 0.4490, -5.278
33.12, 0.4480, -3.946
33.13, 0.4470, -5.059
33.14, 0.4460, -4.881
33.15, 0.4450, -3.878
33.16, 0.4440, -5.484
33.17, 0.4430, -4.691
33.18, 0.4420, -5.414
33.19, 0.4410, -6.215
33.20, 0.4400, -6.482
33.21, 0.4390, -6.573
33.22, 0.4380, -5.320
33.23, 0.4370, -5.738
33.24, 0.4360, -6.337
33.25, 0.4350, -6.655
33.26, 0.4340, -5.799
33.27, 0.4330, -8.564
33.28, 0.4320, -7.340
33.29, 0.4310, -6.838
33.30, 0.4300, -6.580
33.31, 0.4290, -5.970
33.32, 0.4280, -6.021
33.33, 0.4270, -7.211
33.34, 0.4260, -4.957
33.35, 0.4250, -6.827
33.36, 0.4240, -5.782
33.37, 0.4230, -5.831
33.38, 0.4220, -5.524
33.39, 0.4210, -4.887
33.40, 0.4200, -6.311
33.41, 0.4190, -3.827
33.42, 0.4180, -5.169
33.43, 0.4170, -5.382
33.44, 0.4160, -4.668
33.45, 0.4150, -5.013
33.46, 0.4140, -6.655
33.47, 0.4130, -5.975
33.48, 0.4120, -4.740
33.49, 0.4110, -6.363
33.50, 0.4100, -8.274
33.51, 0.4090, -6.576
33.52, 0.4080, -5.756
33.53, 0.4070, -6.252
33.54, 0.4060, -6.248
33.55, 0.4050, -6.311
33.56, 0.4040, -7.635
33.57, 0.4030, -6.207
33.58, 0.4020, -6.115
33.59, 0.4010, -6.726
33.60, 0.4000, -5.896
33.61, 0.3990, -6.162
33.62, 0.3980, -5.750
33.63, 0.3970, -6.986
33.64, 0.3960, -5.560
33.65, 0.3950, -6.259
33.66, 0.3940, -6.789
33.67, 0.3930, -6.465
33.68, 0.3920, -7.094
33.69, 0.3910, -7.621
33.70, 0.3900, -8.148
33.71, 0.3890, -7.433
33.72, 0.3880, -6.376
33.73, 0.3870, -6.874
33.74, 0.3860, -5.796
33.75, 0.3850, -4.922
33.76, 0.3840, -6.528
33.77, 0.3830, -5.396
33.78, 0.3820, -6.011
33.79, 0.3810, -6.663
33.80, 0.3800, -6.384
33.81, 0.3790, -7.284
33.82, 0.3780, -6.283
33.83, 0.3770, -6.234
33.84, 0.3760, -6.930
33.85, 0.3750, -4.783
33.86, 0.3740, -6.081
33.87, 0.3730, -5.276
33.88, 0.3720, -5.571
33.89, 0.3710, -5.915
33.90, 0.3700, -6.064
33.91, 0.3690, -6.411
33.92, 0.3680, -6.306
33.93, 0.3670, -7.068
33.94, 0.3660, -6.197
33.95, 0.3650, -6.143
33.96, 0.3640, -7.353
33.97, 0.3630, -6.154
33.98, 0.3620, -7.403
33.99, 0.3610, -5.684
34.00, 0.3600, -7.210
34.01, 0.3590, -6.315
34.02, 0.3580, -5.654
34.03, 0.3570, -7.253
34.04, 0.3560, -7.235
34.05, 0.3550, -7.295
34.06, 0.3540, -7.316
34.07, 0.3530, -7.038
34.08, 0.3520, -6.120
34.09, 0.3510, -7.415
34.10, 0.3500, -6.360
34.11, 0.3490, -6.553
34.12, 0.3480, -6.569
34.13, 0.3470, -7.037
34.14, 0.3460, -5.479
34.15, 0.3450, -6.882
34.16, 0.3440, -6.308
34.17, 0.3430, -6.874
34.18, 0.3420, -7.187
34.19, 0.3410, -7.572
34.20, 0.3400, -6.945
34.21, 0.3390, -9.044
34.22, 0.3380, -7.330
34.23, 0.3370, -7.213
34.24, 0.3360, -6.757
34.25, 0.3350, -6.678
34.26, 0.3340, -6.893
34.27, 0.3330, -6.159
34.28, 0.3320, -6.173
34.29, 0.3310, -7.202
34.30, 0.3300, -6.459
34.31, 0.3290, -6.716
34.32, 0.3280, -5.689
34.33, 0.3270, -7.145
34.34, 0.3260, -5.244
34.35, 0.3250, -5.838
34.36, 0.3240, -6.696
34.37, 0.3230, -6.334
34.38, 0.3220, -6.866
34.39, 0.3210, -7.545
34.40, 0.3200, -7.243
34.41, 0.3190, -5.654
34.42, 0.3180, -6.682
34.43, 0.3170, -5.739
34.44, 0.3160, -5.444
34.45, 0.3150, -5.534
34.46, 0.3140, -6.241
34.47, 0.3130, -6.557
34.48, 0.3120, -7.291
34.49, 0.3110, -8.787
34.50, 0.3100, -7.185
34.51, 0.3090, -8.413
34.52, 0.3080, -9.266
34.53, 0.3070, -8.195
34.54, 0.3060, -7.950
34.55, 0.3050, -7.858
34.56, 0.3040, -8.378
34.57, 0.3030, -8.556
34.58, 0.3020, -7.698
34.59, 0.3010, -6.875
34.60, 0.3000, -7.412
34.61, 0.2990, -7.152
34.62, 0.2980, -8.583
34.63, 0.2970, -5.751
34.64, 0.2960, -7.416
34.65, 0.2950, -6.600
34.66, 0.2940, -7.693
34.67, 0.2930, -7.239
34.68, 0.2920, -6.652
34.69, 0.2910, -6.956
34.70, 0.2900, -6.768
34.71, 0.2890, -7.753
34.72, 0.2880, -7.513
34.73, 0.2870, -7.443
34.74, 0.2860, -6.625
34.75, 0.2850, -6.217
