0.01000, -0.8000, -16.00
0.02000, -0.8000, -12.33
0.03000, -0.8000, -12.16
0.04000, -0.8000, -12.75
0.05000, -0.8000, -10.78
0.06000, -0.8000, -11.64
0.07000, -0.8000, -10.10
0.08000, -0.8000, -8.996
0.09000, -0.8000, -9.519
0.1000, -0.8000, -9.043
0.1100, -0.8000, -9.177
0.1200, -0.8000, -8.937
0.1300, -0.8000, -9.013
0.1400, -0.8000, -9.495
0.1500, -0.8000, -8.510
0.1600, -0.8000, -9.173
0.1700, -0.8000, -8.337
0.1800, -0.8000, -8.237
0.1900, -0.8000, -7.612
0.2000, -0.8000, -8.703
0.2100, -0.8000, -8.365
0.2200, -0.8000, -7.835
0.2300, -0.8000, -8.513
0.2400, -0.8000, -8.568
0.2500, -0.8000, -9.779
0.2600, -0.8000, -7.915
0.2700, -0.8000, -7.593
0.2800, -0.8000, -8.342
0.2900, -0.8000, -7.387
0.3000, -0.8000, -8.640
0.3100, -0.8000, -7.898
0.3200, -0.8000, -7.328
0.3300, -0.8000, -7.840
0.3400, -0.8000, -6.868
0.3500, -0.8000, -7.161
0.3600, -0.8000, -6.836
0.3700, -0.8000, -7.994
0.3800, -0.8000, -7.429
0.3900, -0.8000, -7.754
0.4000, -0.8000, -8.323
0.4100, -0.8000, -7.659
0.4200, -0.8000, -7.110
0.4300, -0.8000, -8.653
0.4400, -0.8000, -7.527
0.4500, 0.3000, -8.339
0.4600, 0.3010, 10.58
0.4700, 0.3020, 3.768
0.4800, 0.3030, 1.358
0.4900, 0.3040, 0.7569
0.5000, 0.3050, -0.8083
0.5100, 0.3060, -4.031
0.5200, 0.3070, -1.755
0.5300, 0.3080, -1.474
0.5400, 0.3090, -1.766
0.5500, 0.3100, -2.641
0.5600, 0.3110, -2.396
0.5700, 0.3120, -2.196
0.5800, 0.3130, -3.033
0.5900, 0.3140, -3.993
0.6000, 0.3150, -2.500
0.6100, 0.3160, -2.635
0.6200, 0.3170, -4.833
0.6300, 0.3180, -3.100
0.6400, 0.3190, -2.588
0.6500, 0.3200, -3.490
0.6600, 0.3210, -2.600
0.6700, 0.3220, -1.639
0.6800, 0.3230, -4.084
0.6900, 0.3240, -3.076
0.7000, 0.3250, -1.675
0.7100, 0.3260, -2.278
0.7200, 0.3270, -1.927
0.7300, 0.3280, -2.029
0.7400, 0.3290, -2.875
0.7500, 0.3300, -2.677
0.7600, 0.3310, -1.960
0.7700, 0.3320, -2.070
0.7800, 0.3330, -2.136
0.7900, 0.3340, -3.200
0.8000, 0.3350, -1.719
0.8100, 0.3360, -3.510
0.8200, 0.3370, -2.437
0.8300, 0.3380, -3.145
0.8400, 0.3390, -2.812
0.8500, 0.3400, -3.586
0.8600, 0.3410, -3.852
0.8700, 0.3420, -2.129
0.8800, 0.3430, -2.582
0.8900, 0.3440, -2.567
0.9000, 0.3450, -3.045
0.9100, 0.3460, -1.601
0.9200, 0.3470, -2.696
0.9300, 0.3480, -0.8932
0.9400, 0.3490, -1.667
0.9500, 0.3500, -2.514
0.9600, 0.3510, -2.188
0.9700, 0.3520, -3.491
0.9800, 0.3530, -3.269
0.9900, 0.3540, -4.406
1.000, 0.3550, -2.481
1.010, 0.3560, -3.375
1.020, 0.3570, -3.744
1.030, 0.3580, -1.713
1.040, 0.3590, -2.465
1.050, 0.3600, -3.484
1.060, 0.3610, -1.873
1.070, 0.3620, -2.124
1.080, 0.3630, -2.127
1.090, 0.3640, -1.725
1.100, 0.3650, -1.866
1.110, 0.3660, -1.136
1.120, 0.3670, -1.673
1.130, 0.3680, -3.384
1.140, 0.3690, -3.536
1.150, 0.3700, -2.715
1.160, 0.3710, -2.102
1.170, 0.3720, -1.155
1.180, 0.3730, -2.559
1.190, 0.3740, -1.522
1.200, 0.3750, -3.062
1.210, 0.3760, -2.357
1.220, 0.3770, -2.411
1.230, 0.3780, -2.783
1.240, 0.3790, -2.478
1.250, 0.3800, -1.970
1.260, 0.3810, -3.172
1.270, 0.3820, -2.814
1.280, 0.3830, -2.644
1.290, 0.3840, -2.730
1.300, 0.3850, -2.372
1.310, 0.3860, -0.6109
1.320, 0.3870, -2.523
1.330, 0.3880, -2.502
1.340, 0.3890, -0.6766
1.350, 0.3900, -1.371
1.360, 0.3910, -1.236
1.370, 0.3920, -2.647
1.380, 0.3930, -0.6912
1.390, 0.3940, -2.104
1.400, 0.3950, -1.691
1.410, 0.3960, -3.627
1.420, 0.3970, -1.717
1.430, 0.3980, -1.293
1.440, 0.3990, -1.931
1.450, 0.4000, -0.5943
1.460, 0.4010, -1.405
1.470, 0.4020, -2.392
1.480, 0.4030, -1.888
1.490, 0.4040, -1.906
1.500, 0.4050, -1.345
1.510, 0.4060, 0.06539
1.520, 0.4070, -1.153
1.530, 0.4080, -0.1940
1.540, 0.4090, -1.569
1.550, 0.4100, -0.1185
1.560, 0.4110, -0.9539
1.570, 0.4120, -0.5976
1.580, 0.4130, -2.194
1.590, 0.4140, -1.159
1.600, 0.4150, -2.438
1.610, 0.4160, -1.042
1.620, 0.4170, -1.455
1.630, 0.4180, -0.5610
1.640, 0.4190, -2.171
1.650, 0.4200, -1.236
1.660, 0.4210, -1.642
1.670, 0.4220, -2.811
1.680, 0.4230, -2.687
1.690, 0.4240, -3.087
1.700, 0.4250, -1.795
1.710, 0.4260, 0.1100
1.720, 0.4270, -0.1414
1.730, 0.4280, -1.504
1.740, 0.4290, -0.8639
1.750, 0.4300, 0.2753
1.760, 0.4310, -0.4890
1.770, 0.4320, 0.1983
1.780, 0.4330, 0.1456
1.790, 0.4340, 0.8743
1.800, 0.4350, -1.483
1.810, 0.4360, -0.1067
1.820, 0.4370, 0.8002
1.830, 0.4380, -0.09321
1.840, 0.4390, 0.6918
1.850, 0.4400, 0.5619
1.860, 0.4410, 0.2670
1.870, 0.4420, -0.6196
1.880, 0.4430, -1.090
1.890, 0.4440, 0.8692
1.900, 0.4450, 0.3119
1.910, 0.4460, -0.3970
1.920, 0.4470, 0.04673
1.930, 0.4480, 0.6340
1.940, 0.4490, -0.1641
1.950, 0.4500, -1.351
1.960, 0.4510, 0.8375
1.970, 0.4520, -0.9494
1.980, 0.4530, -0.7145
1.990, 0.4540, -0.4153
2.000, 0.4550, -0.8151
2.010, 0.4560, 1.287
2.020, 0.4570, 0.8293
2.030, 0.4580, 1.866
2.040, 0.4590, -1.777
2.050, 0.4600, 1.132
2.060, 0.4610, 1.476
2.070, 0.4620, -0.6887
2.080, 0.4630, 1.251
2.090, 0.4640, -0.4381
2.100, 0.4650, 0.03000
2.110, 0.4660, 1.226
2.120, 0.4670, 2.019
2.130, 0.4680, 1.932
2.140, 0.4690, 1.393
2.150, 0.4700, 0.9471
2.160, 0.4710, 0.1333
2.170, 0.4720, 1.478
2.180, 0.4730, 0.5952
2.190, 0.4740, -0.1822
2.200, 0.4750, 0.4133
2.210, 0.4760, 1.215
2.220, 0.4770, 1.134
2.230, 0.4780, 2.146
2.240, 0.4790, 0.4083
2.250, 0.4800, 0.9362
2.260, 0.4810, 1.158
2.270, 0.4820, -0.2935
2.280, 0.4830, 1.205
2.290, 0.4840, 0.9242
2.300, 0.4850, 2.504
2.310, 0.4860, 0.7060
2.320, 0.4870, 1.328
2.330, 0.4880, 3.316
2.340, 0.4890, 0.2194
2.350, 0.4900, 2.408
2.360, 0.4910, 1.876
2.370, 0.4920, 1.375
2.380, 0.4930, 2.237
2.390, 0.4940, 1.284
2.400, 0.4950, 0.9522
2.410, 0.4960, 0.3123
2.420, 0.4970, 1.145
2.430, 0.4980, 0.7805
2.440, 0.4990, 3.248
2.450, 0.5000, 1.730
2.460, 0.5010, 2.624
2.470, 0.5020, 1.856
2.480, 0.5030, 1.517
2.490, 0.5040, 0.3788
2.500, 0.5050, 1.818
2.510, 0.5060, 2.509
2.520, 0.5070, 2.644
2.530, 0.5080, 3.660
2.540, 0.5090, 3.149
2.550, 0.5100, 2.763
2.560, 0.5110, 1.431
2.570, 0.5120, 2.050
2.580, 0.5130, 2.956
2.590, 0.5140, 2.817
2.600, 0.5150, 1.479
2.610, 0.5160, 1.395
2.620, 0.5170, 2.450
2.630, 0.5180, 3.416
2.640, 0.5190, 2.894
2.650, 0.5200, 2.854
2.660, 0.5210, 2.312
2.670, 0.5220, 3.974
2.680, 0.5230, 2.431
2.690, 0.5240, 2.607
2.700, 0.5250, 2.693
2.710, 0.5260, 3.827
2.720, 0.5270, 3.334
2.730, 0.5280, 3.018
2.740, 0.5290, 2.276
2.750, 0.5300, 3.611
2.760, 0.5310, 3.850
2.770, 0.5320, 1.749
2.780, 0.5330, 5.265
2.790, 0.5340, 3.772
2.800, 0.5350, 3.650
2.810, 0.5360, 1.101
2.820, 0.5370, 3.463
2.830, 0.5380, 3.333
2.840, 0.5390, 4.946
2.850, 0.5400, 1.861
2.860, 0.5410, 4.011
2.870, 0.5420, 4.246
2.880, 0.5430, 3.982
2.890, 0.5440, 3.320
2.900, 0.5450, 4.157
2.910, 0.5460, 4.961
2.920, 0.5470, 2.715
2.930, 0.5480, 4.546
2.940, 0.5490, 2.361
2.950, 0.5500, 3.768
2.960, 0.5510, 3.909
2.970, 0.5520, 4.574
2.980, 0.5530, 4.902
2.990, 0.5540, 3.859
3.000, 0.5550, 5.384
3.010, 0.5560, 5.682
3.020, 0.5570, 5.452
3.030, 0.5580, 4.901
3.040, 0.5590, 3.428
3.050, 0.5600, 6.067
3.060, 0.5610, 4.794
3.070, 0.5620, 5.569
3.080, 0.5630, 4.533
3.090, 0.5640, 4.958
3.100, 0.5650, 4.198
3.110, 0.5660, 3.348
3.120, 0.5670, 4.933
3.130, 0.5680, 5.920
3.140, 0.5690, 4.337
3.150, 0.5700, 5.329
3.160, 0.5710, 5.263
3.170, 0.5720, 2.561
3.180, 0.5730, 5.911
3.190, 0.5740, 4.683
3.200, 0.5750, 6.339
3.210, 0.5760, 5.635
3.220, 0.5770, 5.278
3.230, 0.5780, 5.946
3.240, 0.5790, 7.135
3.250, 0.5800, 7.165
3.260, 0.5810, 6.567
3.270, 0.5820, 6.128
3.280, 0.5830, 6.243
3.290, 0.5840, 6.624
3.300, 0.5850, 6.291
3.310, 0.5860, 5.788
3.320, 0.5870, 5.797
3.330, 0.5880, 6.131
3.340, 0.5890, 5.865
3.350, 0.5900, 5.977
3.360, 0.5910, 5.585
3.370, 0.5920, 6.520
3.380, 0.5930, 6.219
3.390, 0.5940, 5.793
3.400, 0.5950, 5.765
3.410, 0.5960, 7.269
3.420, 0.5970, 3.390
3.430, 0.5980, 5.861
3.440, 0.5990, 6.324
3.450, 0.6000, 4.571
3.460, 0.6010, 6.641
3.470, 0.6020, 5.412
3.480, 0.6030, 6.995
3.490, 0.6040, 6.855
3.500, 0.6050, 6.148
3.510, 0.6060, 6.929
3.520, 0.6070, 5.696
3.530, 0.6080, 6.075
3.540, 0.6090, 6.449
3.550, 0.6100, 5.947
3.560, 0.6110, 6.269
3.570, 0.6120, 7.132
3.580, 0.6130, 6.747
3.590, 0.6140, 7.159
3.600, 0.6150, 4.173
3.610, 0.6160, 6.680
3.620, 0.6170, 7.553
3.630, 0.6180, 7.239
3.640, 0.6190, 6.586
3.650, 0.6200, 7.178
3.660, 0.6210, 6.073
3.670, 0.6220, 6.307
3.680, 0.6230, 6.299
3.690, 0.6240, 7.316
3.700, 0.6250, 6.684
3.710, 0.6260, 5.843
3.720, 0.6270, 6.579
3.730, 0.6280, 5.493
3.740, 0.6290, 8.092
3.750, 0.6300, 7.024
3.760, 0.6310, 7.377
3.770, 0.6320, 6.721
3.780, 0.6330, 7.536
3.790, 0.6340, 7.914
3.800, 0.6350, 6.977
3.810, 0.6360, 8.234
3.820, 0.6370, 6.887
3.830, 0.6380, 7.601
3.840, 0.6390, 8.781
3.850, 0.6400, 7.561
3.860, 0.6410, 7.116
3.870, 0.6420, 5.925
3.880, 0.6430, 7.392
3.890, 0.6440, 8.276
3.900, 0.6450, 7.881
3.910, 0.6460, 8.025
3.920, 0.6470, 7.177
3.930, 0.6480, 6.800
3.940, 0.6490, 9.037
3.950, 0.6500, 8.315
3.960, 0.6510, 8.340
3.970, 0.6520, 8.161
3.980, 0.6530, 7.534
3.990, 0.6540, 8.312
4.000, 0.6550, 9.091
4.010, 0.6560, 8.516
4.020, 0.6570, 6.602
4.030, 0.6580, 7.713
4.040, 0.6590, 7.214
4.050, 0.6600, 7.162
4.060, 0.6610, 6.075
4.070, 0.6620, 7.008
4.080, 0.6630, 8.020
4.090, 0.6640, 7.059
4.100, 0.6650, 6.991
4.110, 0.6660, 7.364
4.120, 0.6670, 7.516
4.130, 0.6680, 7.959
4.140, 0.6690, 7.025
4.150, 0.6700, 8.730
4.160, 0.6710, 8.413
4.170, 0.6720, 7.867
4.180, 0.6730, 8.324
4.190, 0.6740, 8.046
4.200, 0.6750, 7.817
4.210, 0.6760, 8.920
4.220, 0.6770, 8.772
4.230, 0.6780, 8.195
4.240, 0.6790, 7.098
4.250, 0.6800, 6.266
4.260, 0.6810, 8.240
4.270, 0.6820, 7.778
4.280, 0.6830, 9.231
4.290, 0.6840, 8.196
4.300, 0.6850, 6.542
4.310, 0.6860, 8.179
4.320, 0.6870, 8.391
4.330, 0.6880, 9.099
4.340, 0.6890, 9.586
4.350, 0.6900, 8.658
4.360, 0.6910, 8.340
4.370, 0.6920, 7.216
4.380, 0.6930, 6.243
4.390, 0.6940, 7.704
4.400, 0.6950, 8.776
4.410, 0.6960, 9.161
4.420, 0.6970, 8.084
4.430, 0.6980, 9.717
4.440, 0.6990, 8.746
4.450, 0.7000, 8.332
4.460, 0.7010, 7.851
4.470, 0.7020, 8.455
4.480, 0.7030, 8.256
4.490, 0.7040, 8.684
4.500, 0.7050, 9.539
4.510, 0.7060, 10.34
4.520, 0.7070, 6.192
4.530, 0.7080, 8.764
4.540, 0.7090, 8.520
4.550, 0.7100, 9.491
4.560, 0.7110, 9.092
4.570, 0.7120, 7.784
4.580, 0.7130, 8.729
4.590, 0.7140, 9.085
4.600, 0.7150, 8.285
4.610, 0.7160, 8.476
4.620, 0.7170, 9.060
4.630, 0.7180, 9.558
4.640, 0.7190, 7.368
4.650, 0.7200, 9.598
4.660, 0.7210, 8.790
4.670, 0.7220, 9.808
4.680, 0.7230, 9.658
4.690, 0.7240, 8.781
4.700, 0.7250, 8.903
4.710, 0.7260, 9.165
4.720, 0.7270, 9.471
4.730, 0.7280, 7.681
4.740, 0.7290, 8.447
4.750, 0.7300, 9.078
4.760, 0.7310, 8.944
4.770, 0.7320, 9.540
4.780, 0.7330, 9.847
4.790, 0.7340, 10.30
4.800, 0.7350, 9.731
4.810, 0.7360, 8.742
4.820, 0.7370, 9.474
4.830, 0.7380, 8.931
4.840, 0.7390, 8.660
4.850, 0.7400, 9.608
4.860, 0.7410, 9.287
4.870, 0.7420, 9.967
4.880, 0.7430, 9.077
4.890, 0.7440, 9.512
4.900, 0.7450, 9.827
4.910, 0.7460, 8.670
4.920, 0.7470, 8.485
4.930, 0.7480, 10.74
4.940, 0.7490, 7.685
4.950, 0.7500, 8.466
4.960, 0.7510, 6.891
4.970, 0.7520, 8.441
4.980, 0.7530, 10.01
4.990, 0.7540, 9.709
5.000, 0.7550, 9.143
5.010, 0.7560, 9.581
5.020, 0.7570, 9.842
5.030, 0.7580, 10.40
5.040, 0.7590, 8.058
5.050, 0.7600, 10.40
5.060, 0.7610, 9.395
5.070, 0.7620, 9.250
5.080, 0.7630, 10.41
5.090, 0.7640, 8.416
5.100, 0.7650, 9.878
5.110, 0.7660, 9.611
5.120, 0.7670, 8.937
5.130, 0.7680, 9.238
5.140, 0.7690, 9.500
5.150, 0.7700, 10.36
5.160, 0.7710, 9.788
5.170, 0.7720, 9.317
5.180, 0.7730, 9.262
5.190, 0.7740, 9.019
5.200, 0.7750, 9.430
5.210, 0.7760, 10.04
5.220, 0.7770, 10.43
5.230, 0.7780, 9.608
5.240, 0.7790, 9.695
5.250, 0.7800, 8.453
5.260, 0.7810, 10.40
5.270, 0.7820, 10.35
5.280, 0.7830, 10.49
5.290, 0.7840, 9.715
5.300, 0.7850, 9.736
5.310, 0.7860, 10.31
5.320, 0.7870, 9.023
5.330, 0.7880, 9.057
5.340, 0.7890, 9.926
5.350, 0.7900, 8.860
5.360, 0.7910, 9.596
5.370, 0.7920, 10.81
5.380, 0.7930, 9.158
5.390, 0.7940, 9.604
5.400, 0.7950, 10.77
5.410, 0.7960, 8.961
5.420, 0.7970, 9.936
5.430, 0.7980, 9.499
5.440, 0.7990, 10.15
5.450, 0.8000, 9.158
5.460, 0.8010, 9.875
5.470, 0.8020, 10.67
5.480, 0.8030, 10.80
5.490, 0.8040, 9.669
5.500, 0.8050, 10.27
5.510, 0.8060, 9.757
5.520, 0.8070, 10.41
5.530, 0.8080, 9.189
5.540, 0.8090, 9.529
5.550, 0.8100, 9.714
5.560, 0.8110, 9.123
5.570, 0.8120, 9.696
5.580, 0.8130, 10.99
5.590, 0.8140, 10.04
5.600, 0.8150, 9.156
5.610, 0.8160, 11.04
5.620, 0.8170, 8.549
5.630, 0.8180, 10.32
5.640, 0.8190, 10.41
5.650, 0.8200, 8.902
5.660, 0.8210, 9.964
5.670, 0.8220, 8.971
5.680, 0.8230, 10.52
5.690, 0.8240, 11.73
5.700, 0.8250, 10.63
5.710, 0.8260, 10.17
5.720, 0.8270, 10.20
5.730, 0.8280, 10.73
5.740, 0.8290, 10.95
5.750, 0.8300, 10.86
5.760, 0.8310, 11.31
5.770, 0.8320, 10.38
5.780, 0.8330, 10.85
5.790, 0.8340, 11.14
5.800, 0.8350, 10.41
5.810, 0.8360, 10.48
5.820, 0.8370, 10.46
5.830, 0.8380, 11.00
5.840, 0.8390, 10.50
5.850, 0.8400, 10.90
5.860, 0.8410, 11.09
5.870, 0.8420, 10.78
5.880, 0.8430, 10.59
5.890, 0.8440, 11.38
5.900, 0.8450, 9.762
5.910, 0.8460, 10.75
5.920, 0.8470, 10.99
5.930, 0.8480, 10.83
5.940, 0.8490, 10.36
5.950, 0.8500, 10.20
5.960, 0.8510, 10.92
5.970, 0.8520, 10.73
5.980, 0.8530, 9.849
5.990, 0.8540, 8.440
6.000, 0.8550, 11.38
6.010, 0.8560, 10.12
6.020, 0.8570, 10.05
6.030, 0.8580, 10.94
6.040, 0.8590, 11.07
6.050, 0.8600, 10.11
6.060, 0.8610, 10.93
6.070, 0.8620, 9.544
6.080, 0.8630, 9.397
6.090, 0.8640, 9.439
6.100, 0.8650, 11.66
6.110, 0.8660, 9.570
6.120, 0.8670, 10.76
6.130, 0.8680, 10.54
6.140, 0.8690, 9.697
6.150, 0.8700, 9.246
6.160, 0.8710, 10.11
6.170, 0.8720, 9.810
6.180, 0.8730, 10.25
6.190, 0.8740, 10.12
6.200, 0.8750, 9.843
6.210, 0.8760, 10.66
6.220, 0.8770, 10.78
6.230, 0.8780, 10.45
6.240, 0.8790, 10.43
6.250, 0.8800, 8.831
6.260, 0.8810, 9.709
6.270, 0.8820, 10.62
6.280, 0.8830, 11.32
6.290, 0.8840, 8.248
6.300, 0.8850, 10.04
6.310, 0.8860, 10.75
6.320, 0.8870, 10.44
6.330, 0.8880, 10.12
6.340, 0.8890, 10.61
6.350, 0.8900, 8.864
6.360, 0.8910, 11.26
6.370, 0.8920, 9.773
6.380, 0.8930, 9.592
6.390, 0.8940, 9.161
6.400, 0.8950, 10.95
6.410, 0.8960, 8.446
6.420, 0.8970, 10.70
6.430, 0.8980, 10.87
6.440, 0.8990, 9.486
6.450, 0.9000, 10.32
6.460, 0.9010, 9.739
6.470, 0.9020, 10.66
6.480, 0.9030, 10.33
6.490, 0.9040, 10.60
6.500, 0.9050, 10.16
6.510, 0.9060, 11.65
6.520, 0.9070, 11.25
6.530, 0.9080, 10.32
6.540, 0.9090, 10.38
6.550, 0.9100, 11.98
6.560, 0.9110, 11.16
6.570, 0.9120, 12.16
6.580, 0.9130, 10.90
6.590, 0.9140, 11.22
6.600, 0.9150, 10.79
6.610, 0.9160, 10.13
6.620, 0.9170, 11.27
6.630, 0.9180, 9.612
6.640, 0.9190, 10.39
6.650, 0.9200, 10.48
6.660, 0.9210, 9.741
6.670, 0.9220, 9.499
6.680, 0.9230, 10.21
6.690, 0.9240, 10.15
6.700, 0.9250, 11.09
6.710, 0.9260, 10.03
6.720, 0.9270, 10.44
6.730, 0.9280, 10.12
6.740, 0.9290, 10.72
6.750, 0.9300, 10.19
6.760, 0.9310, 11.33
6.770, 0.9320, 10.50
6.780, 0.9330, 10.34
6.790, 0.9340, 9.689
6.800, 0.9350, 10.42
6.810, 0.9360, 10.00
6.820, 0.9370, 9.469
6.830, 0.9380, 9.364
6.840, 0.9390, 11.20
6.850, 0.9400, 10.22
6.860, 0.9410, 9.985
6.870, 0.9420, 10.09
6.880, 0.9430, 11.25
6.890, 0.9440, 9.049
6.900, 0.9450, 10.33
6.910, 0.9460, 9.795
6.920, 0.9470, 10.36
6.930, 0.9480, 8.755
6.940, 0.9490, 10.81
6.950, 0.9500, 9.664
6.960, 0.9510, 8.919
6.970, 0.9520, 9.741
6.980, 0.9530, 9.020
6.990, 0.9540, 10.25
7.000, 0.9550, 10.88
7.010, 0.9560, 10.01
7.020, 0.9570, 10.28
7.030, 0.9580, 9.207
7.040, 0.9590, 10.38
7.050, 0.9600, 9.672
7.060, 0.9610, 10.77
7.070, 0.9620, 8.981
7.080, 0.9630, 9.805
7.090, 0.9640, 10.58
7.100, 0.9650, 10.35
7.110, 0.9660, 9.808
7.120, 0.9670, 11.30
7.130, 0.9680, 10.70
7.140, 0.9690, 9.962
7.150, 0.9700, 10.54
7.160, 0.9710, 10.57
7.170, 0.9720, 10.75
7.180, 0.9730, 11.05
7.190, 0.9740, 10.01
7.200, 0.9750, 9.028
7.210, 0.9760, 8.450
7.220, 0.9770, 9.396
7.230, 0.9780, 10.59
7.240, 0.9790, 11.18
7.250, 0.9800, 10.70
7.260, 0.9810, 10.87
7.270, 0.9820, 10.47
7.280, 0.9830, 11.61
7.290, 0.9840, 9.821
7.300, 0.9850, 10.05
7.310, 0.9860, 10.42
7.320, 0.9870, 10.83
7.330, 0.9880, 10.10
7.340, 0.9890, 10.49
7.350, 0.9900, 10.09
7.360, 0.9910, 10.81
7.370, 0.9920, 9.919
7.380, 0.9930, 9.796
7.390, 0.9940, 9.606
7.400, 0.9950, 10.59
7.410, 0.9960, 11.41
7.420, 0.9970, 9.727
7.430, 0.9980, 10.50
7.440, 0.9990, 10.38
7.450, 1.000, 11.31
7.460, 1.001, 8.578
7.470, 1.002, 10.01
7.480, 1.003, 10.01
7.490, 1.004, 10.35
7.500, 1.005, 8.497
7.510, 1.006, 10.17
7.520, 1.007, 10.24
7.530, 1.008, 10.45
7.540, 1.009, 11.49
7.550, 1.010, 11.03
7.560, 1.011, 9.501
7.570, 1.012, 10.31
7.580, 1.013, 10.64
7.590, 1.014, 11.58
7.600, 1.015, 11.19
7.610, 1.016, 10.33
7.620, 1.017, 9.879
7.630, 1.018, 10.93
7.640, 1.019, 9.455
7.650, 1.020, 11.16
7.660, 1.021, 10.69
7.670, 1.022, 10.72
7.680, 1.023, 10.36
7.690, 1.024, 11.16
7.700, 1.025, 10.43
7.710, 1.026, 10.41
7.720, 1.027, 7.940
7.730, 1.028, 10.47
7.740, 1.029, 10.44
7.750, 1.030, 10.78
7.760, 1.031, 10.96
7.770, 1.032, 8.313
7.780, 1.033, 11.35
7.790, 1.034, 9.353
7.800, 1.035, 10.75
7.810, 1.036, 11.20
7.820, 1.037, 10.65
7.830, 1.038, 11.14
7.840, 1.039, 11.73
7.850, 1.040, 10.78
7.860, 1.041, 11.70
7.870, 1.042, 10.46
7.880, 1.043, 10.99
7.890, 1.044, 11.03
7.900, 1.045, 8.725
7.910, 1.046, 9.697
7.920, 1.047, 10.16
7.930, 1.048, 10.51
7.940, 1.049, 10.90
7.950, 1.050, 12.19
7.960, 1.051, 10.13
7.970, 1.052, 10.65
7.980, 1.053, 10.70
7.990, 1.054, 10.35
8.000, 1.055, 10.99
8.010, 1.056, 11.03
8.020, 1.057, 10.79
8.030, 1.058, 11.08
8.040, 1.059, 9.763
8.050, 1.060, 11.31
8.060, 1.061, 10.42
8.070, 1.062, 11.16
8.080, 1.063, 10.68
8.090, 1.064, 10.17
8.100, 1.065, 11.14
8.110, 1.066, 10.51
8.120, 1.067, 11.58
8.130, 1.068, 11.66
8.140, 1.069, 11.20
8.150, 1.070, 10.92
8.160, 1.071, 11.51
8.170, 1.072, 11.27
8.180, 1.073, 10.20
8.190, 1.074, 11.39
8.200, 1.075, 10.84
8.210, 1.076, 10.90
8.220, 1.077, 10.13
8.230, 1.078, 10.94
8.240, 1.079, 11.18
8.250, 1.080, 11.08
8.260, 1.081, 10.96
8.270, 1.082, 12.11
8.280, 1.083, 11.56
8.290, 1.084, 10.44
8.300, 1.085, 10.70
8.310, 1.086, 11.10
8.320, 1.087, 11.71
8.330, 1.088, 11.43
8.340, 1.089, 11.07
8.350, 1.090, 11.24
8.360, 1.091, 9.661
8.370, 1.092, 11.24
8.380, 1.093, 11.88
8.390, 1.094, 10.06
8.400, 1.095, 10.55
8.410, 1.096, 10.09
8.420, 1.097, 12.19
8.430, 1.098, 11.72
8.440, 1.099, 11.59
8.450, 1.100, 10.28
8.460, 1.101, 11.30
8.470, 1.102, 11.11
8.480, 1.103, 10.71
8.490, 1.104, 10.21
8.500, 1.105, 12.42
8.510, 1.106, 11.84
8.520, 1.107, 12.00
8.530, 1.108, 11.11
8.540, 1.109, 12.18
8.550, 1.110, 12.09
8.560, 1.111, 11.79
8.570, 1.112, 10.41
8.580, 1.113, 11.85
8.590, 1.114, 11.10
8.600, 1.115, 11.75
8.610, 1.116, 10.42
8.620, 1.117, 11.03
8.630, 1.118, 12.56
8.640, 1.119, 12.55
8.650, 1.120, 10.73
8.660, 1.121, 12.45
8.670, 1.122, 11.77
8.680, 1.123, 11.57
8.690, 1.124, 12.09
8.700, 1.125, 11.13
8.710, 1.126, 12.67
8.720, 1.127, 11.58
8.730, 1.128, 11.67
8.740, 1.129, 10.72
8.750, 1.130, 12.22
8.760, 1.131, 12.85
8.770, 1.132, 12.46
8.780, 1.133, 12.81
8.790, 1.134, 13.01
8.800, 1.135, 12.41
8.810, 1.136, 11.48
8.820, 1.137, 10.87
8.830, 1.138, 11.71
8.840, 1.139, 12.75
8.850, 1.140, 10.90
8.860, 1.141, 11.44
8.870, 1.142, 11.90
8.880, 1.143, 11.60
8.890, 1.144, 11.75
8.900, 1.145, 12.46
8.910, 1.146, 12.77
8.920, 1.147, 12.89
8.930, 1.148, 13.02
8.940, 1.149, 12.19
8.950, 1.150, 13.26
8.960, 1.151, 12.41
8.970, 1.152, 12.31
8.980, 1.153, 11.48
8.990, 1.154, 12.81
9.000, 1.155, 11.56
9.010, 1.156, 11.99
9.020, 1.157, 12.80
9.030, 1.158, 12.71
9.040, 1.159, 12.32
9.050, 1.160, 11.66
9.060, 1.161, 12.41
9.070, 1.162, 12.47
9.080, 1.163, 11.93
9.090, 1.164, 10.86
9.100, 1.165, 12.82
9.110, 1.166, 12.75
9.120, 1.167, 12.96
9.130, 1.168, 13.12
9.140, 1.169, 13.47
9.150, 1.170, 13.76
9.160, 1.171, 11.65
9.170, 1.172, 11.74
9.180, 1.173, 12.93
9.190, 1.174, 13.75
9.200, 1.175, 13.61
9.210, 1.176, 13.45
9.220, 1.177, 13.33
9.230, 1.178, 13.38
9.240, 1.179, 13.30
9.250, 1.180, 12.74
9.260, 1.181, 13.73
9.270, 1.182, 12.03
9.280, 1.183, 13.32
9.290, 1.184, 13.35
9.300, 1.185, 12.77
9.310, 1.186, 11.29
9.320, 1.187, 12.98
9.330, 1.188, 13.94
9.340, 1.189, 12.55
9.350, 1.190, 13.54
9.360, 1.191, 12.06
9.370, 1.192, 14.00
9.380, 1.193, 13.75
9.390, 1.194, 14.10
9.400, 1.195, 13.63
9.410, 1.196, 14.24
9.420, 1.197, 14.20
9.430, 1.198, 12.62
9.440, 1.199, 13.95
9.450, 1.200, 13.49
9.460, 1.201, 15.13
9.470, 1.202, 14.27
9.480, 1.203, 14.80
9.490, 1.204, 14.11
9.500, 1.205, 13.24
9.510, 1.206, 14.61
9.520, 1.207, 14.79
9.530, 1.208, 14.26
9.540, 1.209, 13.82
9.550, 1.210, 14.07
9.560, 1.211, 14.68
9.570, 1.212, 14.03
9.580, 1.213, 14.32
9.590, 1.214, 15.34
9.600, 1.215, 12.74
9.610, 1.216, 14.43
9.620, 1.217, 14.98
9.630, 1.218, 14.91
9.640, 1.219, 14.24
9.650, 1.220, 13.74
9.660, 1.221, 14.30
9.670, 1.222, 13.54
9.680, 1.223, 14.34
9.690, 1.224, 16.18
9.700, 1.225, 14.80
9.710, 1.226, 14.74
9.720, 1.227, 15.82
9.730, 1.228, 13.49
9.740, 1.229, 14.43
9.750, 1.230, 15.51
9.760, 1.231, 15.67
9.770, 1.232, 15.01
9.780, 1.233, 14.58
9.790, 1.234, 15.35
9.800, 1.235, 15.37
9.810, 1.236, 15.75
9.820, 1.237, 15.47
9.830, 1.238, 15.23
9.840, 1.239, 16.28
9.850, 1.240, 16.11
9.860, 1.241, 16.60
9.870, 1.242, 15.58
9.880, 1.243, 14.96
9.890, 1.244, 16.19
9.900, 1.245, 14.60
9.910, 1.246, 16.39
9.920, 1.247, 16.40
9.930, 1.248, 16.21
9.940, 1.249, 15.87
9.950, 1.250, 17.12
9.960, 1.251, 16.69
9.970, 1.252, 15.15
9.980, 1.253, 16.96
9.990, 1.254, 17.36
10.00, 1.255, 17.18
10.01, 1.256, 16.67
10.02, 1.257, 17.27
10.03, 1.258, 16.52
10.04, 1.259, 15.93
10.05, 1.260, 16.79
10.06, 1.261, 17.37
10.07, 1.262, 17.69
10.08, 1.263, 16.44
10.09, 1.264, 17.35
10.10, 1.265, 18.01
10.11, 1.266, 16.60
10.12, 1.267, 17.03
10.13, 1.268, 15.98
10.14, 1.269, 18.06
10.15, 1.270, 18.19
10.16, 1.271, 17.76
10.17, 1.272, 18.89
10.18, 1.273, 17.70
10.19, 1.274, 18.00
10.20, 1.275, 18.49
10.21, 1.276, 17.75
10.22, 1.277, 18.84
10.23, 1.278, 19.33
10.24, 1.279, 19.64
10.25, 1.280, 19.56
10.26, 1.281, 19.02
10.27, 1.282, 20.05
10.28, 1.283, 20.25
10.29, 1.284, 20.35
10.30, 1.285, 21.10
10.31, 1.286, 19.46
10.32, 1.287, 20.26
10.33, 1.288, 17.74
10.34, 1.289, 19.28
10.35, 1.290, 19.72
10.36, 1.291, 21.26
10.37, 1.292, 19.97
10.38, 1.293, 20.89
10.39, 1.294, 20.07
10.40, 1.295, 20.71
10.41, 1.296, 18.92
10.42, 1.297, 21.83
10.43, 1.298, 23.16
10.44, 1.299, 18.75
10.45, 1.300, 21.22
10.46, 1.301, 21.38
10.47, 1.302, 21.27
10.48, 1.303, 21.50
10.49, 1.304, 23.11
10.50, 1.305, 22.33
10.51, 1.306, 21.64
10.52, 1.307, 22.14
10.53, 1.308, 22.42
10.54, 1.309, 22.36
10.55, 1.310, 20.85
10.56, 1.311, 23.65
10.57, 1.312, 23.05
10.58, 1.313, 23.18
10.59, 1.314, 23.31
10.60, 1.315, 23.70
10.61, 1.316, 23.82
10.62, 1.317, 23.24
10.63, 1.318, 23.60
10.64, 1.319, 23.80
10.65, 1.320, 23.60
10.66, 1.321, 24.81
10.67, 1.322, 22.85
10.68, 1.323, 23.93
10.69, 1.324, 24.80
10.70, 1.325, 23.80
10.71, 1.326, 25.49
10.72, 1.327, 23.64
10.73, 1.328, 23.96
10.74, 1.329, 24.54
10.75, 1.330, 25.19
10.76, 1.331, 25.44
10.77, 1.332, 26.12
10.78, 1.333, 25.58
10.79, 1.334, 26.77
10.80, 1.335, 25.93
10.81, 1.336, 25.45
10.82, 1.337, 26.50
10.83, 1.338, 26.61
10.84, 1.339, 27.15
10.85, 1.340, 26.39
10.86, 1.341, 27.31
10.87, 1.342, 27.57
10.88, 1.343, 27.05
10.89, 1.344, 27.25
10.90, 1.345, 26.69
10.91, 1.346, 27.29
10.92, 1.347, 28.23
10.93, 1.348, 28.21
10.94, 1.349, 28.62
10.95, 1.350, 28.42
10.96, 1.351, 28.72
10.97, 1.352, 28.60
10.98, 1.353, 29.19
10.99, 1.354, 28.52
11.00, 1.355, 28.86
11.01, 1.356, 28.98
11.02, 1.357, 28.76
11.03, 1.358, 28.72
11.04, 1.359, 28.98
11.05, 1.360, 28.75
11.06, 1.361, 29.85
11.07, 1.362, 30.11
11.08, 1.363, 28.38
11.09, 1.364, 29.04
11.10, 1.365, 29.59
11.11, 1.366, 30.24
11.12, 1.367, 29.87
11.13, 1.368, 29.01
11.14, 1.369, 29.06
11.15, 1.370, 28.58
11.16, 1.371, 29.94
11.17, 1.372, 31.52
11.18, 1.373, 31.35
11.19, 1.374, 31.43
11.20, 1.375, 31.83
11.21, 1.376, 32.07
11.22, 1.377, 32.11
11.23, 1.378, 32.07
11.24, 1.379, 32.01
11.25, 1.380, 31.76
11.26, 1.381, 31.96
11.27, 1.382, 32.52
11.28, 1.383, 31.72
11.29, 1.384, 31.76
11.30, 1.385, 32.72
11.31, 1.386, 32.37
11.32, 1.387, 33.20
11.33, 1.388, 32.89
11.34, 1.389, 31.84
11.35, 1.390, 32.03
11.36, 1.391, 33.20
11.37, 1.392, 32.49
11.38, 1.393, 32.80
11.39, 1.394, 34.12
11.40, 1.395, 32.51
11.41, 1.396, 33.73
11.42, 1.397, 33.57
11.43, 1.398, 33.58
11.44, 1.399, 32.99
11.45, 1.400, 33.41
11.46, 1.401, 34.18
11.47, 1.402, 32.59
11.48, 1.403, 33.42
11.49, 1.404, 34.57
11.50, 1.405, 34.13
11.51, 1.406, 33.12
11.52, 1.407, 33.06
11.53, 1.408, 33.89
11.54, 1.409, 34.29
11.55, 1.410, 35.09
11.56, 1.411, 34.19
11.57, 1.412, 33.39
11.58, 1.413, 33.99
11.59, 1.414, 34.60
11.60, 1.415, 35.02
11.61, 1.416, 33.93
11.62, 1.417, 35.38
11.63, 1.418, 34.87
11.64, 1.419, 35.69
11.65, 1.420, 33.87
11.66, 1.421, 35.96
11.67, 1.422, 35.93
11.68, 1.423, 35.09
11.69, 1.424, 35.91
11.70, 1.425, 36.03
11.71, 1.426, 34.82
11.72, 1.427, 32.28
11.73, 1.428, 36.00
11.74, 1.429, 35.20
11.75, 1.430, 36.17
11.76, 1.431, 35.53
11.77, 1.432, 34.80
11.78, 1.433, 34.22
11.79, 1.434, 36.11
11.80, 1.435, 35.64
11.81, 1.436, 35.89
11.82, 1.437, 35.26
11.83, 1.438, 35.08
11.84, 1.439, 34.88
11.85, 1.440, 36.40
11.86, 1.441, 35.75
11.87, 1.442, 34.94
11.88, 1.443, 34.76
11.89, 1.444, 33.25
11.90, 1.445, 36.29
11.91, 1.446, 34.26
11.92, 1.447, 36.12
11.93, 1.448, 35.86
11.94, 1.449, 35.51
11.95, 1.450, 36.10
11.96, 1.451, 36.96
11.97, 1.452, 35.91
11.98, 1.453, 35.74
11.99, 1.454, 35.05
12.00, 1.455, 36.43
12.01, 1.456, 35.94
12.02, 1.457, 38.10
12.03, 1.458, 36.84
12.04, 1.459, 36.91
12.05, 1.460, 36.91
12.06, 1.461, 37.43
12.07, 1.462, 37.45
12.08, 1.463, 38.13
12.09, 1.464, 38.09
12.10, 1.465, 38.04
12.11, 1.466, 37.65
12.12, 1.467, 37.48
12.13, 1.468, 36.66
12.14, 1.469, 37.02
12.15, 1.470, 37.76
12.16, 1.471, 36.46
12.17, 1.472, 37.28
12.18, 1.473, 37.50
12.19, 1.474, 38.05
12.20, 1.475, 35.98
12.21, 1.476, 36.43
12.22, 1.477, 38.50
12.23, 1.478, 38.26
12.24, 1.479, 37.67
12.25, 1.480, 38.06
12.26, 1.481, 37.50
12.27, 1.482, 38.12
12.28, 1.483, 38.23
12.29, 1.484, 38.55
12.30, 1.485, 38.44
12.31, 1.486, 38.27
12.32, 1.487, 38.21
12.33, 1.488, 38.13
12.34, 1.489, 37.70
12.35, 1.490, 37.89
12.36, 1.491, 39.39
12.37, 1.492, 36.86
12.38, 1.493, 38.64
12.39, 1.494, 39.06
12.40, 1.495, 38.82
12.41, 1.496, 39.53
12.42, 1.497, 38.62
12.43, 1.498, 38.43
12.44, 1.499, 38.28
12.45, 1.500, 38.93
12.46, 1.501, 36.46
12.47, 1.502, 39.22
12.48, 1.503, 37.93
12.49, 1.504, 39.21
12.50, 1.505, 38.47
12.51, 1.506, 38.98
12.52, 1.507, 38.33
12.53, 1.508, 38.82
12.54, 1.509, 39.66
12.55, 1.510, 39.32
12.56, 1.511, 38.85
12.57, 1.512, 39.39
12.58, 1.513, 39.70
12.59, 1.514, 39.35
12.60, 1.515, 38.73
12.61, 1.516, 39.66
12.62, 1.517, 40.64
12.63, 1.518, 40.43
12.64, 1.519, 40.34
12.65, 1.520, 39.96
12.66, 1.521, 39.81
12.67, 1.522, 39.62
12.68, 1.523, 41.04
12.69, 1.524, 40.46
12.70, 1.525, 40.20
12.71, 1.526, 39.87
12.72, 1.527, 39.92
12.73, 1.528, 40.09
12.74, 1.529, 39.97
12.75, 1.530, 40.47
12.76, 1.531, 39.97
12.77, 1.532, 37.71
12.78, 1.533, 40.25
12.79, 1.534, 39.56
12.80, 1.535, 40.18
12.81, 1.536, 40.83
12.82, 1.537, 40.68
12.83, 1.538, 40.29
12.84, 1.539, 41.07
12.85, 1.540, 41.91
12.86, 1.541, 40.50
12.87, 1.542, 42.21
12.88, 1.543, 40.95
12.89, 1.544, 41.22
12.90, 1.545, 40.12
12.91, 1.546, 40.00
12.92, 1.547, 40.95
12.93, 1.548, 40.81
12.94, 1.549, 42.67
12.95, 1.550, 41.94
12.96, 1.551, 42.08
12.97, 1.552, 42.44
12.98, 1.553, 42.21
12.99, 1.554, 40.16
13.00, 1.555, 42.44
13.01, 1.556, 42.61
13.02, 1.557, 41.92
13.03, 1.558, 42.76
13.04, 1.559, 42.16
13.05, 1.560, 41.52
13.06, 1.561, 41.84
13.07, 1.562, 42.66
13.08, 1.563, 41.37
13.09, 1.564, 42.37
13.10, 1.565, 41.88
13.11, 1.566, 42.95
13.12, 1.567, 43.04
13.13, 1.568, 42.46
13.14, 1.569, 42.89
13.15, 1.570, 42.88
13.16, 1.571, 41.74
13.17, 1.572, 43.66
13.18, 1.573, 42.99
13.19, 1.574, 42.42
13.20, 1.575, 42.41
13.21, 1.576, 43.28
13.22, 1.577, 42.37
13.23, 1.578, 43.46
13.24, 1.579, 43.51
13.25, 1.580, 43.14
13.26, 1.581, 44.45
13.27, 1.582, 43.94
13.28, 1.583, 43.34
13.29, 1.584, 43.91
13.30, 1.585, 45.04
13.31, 1.586, 44.18
13.32, 1.587, 44.09
13.33, 1.588, 43.66
13.34, 1.589, 45.62
13.35, 1.590, 44.04
13.36, 1.591, 45.34
13.37, 1.592, 46.11
13.38, 1.593, 45.53
13.39, 1.594, 46.82
13.40, 1.595, 45.06
13.41, 1.596, 46.50
13.42, 1.597, 45.41
13.43, 1.598, 46.19
13.44, 1.599, 47.85
13.45, 1.600, 46.93
13.46, 1.601, 46.32
13.47, 1.602, 46.48
13.48, 1.603, 47.93
13.49, 1.604, 46.95
13.50, 1.605, 47.04
13.51, 1.606, 46.90
13.52, 1.607, 46.28
13.53, 1.608, 47.88
13.54, 1.609, 47.57
13.55, 1.610, 47.72
13.56, 1.611, 46.64
13.57, 1.612, 47.41
13.58, 1.613, 48.74
13.59, 1.614, 47.39
13.60, 1.615, 47.21
13.61, 1.616, 46.47
13.62, 1.617, 47.82
13.63, 1.618, 47.81
13.64, 1.619, 48.61
13.65, 1.620, 47.84
13.66, 1.621, 48.54
13.67, 1.622, 49.08
13.68, 1.623, 48.96
13.69, 1.624, 47.42
13.70, 1.625, 50.13
13.71, 1.626, 48.00
13.72, 1.627, 49.46
13.73, 1.628, 48.42
13.74, 1.629, 49.76
13.75, 1.630, 48.81
13.76, 1.631, 49.17
13.77, 1.632, 50.09
13.78, 1.633, 50.44
13.79, 1.634, 50.86
13.80, 1.635, 49.41
13.81, 1.636, 50.01
13.82, 1.637, 50.62
13.83, 1.638, 50.46
13.84, 1.639, 49.93
13.85, 1.640, 49.33
13.86, 1.641, 51.06
13.87, 1.642, 50.82
13.88, 1.643, 51.65
13.89, 1.644, 51.30
13.90, 1.645, 51.73
13.91, 1.646, 50.83
13.92, 1.647, 51.98
13.93, 1.648, 51.73
13.94, 1.649, 52.48
13.95, 1.650, 52.76
13.96, 1.651, 53.09
13.97, 1.652, 51.23
13.98, 1.653, 51.61
13.99, 1.654, 52.38
14.00, 1.655, 53.80
14.01, 1.656, 52.48
14.02, 1.657, 52.16
14.03, 1.658, 51.76
14.04, 1.659, 53.59
14.05, 1.660, 52.83
14.06, 1.661, 52.65
14.07, 1.662, 53.06
14.08, 1.663, 53.44
14.09, 1.664, 54.29
14.10, 1.665, 53.78
14.11, 1.666, 54.27
14.12, 1.667, 54.24
14.13, 1.668, 53.92
14.14, 1.669, 53.90
14.15, 1.670, 54.14
14.16, 1.671, 55.00
14.17, 1.672, 55.18
14.18, 1.673, 55.43
14.19, 1.674, 53.10
14.20, 1.675, 55.59
14.21, 1.676, 54.57
14.22, 1.677, 54.09
14.23, 1.678, 53.33
14.24, 1.679, 54.06
14.25, 1.680, 55.55
14.26, 1.681, 55.67
14.27, 1.682, 55.89
14.28, 1.683, 58.06
14.29, 1.684, 56.38
14.30, 1.685, 56.34
14.31, 1.686, 56.02
14.32, 1.687, 57.20
14.33, 1.688, 57.70
14.34, 1.689, 57.06
14.35, 1.690, 58.32
14.36, 1.691, 58.42
14.37, 1.692, 58.12
14.38, 1.693, 58.20
14.39, 1.694, 57.51
14.40, 1.695, 59.07
14.41, 1.696, 58.95
14.42, 1.697, 58.05
14.43, 1.698, 59.25
14.44, 1.699, 59.85
14.45, 1.700, 58.88
14.46, 1.701, 58.57
14.47, 1.702, 58.23
14.48, 1.703, 59.82
14.49, 1.704, 58.49
14.50, 1.705, 58.64
14.51, 1.706, 60.51
14.52, 1.707, 61.06
14.53, 1.708, 60.55
14.54, 1.709, 60.76
14.55, 1.710, 61.72
14.56, 1.711, 61.08
14.57, 1.712, 60.92
14.58, 1.713, 61.58
14.59, 1.714, 60.71
14.60, 1.715, 61.19
14.61, 1.716, 63.12
14.62, 1.717, 63.00
14.63, 1.718, 61.44
14.64, 1.719, 62.74
14.65, 1.720, 61.89
14.66, 1.721, 63.41
14.67, 1.722, 62.53
14.68, 1.723, 64.42
14.69, 1.724, 61.86
14.70, 1.725, 62.43
14.71, 1.726, 62.32
14.72, 1.727, 63.18
14.73, 1.728, 64.95
14.74, 1.729, 64.43
14.75, 1.730, 65.05
14.76, 1.731, 64.29
14.77, 1.732, 65.56
14.78, 1.733, 66.83
14.79, 1.734, 65.02
14.80, 1.735, 66.52
14.81, 1.736, 66.18
14.82, 1.737, 67.18
14.83, 1.738, 67.30
14.84, 1.739, 67.10
14.85, 1.740, 67.73
14.86, 1.741, 67.75
14.87, 1.742, 68.19
14.88, 1.743, 68.68
14.89, 1.744, 68.17
14.90, 1.745, 67.81
14.91, 1.746, 69.08
14.92, 1.747, 69.10
14.93, 1.748, 68.54
14.94, 1.749, 69.44
14.95, 1.750, 69.81
14.96, 1.751, 70.95
14.97, 1.752, 70.19
14.98, 1.753, 70.05
14.99, 1.754, 71.65
15.00, 1.755, 72.07
15.01, 1.756, 71.90
15.02, 1.757, 71.23
15.03, 1.758, 71.07
15.04, 1.759, 73.15
15.05, 1.760, 73.16
15.06, 1.761, 73.59
15.07, 1.762, 75.56
15.08, 1.763, 74.52
15.09, 1.764, 73.58
15.10, 1.765, 75.36
15.11, 1.766, 75.89
15.12, 1.767, 74.52
15.13, 1.768, 75.16
15.14, 1.769, 77.01
15.15, 1.770, 76.87
15.16, 1.771, 76.51
15.17, 1.772, 77.76
15.18, 1.773, 77.33
15.19, 1.774, 79.26
15.20, 1.775, 78.77
15.21, 1.776, 79.98
15.22, 1.777, 79.48
15.23, 1.778, 78.42
15.24, 1.779, 80.01
15.25, 1.780, 79.90
15.26, 1.781, 80.39
15.27, 1.782, 81.99
15.28, 1.783, 81.82
15.29, 1.784, 81.23
15.30, 1.785, 81.56
15.31, 1.786, 84.78
15.32, 1.787, 82.61
15.33, 1.788, 83.77
15.34, 1.789, 84.33
15.35, 1.790, 84.95
15.36, 1.791, 84.03
15.37, 1.792, 84.59
15.38, 1.793, 84.99
15.39, 1.794, 86.24
15.40, 1.795, 87.60
15.41, 1.796, 87.89
15.42, 1.797, 87.95
15.43, 1.798, 89.22
15.44, 1.799, 89.11
15.45, 1.800, 89.44
15.46, 1.801, 90.49
15.47, 1.802, 91.37
15.48, 1.803, 92.25
15.49, 1.804, 92.34
15.50, 1.805, 90.77
15.51, 1.806, 93.01
15.52, 1.807, 94.31
15.53, 1.808, 92.63
15.54, 1.809, 94.56
15.55, 1.810, 94.57
15.56, 1.811, 96.22
15.57, 1.812, 96.84
15.58, 1.813, 96.46
15.59, 1.814, 95.45
15.60, 1.815, 97.85
15.61, 1.816, 97.87
15.62, 1.817, 98.78
15.63, 1.818, 99.64
15.64, 1.819, 100.1
15.65, 1.820, 101.3
15.66, 1.821, 100.5
15.67, 1.822, 100.7
15.68, 1.823, 99.82
15.69, 1.824, 102.8
15.70, 1.825, 103.0
15.71, 1.826, 103.7
15.72, 1.827, 104.3
15.73, 1.828, 104.9
15.74, 1.829, 105.2
15.75, 1.830, 106.6
15.76, 1.831, 107.8
15.77, 1.832, 106.5
15.78, 1.833, 107.2
15.79, 1.834, 108.6
15.80, 1.835, 109.6
15.81, 1.836, 109.5
15.82, 1.837, 110.2
15.83, 1.838, 111.6
15.84, 1.839, 112.9
15.85, 1.840, 113.8
15.86, 1.841, 113.0
15.87, 1.842, 115.7
15.88, 1.843, 116.1
15.89, 1.844, 115.4
15.90, 1.845, 117.5
15.91, 1.846, 117.4
15.92, 1.847, 119.0
15.93, 1.848, 119.2
15.94, 1.849, 119.9
15.95, 1.850, 121.6
15.96, 1.851, 123.0
15.97, 1.852, 123.0
15.98, 1.853, 122.7
15.99, 1.854, 124.6
16.00, 1.855, 124.8
16.01, 1.856, 125.0
16.02, 1.857, 126.2
16.03, 1.858, 127.6
16.04, 1.859, 127.5
16.05, 1.860, 129.0
16.06, 1.861, 130.1
16.07, 1.862, 131.3
16.08, 1.863, 130.4
16.09, 1.864, 132.4
16.10, 1.865, 133.4
16.11, 1.866, 132.6
16.12, 1.867, 135.0
16.13, 1.868, 136.2
16.14, 1.869, 136.7
16.15, 1.870, 136.7
16.16, 1.871, 138.4
16.17, 1.872, 139.3
16.18, 1.873, 140.0
16.19, 1.874, 138.7
16.20, 1.875, 140.6
16.21, 1.876, 142.8
16.22, 1.877, 143.0
16.23, 1.878, 144.7
16.24, 1.879, 145.6
16.25, 1.880, 146.3
16.26, 1.881, 146.9
16.27, 1.882, 148.6
16.28, 1.883, 148.9
16.29, 1.884, 151.0
16.30, 1.885, 151.9
16.31, 1.886, 150.9
16.32, 1.887, 153.6
16.33, 1.888, 152.9
16.34, 1.889, 155.2
16.35, 1.890, 156.3
16.36, 1.891, 155.6
16.37, 1.892, 157.1
16.38, 1.893, 159.0
16.39, 1.894, 158.4
16.40, 1.895, 160.4
16.41, 1.896, 161.6
16.42, 1.897, 162.7
16.43, 1.898, 163.9
16.44, 1.899, 164.8
16.45, 1.900, 165.8
16.46, 1.901, 166.3
16.47, 1.902, 167.8
16.48, 1.903, 168.7
16.49, 1.904, 170.6
16.50, 1.905, 170.7
16.51, 1.906, 171.3
16.52, 1.907, 173.0
16.53, 1.908, 173.6
16.54, 1.909, 175.1
16.55, 1.910, 176.0
16.56, 1.911, 178.3
16.57, 1.912, 178.2
16.58, 1.913, 178.3
16.59, 1.914, 180.7
16.60, 1.915, 181.7
16.61, 1.916, 182.3
16.62, 1.917, 183.0
16.63, 1.918, 186.6
16.64, 1.919, 186.3
16.65, 1.920, 187.3
16.66, 1.921, 188.1
16.67, 1.922, 190.6
16.68, 1.923, 190.4
16.69, 1.924, 192.0
16.70, 1.925, 193.8
16.71, 1.926, 195.3
16.72, 1.927, 196.2
16.73, 1.928, 196.9
16.74, 1.929, 199.0
16.75, 1.930, 200.0
16.76, 1.931, 199.8
16.77, 1.932, 202.5
16.78, 1.933, 202.2
16.79, 1.934, 204.8
16.80, 1.935, 204.9
16.81, 1.936, 207.1
16.82, 1.937, 207.6
16.83, 1.938, 209.7
16.84, 1.939, 207.5
16.85, 1.940, 212.0
16.86, 1.941, 210.9
16.87, 1.942, 212.4
16.88, 1.943, 213.5
16.89, 1.944, 216.9
16.90, 1.945, 217.2
16.91, 1.946, 218.7
16.92, 1.947, 220.3
16.93, 1.948, 221.5
16.94, 1.949, 222.7
16.95, 1.950, 224.8
16.96, 1.951, 225.3
16.97, 1.952, 226.3
16.98, 1.953, 227.8
16.99, 1.954, 230.4
17.00, 1.955, 230.1
17.01, 1.956, 232.0
17.02, 1.957, 234.1
17.03, 1.958, 235.9
17.04, 1.959, 236.4
17.05, 1.960, 238.9
17.06, 1.961, 241.2
17.07, 1.962, 242.0
17.08, 1.963, 242.8
17.09, 1.964, 244.8
17.10, 1.965, 245.6
17.11, 1.966, 248.5
17.12, 1.967, 250.3
17.13, 1.968, 252.6
17.14, 1.969, 252.9
17.15, 1.970, 254.4
17.16, 1.971, 255.4
17.17, 1.972, 255.9
17.18, 1.973, 259.0
17.19, 1.974, 261.3
17.20, 1.975, 262.4
17.21, 1.976, 263.3
17.22, 1.977, 264.8
17.23, 1.978, 267.6
17.24, 1.979, 268.0
17.25, 1.980, 269.2
17.26, 1.981, 270.2
17.27, 1.982, 271.2
17.28, 1.983, 271.8
17.29, 1.984, 273.4
17.30, 1.985, 272.8
17.31, 1.986, 274.9
17.32, 1.987, 276.7
17.33, 1.988, 277.1
17.34, 1.989, 277.1
17.35, 1.990, 277.8
17.36, 1.991, 277.7
17.37, 1.992, 278.6
17.38, 1.993, 278.1
17.39, 1.994, 277.6
17.40, 1.995, 279.5
17.41, 1.996, 279.8
17.42, 1.997, 278.4
17.43, 1.998, 279.4
17.44, 1.999, 281.4
17.45, 2.000, 280.7
17.46, 1.999, 282.4
17.47, 1.998, 282.2
17.48, 1.997, 282.9
17.49, 1.996, 283.7
17.50, 1.995, 283.1
17.51, 1.994, 283.4
17.52, 1.993, 284.6
17.53, 1.992, 285.3
17.54, 1.991, 285.5
17.55, 1.990, 285.1
17.56, 1.989, 286.7
17.57, 1.988, 285.8
17.58, 1.987, 287.0
17.59, 1.986, 286.9
17.60, 1.985, 288.0
17.61, 1.984, 289.2
17.62, 1.983, 286.1
17.63, 1.982, 288.5
17.64, 1.981, 289.0
17.65, 1.980, 287.9
17.66, 1.979, 288.7
17.67, 1.978, 287.1
17.68, 1.977, 286.3
17.69, 1.976, 285.1
17.70, 1.975, 283.5
17.71, 1.974, 283.3
17.72, 1.973, 283.4
17.73, 1.972, 282.9
17.74, 1.971, 282.5
17.75, 1.970, 282.2
17.76, 1.969, 280.7
17.77, 1.968, 281.4
17.78, 1.967, 280.1
17.79, 1.966, 278.3
17.80, 1.965, 278.8
17.81, 1.964, 278.1
17.82, 1.963, 277.8
17.83, 1.962, 275.6
17.84, 1.961, 277.6
17.85, 1.960, 274.9
17.86, 1.959, 273.9
17.87, 1.958, 273.2
17.88, 1.957, 272.9
17.89, 1.956, 271.0
17.90, 1.955, 270.4
17.91, 1.954, 269.8
17.92, 1.953, 270.3
17.93, 1.952, 268.1
17.94, 1.951, 268.0
17.95, 1.950, 266.6
17.96, 1.949, 265.1
17.97, 1.948, 265.3
17.98, 1.947, 265.3
17.99, 1.946, 263.3
18.00, 1.945, 263.0
18.01, 1.944, 261.7
18.02, 1.943, 262.8
18.03, 1.942, 261.5
18.04, 1.941, 259.4
18.05, 1.940, 259.6
18.06, 1.939, 258.3
18.07, 1.938, 258.4
18.08, 1.937, 258.5
18.09, 1.936, 255.4
18.10, 1.935, 257.6
18.11, 1.934, 255.6
18.12, 1.933, 255.7
18.13, 1.932, 254.0
18.14, 1.931, 253.7
18.15, 1.930, 252.8
18.16, 1.929, 250.7
18.17, 1.928, 250.4
18.18, 1.927, 249.2
18.19, 1.926, 250.0
18.20, 1.925, 248.0
18.21, 1.924, 247.7
18.22, 1.923, 246.9
18.23, 1.922, 245.2
18.24, 1.921, 244.9
18.25, 1.920, 243.6
18.26, 1.919, 240.3
18.27, 1.918, 242.1
18.28, 1.917, 240.9
18.29, 1.916, 241.3
18.30, 1.915, 240.4
18.31, 1.914, 238.8
18.32, 1.913, 238.8
18.33, 1.912, 236.3
18.34, 1.911, 236.2
18.35, 1.910, 235.5
18.36, 1.909, 234.2
18.37, 1.908, 230.6
18.38, 1.907, 232.8
18.39, 1.906, 231.4
18.40, 1.905, 231.2
18.41, 1.904, 229.2
18.42, 1.903, 230.4
18.43, 1.902, 227.5
18.44, 1.901, 228.3
18.45, 1.900, 226.1
18.46, 1.899, 225.5
18.47, 1.898, 223.7
18.48, 1.897, 225.0
18.49, 1.896, 224.2
18.50, 1.895, 222.2
18.51, 1.894, 222.3
18.52, 1.893, 220.9
18.53, 1.892, 219.7
18.54, 1.891, 221.1
18.55, 1.890, 219.2
18.56, 1.889, 217.2
18.57, 1.888, 217.3
18.58, 1.887, 217.6
18.59, 1.886, 215.8
18.60, 1.885, 214.3
18.61, 1.884, 214.3
18.62, 1.883, 213.0
18.63, 1.882, 212.6
18.64, 1.881, 211.9
18.65, 1.880, 210.3
18.66, 1.879, 209.7
18.67, 1.878, 210.0
18.68, 1.877, 208.9
18.69, 1.876, 207.9
18.70, 1.875, 209.1
18.71, 1.874, 206.8
18.72, 1.873, 206.4
18.73, 1.872, 207.0
18.74, 1.871, 206.8
18.75, 1.870, 203.4
18.76, 1.869, 202.4
18.77, 1.868, 201.9
18.78, 1.867, 201.3
18.79, 1.866, 200.5
18.80, 1.865, 197.4
18.81, 1.864, 197.0
18.82, 1.863, 196.7
18.83, 1.862, 196.3
18.84, 1.861, 196.5
18.85, 1.860, 195.8
18.86, 1.859, 194.4
18.87, 1.858, 193.9
18.88, 1.857, 194.3
18.89, 1.856, 191.6
18.90, 1.855, 191.3
18.91, 1.854, 191.6
18.92, 1.853, 189.5
18.93, 1.852, 190.8
18.94, 1.851, 189.3
18.95, 1.850, 187.3
18.96, 1.849, 188.6
18.97, 1.848, 187.0
18.98, 1.847, 187.2
18.99, 1.846, 185.4
19.00, 1.845, 185.3
19.01, 1.844, 184.0
19.02, 1.843, 184.0
19.03, 1.842, 181.1
19.04, 1.841, 179.5
19.05, 1.840, 181.0
19.06, 1.839, 178.1
19.07, 1.838, 178.5
19.08, 1.837, 177.9
19.09, 1.836, 176.9
19.10, 1.835, 176.6
19.11, 1.834, 175.9
19.12, 1.833, 176.0
19.13, 1.832, 174.1
19.14, 1.831, 172.8
19.15, 1.830, 172.9
19.16, 1.829, 172.0
19.17, 1.828, 170.8
19.18, 1.827, 170.6
19.19, 1.826, 170.7
19.20, 1.825, 167.1
19.21, 1.824, 168.5
19.22, 1.823, 166.7
19.23, 1.822, 167.0
19.24, 1.821, 165.4
19.25, 1.820, 164.6
19.26, 1.819, 163.5
19.27, 1.818, 163.3
19.28, 1.817, 163.0
19.29, 1.816, 161.9
19.30, 1.815, 159.8
19.31, 1.814, 158.3
19.32, 1.813, 160.5
19.33, 1.812, 158.8
19.34, 1.811, 158.6
19.35, 1.810, 158.1
19.36, 1.809, 157.6
19.37, 1.808, 155.5
19.38, 1.807, 154.9
19.39, 1.806, 155.6
19.40, 1.805, 153.5
19.41, 1.804, 154.0
19.42, 1.803, 153.2
19.43, 1.802, 151.9
19.44, 1.801, 151.0
19.45, 1.800, 151.0
19.46, 1.799, 149.5
19.47, 1.798, 147.6
19.48, 1.797, 149.1
19.49, 1.796, 148.6
19.50, 1.795, 147.0
19.51, 1.794, 147.6
19.52, 1.793, 145.5
19.53, 1.792, 145.7
19.54, 1.791, 144.0
19.55, 1.790, 142.2
19.56, 1.789, 143.3
19.57, 1.788, 140.8
19.58, 1.787, 141.1
19.59, 1.786, 140.9
19.60, 1.785, 139.0
19.61, 1.784, 138.5
19.62, 1.783, 137.8
19.63, 1.782, 138.0
19.64, 1.781, 135.4
19.65, 1.780, 136.3
19.66, 1.779, 134.4
19.67, 1.778, 135.2
19.68, 1.777, 131.6
19.69, 1.776, 133.0
19.70, 1.775, 132.6
19.71, 1.774, 133.6
19.72, 1.773, 130.8
19.73, 1.772, 131.0
19.74, 1.771, 130.6
19.75, 1.770, 129.7
19.76, 1.769, 128.6
19.77, 1.768, 129.4
19.78, 1.767, 128.2
19.79, 1.766, 126.5
19.80, 1.765, 127.1
19.81, 1.764, 126.3
19.82, 1.763, 124.5
19.83, 1.762, 123.9
19.84, 1.761, 124.9
19.85, 1.760, 122.5
19.86, 1.759, 122.1
19.87, 1.758, 120.5
19.88, 1.757, 121.7
19.89, 1.756, 119.5
19.90, 1.755, 119.2
19.91, 1.754, 119.5
19.92, 1.753, 117.7
19.93, 1.752, 117.3
19.94, 1.751, 115.4
19.95, 1.750, 118.7
19.96, 1.749, 115.9
19.97, 1.748, 116.1
19.98, 1.747, 115.6
19.99, 1.746, 116.1
20.00, 1.745, 112.9
20.01, 1.744, 113.2
20.02, 1.743, 112.1
20.03, 1.742, 111.4
20.04, 1.741, 110.2
20.05, 1.740, 109.5
20.06, 1.739, 110.8
20.07, 1.738, 108.8
20.08, 1.737, 109.1
20.09, 1.736, 108.5
20.10, 1.735, 107.1
20.11, 1.734, 106.4
20.12, 1.733, 105.3
20.13, 1.732, 104.3
20.14, 1.731, 104.8
20.15, 1.730, 104.3
20.16, 1.729, 104.6
20.17, 1.728, 103.2
20.18, 1.727, 102.4
20.19, 1.726, 101.6
20.20, 1.725, 101.5
20.21, 1.724, 100.1
20.22, 1.723, 100.8
20.23, 1.722, 100.4
20.24, 1.721, 98.79
20.25, 1.720, 97.51
20.26, 1.719, 98.42
20.27, 1.718, 96.31
20.28, 1.717, 95.18
20.29, 1.716, 94.39
20.30, 1.715, 96.61
20.31, 1.714, 96.58
20.32, 1.713, 94.89
20.33, 1.712, 92.33
20.34, 1.711, 93.86
20.35, 1.710, 93.40
20.36, 1.709, 91.60
20.37, 1.708, 91.30
20.38, 1.707, 91.18
20.39, 1.706, 89.80
20.40, 1.705, 89.71
20.41, 1.704, 88.84
20.42, 1.703, 87.40
20.43, 1.702, 86.86
20.44, 1.701, 86.01
20.45, 1.700, 86.29
20.46, 1.699, 85.51
20.47, 1.698, 83.84
20.48, 1.697, 84.57
20.49, 1.696, 84.44
20.50, 1.695, 82.25
20.51, 1.694, 82.98
20.52, 1.693, 82.14
20.53, 1.692, 80.12
20.54, 1.691, 81.53
20.55, 1.690, 82.08
20.56, 1.689, 81.82
20.57, 1.688, 81.83
20.58, 1.687, 80.26
20.59, 1.686, 79.73
20.60, 1.685, 77.87
20.61, 1.684, 80.72
20.62, 1.683, 78.23
20.63, 1.682, 78.52
20.64, 1.681, 79.16
20.65, 1.680, 77.47
20.66, 1.679, 75.98
20.67, 1.678, 76.22
20.68, 1.677, 75.87
20.69, 1.676, 74.83
20.70, 1.675, 74.77
20.71, 1.674, 74.85
20.72, 1.673, 71.69
20.73, 1.672, 73.44
20.74, 1.671, 71.69
20.75, 1.670, 72.31
20.76, 1.669, 71.45
20.77, 1.668, 69.74
20.78, 1.667, 71.31
20.79, 1.666, 69.47
20.80, 1.665, 70.60
20.81, 1.664, 69.89
20.82, 1.663, 69.23
20.83, 1.662, 69.18
20.84, 1.661, 67.77
20.85, 1.660, 65.49
20.86, 1.659, 66.84
20.87, 1.658, 63.87
20.88, 1.657, 64.46
20.89, 1.656, 64.64
20.90, 1.655, 63.72
20.91, 1.654, 63.08
20.92, 1.653, 62.85
20.93, 1.652, 64.11
20.94, 1.651, 63.21
20.95, 1.650, 61.29
20.96, 1.649, 60.87
20.97, 1.648, 62.18
20.98, 1.647, 60.39
20.99, 1.646, 60.07
21.00, 1.645, 61.91
21.01, 1.644, 59.55
21.02, 1.643, 57.94
21.03, 1.642, 59.05
21.04, 1.641, 56.69
21.05, 1.640, 56.95
21.06, 1.639, 59.00
21.07, 1.638, 58.11
21.08, 1.637, 56.07
21.09, 1.636, 55.92
21.10, 1.635, 55.45
21.11, 1.634, 54.22
21.12, 1.633, 54.34
21.13, 1.632, 55.71
21.14, 1.631, 55.30
21.15, 1.630, 54.49
21.16, 1.629, 51.89
21.17, 1.628, 53.39
21.18, 1.627, 54.50
21.19, 1.626, 52.91
21.20, 1.625, 54.82
21.21, 1.624, 51.39
21.22, 1.623, 52.31
21.23, 1.622, 52.43
21.24, 1.621, 52.22
21.25, 1.620, 52.13
21.26, 1.619, 50.61
21.27, 1.618, 49.61
21.28, 1.617, 50.12
21.29, 1.616, 48.15
21.30, 1.615, 47.28
21.31, 1.614, 47.66
21.32, 1.613, 47.44
21.33, 1.612, 46.96
21.34, 1.611, 45.09
21.35, 1.610, 46.55
21.36, 1.609, 47.58
21.37, 1.608, 45.79
21.38, 1.607, 46.18
21.39, 1.606, 47.02
21.40, 1.605, 43.88
21.41, 1.604, 44.32
21.42, 1.603, 45.38
21.43, 1.602, 43.94
21.44, 1.601, 43.92
21.45, 1.600, 43.12
21.46, 1.599, 43.64
21.47, 1.598, 43.38
21.48, 1.597, 42.72
21.49, 1.596, 42.74
21.50, 1.595, 40.68
21.51, 1.594, 40.60
21.52, 1.593, 41.76
21.53, 1.592, 40.28
21.54, 1.591, 41.08
21.55, 1.590, 40.49
21.56, 1.589, 40.63
21.57, 1.588, 39.80
21.58, 1.587, 39.69
21.59, 1.586, 39.74
21.60, 1.585, 38.74
21.61, 1.584, 38.18
21.62, 1.583, 37.81
21.63, 1.582, 39.09
21.64, 1.581, 37.10
21.65, 1.580, 37.41
21.66, 1.579, 38.18
21.67, 1.578, 38.59
21.68, 1.577, 36.09
21.69, 1.576, 36.84
21.70, 1.575, 36.59
21.71, 1.574, 37.20
21.72, 1.573, 36.16
21.73, 1.572, 35.47
21.74, 1.571, 34.95
21.75, 1.570, 34.12
21.76, 1.569, 34.76
21.77, 1.568, 33.86
21.78, 1.567, 35.06
21.79, 1.566, 33.34
21.80, 1.565, 32.14
21.81, 1.564, 33.18
21.82, 1.563, 35.39
21.83, 1.562, 34.29
21.84, 1.561, 32.72
21.85, 1.560, 31.68
21.86, 1.559, 31.43
21.87, 1.558, 33.28
21.88, 1.557, 31.52
21.89, 1.556, 32.10
21.90, 1.555, 32.36
21.91, 1.554, 32.22
21.92, 1.553, 32.31
21.93, 1.552, 30.66
21.94, 1.551, 31.38
21.95, 1.550, 31.93
21.96, 1.549, 31.44
21.97, 1.548, 30.46
21.98, 1.547, 30.44
21.99, 1.546, 30.94
22.00, 1.545, 28.44
22.01, 1.544, 28.08
22.02, 1.543, 29.93
22.03, 1.542, 28.35
22.04, 1.541, 27.44
22.05, 1.540, 28.62
22.06, 1.539, 28.29
22.07, 1.538, 27.18
22.08, 1.537, 27.04
22.09, 1.536, 26.76
22.10, 1.535, 26.53
22.11, 1.534, 27.68
22.12, 1.533, 28.19
22.13, 1.532, 26.27
22.14, 1.531, 26.08
22.15, 1.530, 25.61
22.16, 1.529, 25.69
22.17, 1.528, 26.42
22.18, 1.527, 25.28
22.19, 1.526, 26.00
22.20, 1.525, 24.85
22.21, 1.524, 24.48
22.22, 1.523, 23.44
22.23, 1.522, 24.32
22.24, 1.521, 24.72
22.25, 1.520, 24.18
22.26, 1.519, 24.19
22.27, 1.518, 24.29
22.28, 1.517, 23.04
22.29, 1.516, 24.60
22.30, 1.515, 24.14
22.31, 1.514, 23.12
22.32, 1.513, 23.40
22.33, 1.512, 23.26
22.34, 1.511, 22.98
22.35, 1.510, 22.26
22.36, 1.509, 22.41
22.37, 1.508, 23.50
22.38, 1.507, 22.89
22.39, 1.506, 21.91
22.40, 1.505, 23.17
22.41, 1.504, 21.99
22.42, 1.503, 22.83
22.43, 1.502, 21.50
22.44, 1.501, 21.78
22.45, 1.500, 22.83
22.46, 1.499, 22.05
22.47, 1.498, 21.34
22.48, 1.497, 20.36
22.49, 1.496, 21.82
22.50, 1.495, 20.29
22.51, 1.494, 21.66
22.52, 1.493, 20.28
22.53, 1.492, 21.81
22.54, 1.491, 20.87
22.55, 1.490, 19.89
22.56, 1.489, 20.05
22.57, 1.488, 19.02
22.58, 1.487, 18.73
22.59, 1.486, 16.69
22.60, 1.485, 18.62
22.61, 1.484, 18.61
22.62, 1.483, 17.92
22.63, 1.482, 17.52
22.64, 1.481, 19.76
22.65, 1.480, 18.80
22.66, 1.479, 17.84
22.67, 1.478, 17.96
22.68, 1.477, 18.28
22.69, 1.476, 19.29
22.70, 1.475, 18.65
22.71, 1.474, 16.76
22.72, 1.473, 18.48
22.73, 1.472, 19.63
22.74, 1.471, 17.70
22.75, 1.470, 17.91
22.76, 1.469, 16.69
22.77, 1.468, 18.22
22.78, 1.467, 16.99
22.79, 1.466, 18.55
22.80, 1.465, 17.95
22.81, 1.464, 17.45
22.82, 1.463, 17.80
22.83, 1.462, 17.27
22.84, 1.461, 17.04
22.85, 1.460, 17.55
22.86, 1.459, 16.46
22.87, 1.458, 16.71
22.88, 1.457, 15.46
22.89, 1.456, 15.15
22.90, 1.455, 16.03
22.91, 1.454, 16.22
22.92, 1.453, 15.26
22.93, 1.452, 16.00
22.94, 1.451, 15.89
22.95, 1.450, 15.62
22.96, 1.449, 15.17
22.97, 1.448, 15.77
22.98, 1.447, 14.56
22.99, 1.446, 15.11
23.00, 1.445, 14.10
23.01, 1.444, 12.99
23.02, 1.443, 12.73
23.03, 1.442, 14.24
23.04, 1.441, 14.50
23.05, 1.440, 14.39
23.06, 1.439, 14.39
23.07, 1.438, 15.59
23.08, 1.437, 13.27
23.09, 1.436, 13.62
23.10, 1.435, 14.45
23.11, 1.434, 12.92
23.12, 1.433, 14.29
23.13, 1.432, 14.03
23.14, 1.431, 13.03
23.15, 1.430, 12.69
23.16, 1.429, 14.66
23.17, 1.428, 14.43
23.18, 1.427, 12.39
23.19, 1.426, 12.47
23.20, 1.425, 12.52
23.21, 1.424, 12.72
23.22, 1.423, 12.28
23.23, 1.422, 12.75
23.24, 1.421, 13.46
23.25, 1.420, 12.90
23.26, 1.419, 12.79
23.27, 1.418, 12.85
23.28, 1.417, 12.99
23.29, 1.416, 11.68
23.30, 1.415, 12.53
23.31, 1.414, 14.17
23.32, 1.413, 11.32
23.33, 1.412, 12.34
23.34, 1.411, 13.76
23.35, 1.410, 12.12
23.36, 1.409, 11.41
23.37, 1.408, 12.19
23.38, 1.407, 10.51
23.39, 1.406, 12.25
23.40, 1.405, 10.88
23.41, 1.404, 11.16
23.42, 1.403, 10.84
23.43, 1.402, 10.27
23.44, 1.401, 11.58
23.45, 1.400, 11.74
23.46, 1.399, 10.06
23.47, 1.398, 12.32
23.48, 1.397, 10.70
23.49, 1.396, 9.664
23.50, 1.395, 11.40
23.51, 1.394, 10.66
23.52, 1.393, 9.227
23.53, 1.392, 11.28
23.54, 1.391, 10.35
23.55, 1.390, 10.27
23.56, 1.389, 10.29
23.57, 1.388, 9.371
23.58, 1.387, 10.74
23.59, 1.386, 10.15
23.60, 1.385, 9.572
23.61, 1.384, 9.337
23.62, 1.383, 10.13
23.63, 1.382, 10.34
23.64, 1.381, 9.751
23.65, 1.380, 9.712
23.66, 1.379, 10.83
23.67, 1.378, 9.057
23.68, 1.377, 9.497
23.69, 1.376, 10.29
23.70, 1.375, 9.538
23.71, 1.374, 9.685
23.72, 1.373, 11.14
23.73, 1.372, 9.662
23.74, 1.371, 10.96
23.75, 1.370, 9.195
23.76, 1.369, 10.21
23.77, 1.368, 9.285
23.78, 1.367, 9.834
23.79, 1.366, 9.974
23.80, 1.365, 7.701
23.81, 1.364, 7.905
23.82, 1.363, 7.716
23.83, 1.362, 7.729
23.84, 1.361, 8.020
23.85, 1.360, 7.787
23.86, 1.359, 7.673
23.87, 1.358, 8.611
23.88, 1.357, 7.457
23.89, 1.356, 8.980
23.90, 1.355, 8.032
23.91, 1.354, 8.533
23.92, 1.353, 5.774
23.93, 1.352, 9.603
23.94, 1.351, 9.322
23.95, 1.350, 8.919
23.96, 1.349, 9.031
23.97, 1.348, 8.280
23.98, 1.347, 7.706
23.99, 1.346, 8.761
24.00, 1.345, 8.501
24.01, 1.344, 9.534
24.02, 1.343, 8.284
24.03, 1.342, 8.565
24.04, 1.341, 8.292
24.05, 1.340, 8.264
24.06, 1.339, 7.365
24.07, 1.338, 8.383
24.08, 1.337, 8.326
24.09, 1.336, 8.347
24.10, 1.335, 7.584
24.11, 1.334, 8.055
24.12, 1.333, 7.551
24.13, 1.332, 7.039
24.14, 1.331, 7.601
24.15, 1.330, 7.285
24.16, 1.329, 7.746
24.17, 1.328, 8.795
24.18, 1.327, 5.929
24.19, 1.326, 7.934
24.20, 1.325, 7.749
24.21, 1.324, 7.030
24.22, 1.323, 7.397
24.23, 1.322, 6.597
24.24, 1.321, 7.952
24.25, 1.320, 7.050
24.26, 1.319, 8.870
24.27, 1.318, 6.604
24.28, 1.317, 7.777
24.29, 1.316, 6.115
24.30, 1.315, 6.843
24.31, 1.314, 7.240
24.32, 1.313, 8.867
24.33, 1.312, 5.562
24.34, 1.311, 7.102
24.35, 1.310, 6.918
24.36, 1.309, 5.453
24.37, 1.308, 6.149
24.38, 1.307, 7.011
24.39, 1.306, 7.711
24.40, 1.305, 7.194
24.41, 1.304, 6.782
24.42, 1.303, 6.189
24.43, 1.302, 6.332
24.44, 1.301, 6.852
24.45, 1.300, 5.995
24.46, 1.299, 5.446
24.47, 1.298, 4.797
24.48, 1.297, 6.772
24.49, 1.296, 6.554
24.50, 1.295, 5.537
24.51, 1.294, 6.779
24.52, 1.293, 7.406
24.53, 1.292, 6.170
24.54, 1.291, 5.889
24.55, 1.290, 7.564
24.56, 1.289, 6.413
24.57, 1.288, 6.782
24.58, 1.287, 5.904
24.59, 1.286, 6.215
24.60, 1.285, 5.910
24.61, 1.284, 5.276
24.62, 1.283, 7.110
24.63, 1.282, 5.915
24.64, 1.281, 5.506
24.65, 1.280, 4.713
24.66, 1.279, 5.360
24.67, 1.278, 4.825
24.68, 1.277, 5.276
24.69, 1.276, 4.328
24.70, 1.275, 3.766
24.71, 1.274, 3.694
24.72, 1.273, 3.079
24.73, 1.272, 6.165
24.74, 1.271, 4.925
24.75, 1.270, 5.018
24.76, 1.269, 4.649
24.77, 1.268, 4.582
24.78, 1.267, 4.301
24.79, 1.266, 4.446
24.80, 1.265, 4.469
24.81, 1.264, 5.552
24.82, 1.263, 5.634
24.83, 1.262, 4.455
24.84, 1.261, 6.212
24.85, 1.260, 6.102
24.86, 1.259, 3.489
24.87, 1.258, 4.089
24.88, 1.257, 4.901
24.89, 1.256, 2.907
24.90, 1.255, 4.179
24.91, 1.254, 4.008
24.92, 1.253, 6.206
24.93, 1.252, 4.069
24.94, 1.251, 3.851
24.95, 1.250, 5.123
24.96, 1.249, 6.372
24.97, 1.248, 2.775
24.98, 1.247, 4.094
24.99, 1.246, 5.299
25.00, 1.245, 5.162
25.01, 1.244, 2.994
25.02, 1.243, 5.740
25.03, 1.242, 6.155
25.04, 1.241, 3.934
25.05, 1.240, 2.705
25.06, 1.239, 3.108
25.07, 1.238, 5.939
25.08, 1.237, 5.799
25.09, 1.236, 2.904
25.10, 1.235, 4.470
25.11, 1.234, 3.763
25.12, 1.233, 2.935
25.13, 1.232, 2.763
25.14, 1.231, 1.547
25.15, 1.230, 4.098
25.16, 1.229, 3.492
25.17, 1.228, 3.970
25.18, 1.227, 2.917
25.19, 1.226, 2.836
25.20, 1.225, 2.293
25.21, 1.224, 2.138
25.22, 1.223, 2.162
25.23, 1.222, 1.416
25.24, 1.221, 3.847
25.25, 1.220, 2.754
25.26, 1.219, 3.906
25.27, 1.218, 3.054
25.28, 1.217, 3.356
25.29, 1.216, 2.948
25.30, 1.215, 4.334
25.31, 1.214, 1.424
25.32, 1.213, 2.453
25.33, 1.212, 3.742
25.34, 1.211, 2.716
25.35, 1.210, 2.109
25.36, 1.209, 3.594
25.37, 1.208, 4.102
25.38, 1.207, 2.304
25.39, 1.206, 3.294
25.40, 1.205, 2.257
25.41, 1.204, 1.637
25.42, 1.203, 0.6782
25.43, 1.202, 1.912
25.44, 1.201, 2.098
25.45, 1.200, 2.787
25.46, 1.199, 3.322
25.47, 1.198, 2.431
25.48, 1.197, 0.8989
25.49, 1.196, 2.004
25.50, 1.195, 1.347
25.51, 1.194, 2.089
25.52, 1.193, 0.9736
25.53, 1.192, 0.5376
25.54, 1.191, 1.469
25.55, 1.190, 1.929
25.56, 1.189, 0.4311
25.57, 1.188, 2.563
25.58, 1.187, 2.132
25.59, 1.186, -0.4846
25.60, 1.185, 0.5295
25.61, 1.184, 1.190
25.62, 1.183, 2.965
25.63, 1.182, 1.717
25.64, 1.181, 0.7212
25.65, 1.180, 2.940
25.66, 1.179, 1.549
25.67, 1.178, 0.9505
25.68, 1.177, 1.637
25.69, 1.176, 3.661
25.70, 1.175, 1.500
25.71, 1.174, -0.5433
25.72, 1.173, 2.363
25.73, 1.172, 1.772
25.74, 1.171, 3.108
25.75, 1.170, -0.2372
25.76, 1.169, 3.022
25.77, 1.168, 3.426
25.78, 1.167, 1.331
25.79, 1.166, 2.115
25.80, 1.165, 1.992
25.81, 1.164, 2.342
25.82, 1.163, 1.225
25.83, 1.162, 0.3416
25.84, 1.161, 1.766
25.85, 1.160, 2.170
25.86, 1.159, 1.741
25.87, 1.158, 2.619
25.88, 1.157, 0.3920
25.89, 1.156, 1.725
25.90, 1.155, 2.236
25.91, 1.154, -2.787
25.92, 1.153, -1.673
25.93, 1.152, 0.6670
25.94, 1.151, 0.1993
25.95, 1.150, -0.4188
25.96, 1.149, 1.484
25.97, 1.148, 0.08810
25.98, 1.147, -1.064
25.99, 1.146, 0.2693
26.00, 1.145, 2.434
26.01, 1.144, 0.2810
26.02, 1.143, -0.03063
26.03, 1.142, 0.6132
26.04, 1.141, 0.4207
26.05, 1.140, -1.602
26.06, 1.139, 0.6812
26.07, 1.138, 0.7523
26.08, 1.137, 0.7264
26.09, 1.136, 2.381
26.10, 1.135, -1.089
26.11, 1.134, -0.1951
26.12, 1.133, 0.5242
26.13, 1.132, 0.2498
26.14, 1.131, 1.365
26.15, 1.130, 1.036
26.16, 1.129, 0.3009
26.17, 1.128, -1.673
26.18, 1.127, -1.198
26.19, 1.126, -1.833
26.20, 1.125, 0.5050
26.21, 1.124, 0.3675
26.22, 1.123, 1.812
26.23, 1.122, 0.07986
26.24, 1.121, -1.289
26.25, 1.120, -0.5628
26.26, 1.119, -0.4777
26.27, 1.118, 0.9852
26.28, 1.117, -0.7022
26.29, 1.116, -0.6525
26.30, 1.115, -0.8242
26.31, 1.114, -1.086
26.32, 1.113, -2.133
26.33, 1.112, -0.2134
26.34, 1.111, -1.688
26.35, 1.110, 0.08443
26.36, 1.109, -0.7660
26.37, 1.108, -1.434
26.38, 1.107, -2.301
26.39, 1.106, -1.533
26.40, 1.105, -2.210
26.41, 1.104, -1.897
26.42, 1.103, -1.594
26.43, 1.102, -1.035
26.44, 1.101, -0.6741
26.45, 1.100, -1.507
26.46, 1.099, -1.833
26.47, 1.098, -1.478
26.48, 1.097, -0.9297
26.49, 1.096, -1.316
26.50, 1.095, -0.5823
26.51, 1.094, -0.7021
26.52, 1.093, -1.594
26.53, 1.092, -2.579
26.54, 1.091, -3.219
26.55, 1.090, -2.585
26.56, 1.089, -2.100
26.57, 1.088, -2.249
26.58, 1.087, -1.051
26.59, 1.086, -1.848
26.60, 1.085, -1.379
26.61, 1.084, -1.521
26.62, 1.083, -0.7401
26.63, 1.082, -1.230
26.64, 1.081, -2.108
26.65, 1.080, -2.574
26.66, 1.079, -1.653
26.67, 1.078, -1.028
26.68, 1.077, -1.129
26.69, 1.076, -1.608
26.70, 1.075, -0.3700
26.71, 1.074, 0.01582
26.72, 1.073, -0.4305
26.73, 1.072, -1.464
26.74, 1.071, -1.103
26.75, 1.070, -2.251
26.76, 1.069, -2.852
26.77, 1.068, -2.089
26.78, 1.067, -2.787
26.79, 1.066, -3.120
26.80, 1.065, -1.971
26.81, 1.064, -1.346
26.82, 1.063, -1.715
26.83, 1.062, -3.150
26.84, 1.061, -2.493
26.85, 1.060, -2.355
26.86, 1.059, -3.180
26.87, 1.058, -2.726
26.88, 1.057, -2.239
26.89, 1.056, -0.1791
26.90, 1.055, -2.753
26.91, 1.054, -1.010
26.92, 1.053, -0.9796
26.93, 1.052, -1.055
26.94, 1.051, -0.7782
26.95, 1.050, -2.876
26.96, 1.049, -1.302
26.97, 1.048, -1.635
26.98, 1.047, -1.011
26.99, 1.046, -1.660
27.00, 1.045, -0.6821
27.01, 1.044, -1.863
27.02, 1.043, -0.2042
27.03, 1.042, -0.8216
27.04, 1.041, -1.185
27.05, 1.040, -1.032
27.06, 1.039, -0.8166
27.07, 1.038, -0.5877
27.08, 1.037, -0.3517
27.09, 1.036, -0.5405
27.10, 1.035, -2.326
27.11, 1.034, -0.7260
27.12, 1.033, -0.6398
27.13, 1.032, -1.182
27.14, 1.031, -1.731
27.15, 1.030, -1.491
27.16, 1.029, -1.884
27.17, 1.028, -2.494
27.18, 1.027, -2.535
27.19, 1.026, -1.790
27.20, 1.025, -3.957
27.21, 1.024, -3.251
27.22, 1.023, -2.781
27.23, 1.022, -3.758
27.24, 1.021, -2.071
27.25, 1.020, -2.246
27.26, 1.019, -1.825
27.27, 1.018, -1.928
27.28, 1.017, -3.648
27.29, 1.016, -2.946
27.30, 1.015, -2.063
27.31, 1.014, -2.357
27.32, 1.013, -2.974
27.33, 1.012, -2.256
27.34, 1.011, -3.652
27.35, 1.010, -2.290
27.36, 1.009, -1.404
27.37, 1.008, -2.691
27.38, 1.007, -2.784
27.39, 1.006, -1.179
27.40, 1.005, -3.500
27.41, 1.004, -1.327
27.42, 1.003, -0.2786
27.43, 1.002, -1.782
27.44, 1.001, -0.8783
27.45, 1.000, -1.467
27.46, 0.9990, -2.358
27.47, 0.9980, -1.356
27.48, 0.9970, -1.784
27.49, 0.9960, -2.667
27.50, 0.9950, -0.7368
27.51, 0.9940, -1.120
27.52, 0.9930, -1.474
27.53, 0.9920, -0.6433
27.54, 0.9910, -2.492
27.55, 0.9900, -0.9292
27.56, 0.9890, -1.029
27.57, 0.9880, -1.174
27.58, 0.9870, -0.8293
27.59, 0.9860, -1.904
27.60, 0.9850, -1.144
27.61, 0.9840, -1.725
27.62, 0.9830, -2.687
27.63, 0.9820, -1.909
27.64, 0.9810, -2.368
27.65, 0.9800, -2.224
27.66, 0.9790, -1.175
27.67, 0.9780, -2.628
27.68, 0.9770, -3.030
27.69, 0.9760, -1.587
27.70, 0.9750, -3.110
27.71, 0.9740, -2.460
27.72, 0.9730, -2.140
27.73, 0.9720, -1.091
27.74, 0.9710, -1.155
27.75, 0.9700, -4.120
27.76, 0.9690, -2.944
27.77, 0.9680, -2.585
27.78, 0.9670, -2.268
27.79, 0.9660, -2.643
27.80, 0.9650, -1.270
27.81, 0.9640, -2.074
27.82, 0.9630, -2.117
27.83, 0.9620, -1.922
27.84, 0.9610, -2.910
27.85, 0.9600, -1.211
27.86, 0.9590, -1.844
27.87, 0.9580, -2.534
27.88, 0.9570, -1.464
27.89, 0.9560, -2.779
27.90, 0.9550, -1.965
27.91, 0.9540, -2.750
27.92, 0.9530, -2.465
27.93, 0.9520, -2.974
27.94, 0.9510, -0.7839
27.95, 0.9500, -1.723
27.96, 0.9490, -2.921
27.97, 0.9480, -2.533
27.98, 0.9470, -2.182
27.99, 0.9460, -2.569
28.00, 0.9450, -2.395
28.01, 0.9440, -3.057
28.02, 0.9430, -3.429
28.03, 0.9420, -2.116
28.04, 0.9410, -1.919
28.05, 0.9400, -3.569
28.06, 0.9390, -2.193
28.07, 0.9380, -2.510
28.08, 0.9370, -3.059
28.09, 0.9360, -2.603
28.10, 0.9350, -3.450
28.11, 0.9340, -2.657
28.12, 0.9330, -2.604
28.13, 0.9320, -4.787
28.14, 0.9310, -2.692
28.15, 0.9300, -2.310
28.16, 0.9290, -1.121
28.17, 0.9280, -2.244
28.18, 0.9270, -2.768
28.19, 0.9260, -1.583
28.20, 0.9250, -1.588
28.21, 0.9240, -4.190
28.22, 0.9230, -1.496
28.23, 0.9220, -2.619
28.24, 0.9210, -2.672
28.25, 0.9200, -2.284
28.26, 0.9190, -2.152
28.27, 0.9180, -2.101
28.28, 0.9170, -1.818
28.29, 0.9160, -2.656
28.30, 0.9150, -2.685
28.31, 0.9140, -1.542
28.32, 0.9130, -2.188
28.33, 0.9120, -3.907
28.34, 0.9110, -3.150
28.35, 0.9100, -3.593
28.36, 0.9090, -3.140
28.37, 0.9080, -2.343
28.38, 0.9070, -1.192
28.39, 0.9060, -2.110
28.40, 0.9050, -3.463
28.41, 0.9040, -2.305
28.42, 0.9030, -2.797
28.43, 0.9020, -2.518
28.44, 0.9010, -4.321
28.45, 0.9000, -3.760
28.46, 0.8990, -2.814
28.47, 0.8980, -4.794
28.48, 0.8970, -3.898
28.49, 0.8960, -3.014
28.50, 0.8950, -2.759
28.51, 0.8940, -3.436
28.52, 0.8930, -2.529
28.53, 0.8920, -2.943
28.54, 0.8910, -3.244
28.55, 0.8900, -2.996
28.56, 0.8890, -2.213
28.57, 0.8880, -4.813
28.58, 0.8870, -4.511
28.59, 0.8860, -3.385
28.60, 0.8850, -4.526
28.61, 0.8840, -3.049
28.62, 0.8830, -1.674
28.63, 0.8820, -3.540
28.64, 0.8810, -2.667
28.65, 0.8800, -3.452
28.66, 0.8790, -3.415
28.67, 0.8780, -3.661
28.68, 0.8770, -4.114
28.69, 0.8760, -4.047
28.70, 0.8750, -2.959
28.71, 0.8740, -3.385
28.72, 0.8730, -3.714
28.73, 0.8720, -2.234
28.74, 0.8710, -3.411
28.75, 0.8700, -3.545
28.76, 0.8690, -3.267
28.77, 0.8680, -3.343
28.78, 0.8670, -4.061
28.79, 0.8660, -3.498
28.80, 0.8650, -2.181
28.81, 0.8640, -3.465
28.82, 0.8630, -2.878
28.83, 0.8620, -3.028
28.84, 0.8610, -4.049
28.85, 0.8600, -2.444
28.86, 0.8590, -3.625
28.87, 0.8580, -5.313
28.88, 0.8570, -3.714
28.89, 0.8560, -2.699
28.90, 0.8550, -4.610
28.91, 0.8540, -3.631
28.92, 0.8530, -3.783
28.93, 0.8520, -4.823
28.94, 0.8510, -5.921
28.95, 0.8500, -3.826
28.96, 0.8490, -3.465
28.97, 0.8480, -5.504
28.98, 0.8470, -4.471
28.99, 0.8460, -4.585
29.00, 0.8450, -4.187
29.01, 0.8440, -4.251
29.02, 0.8430, -3.206
29.03, 0.8420, -4.123
29.04, 0.8410, -4.047
29.05, 0.8400, -3.573
29.06, 0.8390, -3.917
29.07, 0.8380, -4.553
29.08, 0.8370, -4.222
29.09, 0.8360, -2.766
29.10, 0.8350, -2.845
29.11, 0.8340, -3.226
29.12, 0.8330, -2.583
29.13, 0.8320, -3.652
29.14, 0.8310, -4.598
29.15, 0.8300, -3.563
29.16, 0.8290, -2.658
29.17, 0.8280, -3.761
29.18, 0.8270, -5.516
29.19, 0.8260, -4.208
29.20, 0.8250, -3.666
29.21, 0.8240, -5.051
29.22, 0.8230, -3.000
29.23, 0.8220, -3.827
29.24, 0.8210, -4.004
29.25, 0.8200, -3.157
29.26, 0.8190, -2.484
29.27, 0.8180, -4.643
29.28, 0.8170, -5.083
29.29, 0.8160, -4.737
29.30, 0.8150, -3.944
29.31, 0.8140, -4.624
29.32, 0.8130, -3.426
29.33, 0.8120, -4.037
29.34, 0.8110, -4.628
29.35, 0.8100, -4.543
29.36, 0.8090, -4.646
29.37, 0.8080, -4.136
29.38, 0.8070, -4.023
29.39, 0.8060, -4.171
29.40, 0.8050, -4.692
29.41, 0.8040, -3.454
29.42, 0.8030, -3.338
29.43, 0.8020, -3.793
29.44, 0.8010, -4.112
29.45, 0.8000, -3.939
29.46, 0.7990, -4.384
29.47, 0.7980, -4.572
29.48, 0.7970, -3.526
29.49, 0.7960, -2.826
29.50, 0.7950, -1.825
29.51, 0.7940, -4.579
29.52, 0.7930, -2.380
29.53, 0.7920, -4.542
29.54, 0.7910, -2.479
29.55, 0.7900, -2.672
29.56, 0.7890, -3.440
29.57, 0.7880, -3.770
29.58, 0.7870, -4.148
29.59, 0.7860, -2.469
29.60, 0.7850, -3.676
29.61, 0.7840, -4.012
29.62, 0.7830, -3.597
29.63, 0.7820, -3.295
29.64, 0.7810, -3.847
29.65, 0.7800, -4.987
29.66, 0.7790, -4.532
29.67, 0.7780, -5.090
29.68, 0.7770, -3.112
29.69, 0.7760, -3.471
29.70, 0.7750, -3.814
29.71, 0.7740, -5.516
29.72, 0.7730, -4.201
29.73, 0.7720, -5.381
29.74, 0.7710, -4.070
29.75, 0.7700, -5.163
29.76, 0.7690, -5.044
29.77, 0.7680, -4.049
29.78, 0.7670, -3.248
29.79, 0.7660, -3.726
29.80, 0.7650, -3.605
29.81, 0.7640, -3.982
29.82, 0.7630, -2.825
29.83, 0.7620, -4.586
29.84, 0.7610, -4.351
29.85, 0.7600, -2.823
29.86, 0.7590, -5.164
29.87, 0.7580, -5.079
29.88, 0.7570, -4.136
29.89, 0.7560, -4.224
29.90, 0.7550, -4.245
29.91, 0.7540, -3.858
29.92, 0.7530, -4.352
29.93, 0.7520, -5.125
29.94, 0.7510, -4.056
29.95, 0.7500, -3.557
29.96, 0.7490, -4.244
29.97, 0.7480, -3.866
29.98, 0.7470, -2.876
29.99, 0.7460, -5.467
30.00, 0.7450, -3.860
30.01, 0.7440, -4.036
30.02, 0.7430, -3.958
30.03, 0.7420, -7.322
30.04, 0.7410, -3.258
30.05, 0.7400, -4.099
30.06, 0.7390, -4.943
30.07, 0.7380, -3.116
30.08, 0.7370, -4.069
30.09, 0.7360, -4.338
30.10, 0.7350, -3.576
30.11, 0.7340, -4.483
30.12, 0.7330, -4.426
30.13, 0.7320, -4.827
30.14, 0.7310, -5.618
30.15, 0.7300, -3.071
30.16, 0.7290, -4.008
30.17, 0.7280, -4.923
30.18, 0.7270, -5.362
30.19, 0.7260, -3.302
30.20, 0.7250, -5.281
30.21, 0.7240, -5.628
30.22, 0.7230, -2.900
30.23, 0.7220, -3.521
30.24, 0.7210, -5.016
30.25, 0.7200, -3.265
30.26, 0.7190, -5.462
30.27, 0.7180, -5.250
30.28, 0.7170, -4.239
30.29, 0.7160, -4.996
30.30, 0.7150, -3.836
30.31, 0.7140, -3.681
30.32, 0.7130, -4.222
30.33, 0.7120, -4.489
30.34, 0.7110, -4.177
30.35, 0.7100, -5.451
30.36, 0.7090, -5.515
30.37, 0.7080, -4.038
30.38, 0.7070, -5.884
30.39, 0.7060, -5.070
30.40, 0.7050, -4.386
30.41, 0.7040, -5.257
30.42, 0.7030, -5.491
30.43, 0.7020, -3.496
30.44, 0.7010, -4.012
30.45, 0.7000, -3.940
30.46, 0.6990, -4.348
30.47, 0.6980, -4.460
30.48, 0.6970, -3.576
30.49, 0.6960, -3.762
30.50, 0.6950, -5.056
30.51, 0.6940, -4.761
30.52, 0.6930, -4.824
30.53, 0.6920, -5.420
30.54, 0.6910, -4.871
30.55, 0.6900, -4.124
30.56, 0.6890, -5.998
30.57, 0.6880, -3.913
30.58, 0.6870, -6.315
30.59, 0.6860, -5.454
30.60, 0.6850, -4.288
30.61, 0.6840, -4.338
30.62, 0.6830, -5.599
30.63, 0.6820, -6.311
30.64, 0.6810, -3.550
30.65, 0.6800, -3.686
30.66, 0.6790, -3.768
30.67, 0.6780, -3.794
30.68, 0.6770, -3.997
30.69, 0.6760, -4.362
30.70, 0.6750, -4.722
30.71, 0.6740, -3.019
30.72, 0.6730, -3.583
30.73, 0.6720, -3.089
30.74, 0.6710, -4.420
30.75, 0.6700, -5.151
30.76, 0.6690, -4.127
30.77, 0.6680, -3.660
30.78, 0.6670, -4.181
30.79, 0.6660, -4.565
30.80, 0.6650, -4.708
30.81, 0.6640, -4.339
30.82, 0.6630, -5.649
30.83, 0.6620, -4.471
30.84, 0.6610, -3.416
30.85, 0.6600, -5.312
30.86, 0.6590, -4.766
30.87, 0.6580, -3.917
30.88, 0.6570, -4.278
30.89, 0.6560, -4.516
30.90, 0.6550, -5.351
30.91, 0.6540, -4.572
30.92, 0.6530, -4.747
30.93, 0.6520, -3.578
30.94, 0.6510, -4.591
30.95, 0.6500, -4.537
30.96, 0.6490, -4.522
30.97, 0.6480, -3.638
30.98, 0.6470, -5.149
30.99, 0.6460, -5.148
31.00, 0.6450, -4.775
31.01, 0.6440, -4.819
31.02, 0.6430, -5.084
31.03, 0.6420, -5.361
31.04, 0.6410, -4.142
31.05, 0.6400, -5.527
31.06, 0.6390, -5.606
31.07, 0.6380, -4.673
31.08, 0.6370, -4.235
31.09, 0.6360, -5.706
31.10, 0.6350, -6.557
31.11, 0.6340, -4.057
31.12, 0.6330, -4.073
31.13, 0.6320, -5.034
31.14, 0.6310, -3.347
31.15, 0.6300, -3.891
31.16, 0.6290, -3.287
31.17, 0.6280, -4.449
31.18, 0.6270, -5.352
31.19, 0.6260, -3.882
31.20, 0.6250, -3.396
31.21, 0.6240, -3.533
31.22, 0.6230, -4.108
31.23, 0.6220, -4.194
31.24, 0.6210, -3.423
31.25, 0.6200, -4.124
31.26, 0.6190, -4.337
31.27, 0.6180, -3.962
31.28, 0.6170, -6.159
31.29, 0.6160, -3.325
31.30, 0.6150, -3.094
31.31, 0.6140, -3.706
31.32, 0.6130, -4.738
31.33, 0.6120, -4.921
31.34, 0.6110, -3.228
31.35, 0.6100, -5.621
31.36, 0.6090, -2.969
31.37, 0.6080, -4.871
31.38, 0.6070, -6.142
31.39, 0.6060, -4.203
31.40, 0.6050, -4.938
31.41, 0.6040, -4.545
31.42, 0.6030, -4.503
31.43, 0.6020, -4.268
31.44, 0.6010, -4.824
31.45, 0.6000, -6.745
31.46, 0.5990, -4.589
31.47, 0.5980, -4.078
31.48, 0.5970, -5.400
31.49, 0.5960, -4.385
31.50, 0.5950, -4.779
31.51, 0.5940, -4.180
31.52, 0.5930, -5.566
31.53, 0.5920, -5.407
31.54, 0.5910, -6.409
31.55, 0.5900, -6.358
31.56, 0.5890, -3.496
31.57, 0.5880, -5.733
31.58, 0.5870, -4.004
31.59, 0.5860, -4.041
31.60, 0.5850, -4.946
31.61, 0.5840, -5.687
31.62, 0.5830, -5.894
31.63, 0.5820, -4.084
31.64, 0.5810, -4.758
31.65, 0.5800, -4.939
31.66, 0.5790, -5.073
31.67, 0.5780, -4.835
31.68, 0.5770, -5.126
31.69, 0.5760, -4.140
31.70, 0.5750, -4.514
31.71, 0.5740, -5.076
31.72, 0.5730, -3.470
31.73, 0.5720, -4.988
31.74, 0.5710, -5.316
31.75, 0.5700, -3.813
31.76, 0.5690, -4.696
31.77, 0.5680, -4.442
31.78, 0.5670, -4.768
31.79, 0.5660, -5.934
31.80, 0.5650, -5.781
31.81, 0.5640, -5.340
31.82, 0.5630, -5.499
31.83, 0.5620, -6.138
31.84, 0.5610, -5.450
31.85, 0.5600, -4.994
31.86, 0.5590, -6.302
31.87, 0.5580, -4.233
31.88, 0.5570, -4.830
31.89, 0.5560, -5.170
31.90, 0.5550, -5.460
31.91, 0.5540, -5.303
31.92, 0.5530, -4.796
31.93, 0.5520, -5.401
31.94, 0.5510, -4.362
31.95, 0.5500, -3.934
31.96, 0.5490, -5.560
31.97, 0.5480, -5.201
31.98, 0.5470, -6.372
31.99, 0.5460, -5.268
32.00, 0.5450, -4.970
32.01, 0.5440, -6.765
32.02, 0.5430, -5.658
32.03, 0.5420, -6.088
32.04, 0.5410, -4.878
32.05, 0.5400, -4.730
32.06, 0.5390, -4.804
32.07, 0.5380, -5.789
32.08, 0.5370, -3.707
32.09, 0.5360, -3.358
32.10, 0.5350, -5.610
32.11, 0.5340, -4.120
32.12, 0.5330, -4.736
32.13, 0.5320, -4.113
32.14, 0.5310, -4.757
32.15, 0.5300, -4.940
32.16, 0.5290, -4.347
32.17, 0.5280, -3.779
32.18, 0.5270, -4.824
32.19, 0.5260, -4.581
32.20, 0.5250, -4.548
32.21, 0.5240, -5.136
32.22, 0.5230, -4.733
32.23, 0.5220, -5.908
32.24, 0.5210, -5.090
32.25, 0.5200, -4.723
32.26, 0.5190, -5.469
32.27, 0.5180, -5.968
32.28, 0.5170, -4.089
32.29, 0.5160, -5.537
32.30, 0.5150, -5.400
32.31, 0.5140, -6.731
32.32, 0.5130, -5.098
32.33, 0.5120, -5.646
32.34, 0.5110, -6.557
32.35, 0.5100, -5.064
32.36, 0.5090, -6.624
32.37, 0.5080, -4.895
32.38, 0.5070, -4.476
32.39, 0.5060, -4.466
32.40, 0.5050, -6.766
32.41, 0.5040, -3.514
32.42, 0.5030, -4.850
32.43, 0.5020, -5.875
32.44, 0.5010, -7.049
32.45, 0.5000, -5.885
32.46, 0.4990, -5.107
32.47, 0.4980, -5.498
32.48, 0.4970, -4.825
32.49, 0.4960, -6.154
32.50, 0.4950, -4.572
32.51, 0.4940, -4.916
32.52, 0.4930, -7.460
32.53, 0.4920, -4.952
32.54, 0.4910, -4.768
32.55, 0.4900, -5.340
32.56, 0.4890, -5.427
32.57, 0.4880, -5.247
32.58, 0.4870, -5.936
32.59, 0.4860, -7.704
32.60, 0.4850, -5.518
32.61, 0.4840, -4.825
32.62, 0.4830, -4.065
32.63, 0.4820, -7.152
32.64, 0.4810, -7.099
32.65, 0.4800, -5.355
32.66, 0.4790, -6.005
32.67, 0.4780, -5.336
32.68, 0.4770, -5.827
32.69, 0.4760, -6.453
32.70, 0.4750, -5.365
32.71, 0.4740, -6.185
32.72, 0.4730, -6.430
32.73, 0.4720, -6.541
32.74, 0.4710, -6.523
32.75, 0.4700, -5.424
32.76, 0.4690, -7.410
32.77, 0.4680, -6.136
32.78, 0.4670, -4.578
32.79, 0.4660, -6.371
32.80, 0.4650, -7.025
32.81, 0.4640, -6.660
32.82, 0.4630, -6.408
32.83, 0.4620, -5.349
32.84, 0.4610, -6.488
32.85, 0.4600, -5.453
32.86, 0.4590, -4.943
32.87, 0.4580, -5.788
32.88, 0.4570, -7.325
32.89, 0.4560, -6.896
32.90, 0.4550, -4.699
32.91, 0.4540, -8.060
32.92, 0.4530, -6.202
32.93, 0.4520, -6.349
32.94, 0.4510, -5.203
32.95, 0.4500, -5.865
32.96, 0.4490, -5.048
32.97, 0.4480, -4.853
32.98, 0.4470, -5.899
32.99, 0.4460, -6.275
33.00, 0.4450, -4.940
33.01, 0.4440, -4.819
33.02, 0.4430, -4.753
33.03, 0.4420, -5.418
33.04, 0.4410, -5.849
33.05, 0.4400, -6.252
33.06, 0.4390, -5.438
33.07, 0.4380, -5.711
33.08, 0.4370, -5.587
33.09, 0.4360, -7.428
33.10, 0.4350, -6.363
33.11, 0.4340, -5.959
33.12, 0.4330, -7.087
33.13, 0.4320, -6.355
33.14, 0.4310, -5.556
33.15, 0.4300, -5.229
33.16, 0.4290, -7.525
33.17, 0.4280, -5.223
33.18, 0.4270, -5.263
33.19, 0.4260, -6.459
33.20, 0.4250, -5.622
33.21, 0.4240, -7.179
33.22, 0.4230, -6.424
33.23, 0.4220, -7.382
33.24, 0.4210, -5.387
33.25, 0.4200, -6.216
33.26, 0.4190, -5.213
33.27, 0.4180, -4.020
33.28, 0.4170, -6.819
33.29, 0.4160, -5.936
33.30, 0.4150, -6.039
33.31, 0.4140, -5.407
33.32, 0.4130, -6.473
33.33, 0.4120, -5.162
33.34, 0.4110, -5.460
33.35, 0.4100, -5.564
33.36, 0.4090, -6.103
33.37, 0.4080, -6.906
33.38, 0.4070, -4.352
33.39, 0.4060, -5.100
33.40, 0.4050, -5.889
33.41, 0.4040, -5.563
33.42, 0.4030, -6.129
33.43, 0.4020, -5.067
33.44, 0.4010, -5.417
33.45, 0.4000, -5.383
33.46, 0.3990, -5.443
33.47, 0.3980, -4.378
33.48, 0.3970, -6.116
33.49, 0.3960, -4.910
33.50, 0.3950, -5.277
33.51, 0.3940, -5.137
33.52, 0.3930, -4.532
33.53, 0.3920, -5.539
33.54, 0.3910, -6.285
33.55, 0.3900, -6.845
33.56, 0.3890, -5.582
33.57, 0.3880, -4.852
33.58, 0.3870, -6.131
33.59, 0.3860, -6.746
33.60, 0.3850, -7.656
33.61, 0.3840, -5.791
33.62, 0.3830, -5.707
33.63, 0.3820, -5.444
33.64, 0.3810, -5.767
33.65, 0.3800, -4.593
33.66, 0.3790, -6.387
33.67, 0.3780, -7.567
33.68, 0.3770, -4.594
33.69, 0.3760, -4.340
33.70, 0.3750, -7.026
33.71, 0.3740, -5.968
33.72, 0.3730, -5.690
33.73, 0.3720, -7.429
33.74, 0.3710, -6.357
33.75, 0.3700, -6.744
33.76, 0.3690, -6.793
33.77, 0.3680, -6.622
33.78, 0.3670, -5.454
33.79, 0.3660, -6.528
33.80, 0.3650, -5.769
33.81, 0.3640, -6.181
33.82, 0.3630, -6.193
33.83, 0.3620, -7.300
33.84, 0.3610, -5.978
33.85, 0.3600, -6.609
33.86, 0.3590, -6.087
33.87, 0.3580, -5.878
33.88, 0.3570, -6.134
33.89, 0.3560, -7.240
33.90, 0.3550, -6.969
33.91, 0.3540, -6.404
33.92, 0.3530, -6.286
33.93, 0.3520, -7.313
33.94, 0.3510, -6.409
33.95, 0.3500, -5.690
33.96, 0.3490, -8.009
33.97, 0.3480, -5.731
33.98, 0.3470, -7.638
33.99, 0.3460, -6.421
34.00, 0.3450, -8.277
34.01, 0.3440, -6.702
34.02, 0.3430, -6.594
34.03, 0.3420, -7.488
34.04, 0.3410, -6.232
34.05, 0.3400, -5.842
34.06, 0.3390, -4.933
34.07, 0.3380, -6.429
34.08, 0.3370, -7.130
34.09, 0.3360, -6.376
34.10, 0.3350, -6.580
34.11, 0.3340, -7.828
34.12, 0.3330, -4.730
34.13, 0.3320, -5.716
34.14, 0.3310, -6.719
34.15, 0.3300, -7.643
34.16, 0.3290, -7.129
34.17, 0.3280, -6.369
34.18, 0.3270, -7.402
34.19, 0.3260, -5.753
34.20, 0.3250, -6.026
34.21, 0.3240, -6.292
34.22, 0.3230, -5.906
34.23, 0.3220, -4.929
34.24, 0.3210, -5.485
34.25, 0.3200, -5.709
34.26, 0.3190, -6.558
34.27, 0.3180, -7.729
34.28, 0.3170, -7.081
34.29, 0.3160, -5.868
34.30, 0.3150, -6.550
34.31, 0.3140, -6.172
34.32, 0.3130, -6.496
34.33, 0.3120, -6.385
34.34, 0.3110, -6.703
34.35, 0.3100, -6.162
34.36, 0.3090, -6.696
34.37, 0.3080, -6.276
34.38, 0.3070, -7.400
34.39, 0.3060, -6.838
34.40, 0.3050, -6.425
34.41, 0.3040, -5.365
34.42, 0.3030, -6.980
34.43, 0.3020, -5.731
34.44, 0.3010, -5.414
34.45, 0.3000, -5.640
