0.01000, -0.8000, -38.25
0.02000, -0.8000, -28.24
0.03000, -0.8000, -22.77
0.04000, -0.8000, -20.62
0.05000, -0.8000, -18.89
0.06000, -0.8000, -17.30
0.07000, -0.8000, -16.87
0.08000, -0.8000, -15.09
0.09000, -0.8000, -15.14
0.1000, -0.8000, -14.50
0.1100, -0.8000, -15.42
0.1200, -0.8000, -14.72
0.1300, -0.8000, -14.80
0.1400, -0.8000, -12.97
0.1500, -0.8000, -13.86
0.1600, -0.8000, -13.49
0.1700, -0.8000, -12.32
0.1800, -0.8000, -13.13
0.1900, -0.8000, -12.56
0.2000, -0.8000, -12.57
0.2100, -0.8000, -12.25
0.2200, -0.8000, -11.98
0.2300, -0.8000, -12.26
0.2400, -0.8000, -11.30
0.2500, -0.8000, -12.73
0.2600, -0.8000, -10.75
0.2700, -0.8000, -12.12
0.2800, -0.8000, -10.67
0.2900, -0.8000, -12.01
0.3000, -0.8000, -11.29
0.3100, -0.8000, -12.17
0.3200, -0.8000, -11.88
0.3300, -0.8000, -11.27
0.3400, -0.8000, -10.70
0.3500, -0.8000, -9.598
0.3600, -0.8000, -11.20
0.3700, -0.8000, -11.24
0.3800, -0.8000, -11.13
0.3900, -0.8000, -11.66
0.4000, -0.8000, -11.07
0.4100, -0.8000, -10.49
0.4200, -0.8000, -11.16
0.4300, -0.8000, -11.17
0.4400, -0.8000, -11.15
0.4500, 0.2800, -9.906
0.4600, 0.2810, 27.56
0.4700, 0.2820, 11.32
0.4800, 0.2830, 8.303
0.4900, 0.2840, 4.633
0.5000, 0.2850, 2.254
0.5100, 0.2860, 1.853
0.5200, 0.2870, 3.510
0.5300, 0.2880, 0.9392
0.5400, 0.2890, 0.9152
0.5500, 0.2900, 0.05876
0.5600, 0.2910, 1.863
0.5700, 0.2920, 0.4792
0.5800, 0.2930, -0.6377
0.5900, 0.2940, -0.6054
0.6000, 0.2950, -2.296
0.6100, 0.2960, -1.214
0.6200, 0.2970, -1.201
0.6300, 0.2980, -1.434
0.6400, 0.2990, -3.110
0.6500, 0.3000, -1.877
0.6600, 0.3010, -2.164
0.6700, 0.3020, -1.654
0.6800, 0.3030, -1.070
0.6900, 0.3040, -0.9467
0.7000, 0.3050, -0.3524
0.7100, 0.3060, -0.2362
0.7200, 0.3070, -0.4175
0.7300, 0.3080, -0.4622
0.7400, 0.3090, -1.093
0.7500, 0.3100, -1.900
0.7600, 0.3110, -1.357
0.7700, 0.3120, -1.677
0.7800, 0.3130, -1.466
0.7900, 0.3140, -2.765
0.8000, 0.3150, -0.6996
0.8100, 0.3160, -2.225
0.8200, 0.3170, -1.503
0.8300, 0.3180, -0.6689
0.8400, 0.3190, -1.728
0.8500, 0.3200, -1.149
0.8600, 0.3210, -0.5087
0.8700, 0.3220, -0.6077
0.8800, 0.3230, -1.906
0.8900, 0.3240, -0.2300
0.9000, 0.3250, -1.186
0.9100, 0.3260, -0.6898
0.9200, 0.3270, -1.713
0.9300, 0.3280, -1.028
0.9400, 0.3290, -1.514
0.9500, 0.3300, -1.361
0.9600, 0.3310, -1.892
0.9700, 0.3320, -1.239
0.9800, 0.3330, -1.335
0.9900, 0.3340, 0.1816
1.000, 0.3350, -1.242
1.010, 0.3360, -2.683
1.020, 0.3370, -2.966
1.030, 0.3380, -1.639
1.040, 0.3390, -0.8291
1.050, 0.3400, -1.355
1.060, 0.3410, -2.439
1.070, 0.3420, -1.310
1.080, 0.3430, -0.7141
1.090, 0.3440, -1.168
1.100, 0.3450, -1.163
1.110, 0.3460, -1.379
1.120, 0.3470, -2.216
1.130, 0.3480, 0.3021
1.140, 0.3490, -0.1076
1.150, 0.3500, -0.4347
1.160, 0.3510, 0.03272
1.170, 0.3520, 0.6668
1.180, 0.3530, 0.3663
1.190, 0.3540, -0.9858
1.200, 0.3550, 0.3512
1.210, 0.3560, -0.7155
1.220, 0.3570, -1.561
1.230, 0.3580, -0.6779
1.240, 0.3590, -1.523
1.250, 0.3600, -1.946
1.260, 0.3610, -0.2492
1.270, 0.3620, -0.9732
1.280, 0.3630, 0.1639
1.290, 0.3640, 1.638
1.300, 0.3650, 0.9701
1.310, 0.3660, -0.03756
1.320, 0.3670, -0.05175
1.330, 0.3680, 0.6303
1.340, 0.3690, -0.3423
1.350, 0.3700, 1.314
1.360, 0.3710, -0.1300
1.370, 0.3720, 1.419
1.380, 0.3730, 1.494
1.390, 0.3740, -0.03165
1.400, 0.3750, 0.7153
1.410, 0.3760, 0.7723
1.420, 0.3770, -0.2708
1.430, 0.3780, 1.807
1.440, 0.3790, 0.2520
1.450, 0.3800, -1.011
1.460, 0.3810, 0.5534
1.470, 0.3820, -0.3074
1.480, 0.3830, -1.815
1.490, 0.3840, 1.229
1.500, 0.3850, 1.161
1.510, 0.3860, 0.2538
1.520, 0.3870, 2.058
1.530, 0.3880, 1.208
1.540, 0.3890, 1.433
1.550, 0.3900, 0.5193
1.560, 0.3910, 1.072
1.570, 0.3920, 1.132
1.580, 0.3930, -0.05460
1.590, 0.3940, 1.766
1.600, 0.3950, 1.164
1.610, 0.3960, 0.6751
1.620, 0.3970, -0.2936
1.630, 0.3980, 1.597
1.640, 0.3990, 0.1702
1.650, 0.4000, 1.516
1.660, 0.4010, 1.964
1.670, 0.4020, 1.606
1.680, 0.4030, 2.787
1.690, 0.4040, 0.9030
1.700, 0.4050, 3.404
1.710, 0.4060, 1.381
1.720, 0.4070, 2.035
1.730, 0.4080, 2.946
1.740, 0.4090, 2.438
1.750, 0.4100, 2.133
1.760, 0.4110, 2.682
1.770, 0.4120, 2.257
1.780, 0.4130, 0.3034
1.790, 0.4140, 1.707
1.800, 0.4150, 1.842
1.810, 0.4160, 2.889
1.820, 0.4170, 3.156
1.830, 0.4180, 2.898
1.840, 0.4190, 2.452
1.850, 0.4200, 3.645
1.860, 0.4210, 2.682
1.870, 0.4220, 2.965
1.880, 0.4230, 2.611
1.890, 0.4240, 0.7798
1.900, 0.4250, 1.775
1.910, 0.4260, 1.826
1.920, 0.4270, 3.962
1.930, 0.4280, 3.810
1.940, 0.4290, 1.859
1.950, 0.4300, 2.871
1.960, 0.4310, 4.040
1.970, 0.4320, 3.537
1.980, 0.4330, 3.788
1.990, 0.4340, 3.443
2.000, 0.4350, 4.860
2.010, 0.4360, 3.657
2.020, 0.4370, 3.923
2.030, 0.4380, 3.035
2.040, 0.4390, 2.530
2.050, 0.4400, 3.877
2.060, 0.4410, 4.856
2.070, 0.4420, 3.254
2.080, 0.4430, 4.439
2.090, 0.4440, 2.886
2.100, 0.4450, 4.124
2.110, 0.4460, 4.571
2.120, 0.4470, 4.923
2.130, 0.4480, 4.964
2.140, 0.4490, 4.760
2.150, 0.4500, 6.504
2.160, 0.4510, 6.085
2.170, 0.4520, 5.189
2.180, 0.4530, 4.612
2.190, 0.4540, 4.254
2.200, 0.4550, 4.353
2.210, 0.4560, 4.795
2.220, 0.4570, 3.643
2.230, 0.4580, 7.086
2.240, 0.4590, 4.293
2.250, 0.4600, 5.680
2.260, 0.4610, 3.414
2.270, 0.4620, 6.369
2.280, 0.4630, 6.709
2.290, 0.4640, 5.109
2.300, 0.4650, 5.616
2.310, 0.4660, 5.644
2.320, 0.4670, 4.983
2.330, 0.4680, 5.559
2.340, 0.4690, 6.679
2.350, 0.4700, 6.506
2.360, 0.4710, 5.623
2.370, 0.4720, 6.824
2.380, 0.4730, 7.069
2.390, 0.4740, 7.297
2.400, 0.4750, 7.375
2.410, 0.4760, 6.622
2.420, 0.4770, 6.160
2.430, 0.4780, 6.663
2.440, 0.4790, 6.308
2.450, 0.4800, 7.313
2.460, 0.4810, 6.729
2.470, 0.4820, 6.772
2.480, 0.4830, 5.367
2.490, 0.4840, 6.535
2.500, 0.4850, 6.696
2.510, 0.4860, 6.642
2.520, 0.4870, 7.176
2.530, 0.4880, 6.717
2.540, 0.4890, 7.417
2.550, 0.4900, 8.316
2.560, 0.4910, 6.897
2.570, 0.4920, 7.447
2.580, 0.4930, 7.166
2.590, 0.4940, 8.801
2.600, 0.4950, 7.323
2.610, 0.4960, 9.098
2.620, 0.4970, 7.561
2.630, 0.4980, 8.026
2.640, 0.4990, 7.613
2.650, 0.5000, 8.131
2.660, 0.5010, 7.029
2.670, 0.5020, 7.493
2.680, 0.5030, 8.705
2.690, 0.5040, 8.138
2.700, 0.5050, 8.291
2.710, 0.5060, 9.464
2.720, 0.5070, 8.863
2.730, 0.5080, 7.384
2.740, 0.5090, 8.259
2.750, 0.5100, 7.724
2.760, 0.5110, 8.399
2.770, 0.5120, 8.095
2.780, 0.5130, 9.066
2.790, 0.5140, 8.260
2.800, 0.5150, 9.904
2.810, 0.5160, 8.879
2.820, 0.5170, 8.756
2.830, 0.5180, 7.062
2.840, 0.5190, 9.045
2.850, 0.5200, 8.624
2.860, 0.5210, 8.285
2.870, 0.5220, 9.050
2.880, 0.5230, 9.524
2.890, 0.5240, 9.201
2.900, 0.5250, 8.460
2.910, 0.5260, 7.984
2.920, 0.5270, 9.596
2.930, 0.5280, 8.977
2.940, 0.5290, 10.43
2.950, 0.5300, 10.77
2.960, 0.5310, 9.540
2.970, 0.5320, 9.933
2.980, 0.5330, 10.16
2.990, 0.5340, 9.751
3.000, 0.5350, 9.749
3.010, 0.5360, 10.03
3.020, 0.5370, 11.49
3.030, 0.5380, 10.92
3.040, 0.5390, 11.00
3.050, 0.5400, 11.44
3.060, 0.5410, 9.607
3.070, 0.5420, 9.849
3.080, 0.5430, 10.25
3.090, 0.5440, 10.90
3.100, 0.5450, 10.64
3.110, 0.5460, 10.38
3.120, 0.5470, 10.99
3.130, 0.5480, 11.09
3.140, 0.5490, 10.69
3.150, 0.5500, 10.81
3.160, 0.5510, 10.31
3.170, 0.5520, 10.69
3.180, 0.5530, 10.85
3.190, 0.5540, 11.78
3.200, 0.5550, 11.95
3.210, 0.5560, 10.53
3.220, 0.5570, 10.76
3.230, 0.5580, 10.82
3.240, 0.5590, 11.69
3.250, 0.5600, 12.28
3.260, 0.5610, 11.75
3.270, 0.5620, 12.31
3.280, 0.5630, 11.30
3.290, 0.5640, 11.36
3.300, 0.5650, 11.93
3.310, 0.5660, 11.66
3.320, 0.5670, 12.07
3.330, 0.5680, 10.07
3.340, 0.5690, 11.46
3.350, 0.5700, 12.60
3.360, 0.5710, 11.13
3.370, 0.5720, 12.47
3.380, 0.5730, 11.85
3.390, 0.5740, 12.71
3.400, 0.5750, 11.26
3.410, 0.5760, 12.09
3.420, 0.5770, 12.59
3.430, 0.5780, 10.75
3.440, 0.5790, 12.81
3.450, 0.5800, 13.07
3.460, 0.5810, 12.29
3.470, 0.5820, 11.28
3.480, 0.5830, 10.77
3.490, 0.5840, 12.56
3.500, 0.5850, 13.22
3.510, 0.5860, 12.77
3.520, 0.5870, 12.24
3.530, 0.5880, 14.03
3.540, 0.5890, 12.84
3.550, 0.5900, 12.86
3.560, 0.5910, 14.09
3.570, 0.5920, 14.38
3.580, 0.5930, 13.97
3.590, 0.5940, 12.14
3.600, 0.5950, 14.70
3.610, 0.5960, 12.59
3.620, 0.5970, 14.27
3.630, 0.5980, 11.51
3.640, 0.5990, 13.48
3.650, 0.6000, 12.13
3.660, 0.6010, 13.09
3.670, 0.6020, 13.57
3.680, 0.6030, 13.26
3.690, 0.6040, 12.67
3.700, 0.6050, 13.43
3.710, 0.6060, 12.95
3.720, 0.6070, 13.20
3.730, 0.6080, 13.42
3.740, 0.6090, 12.98
3.750, 0.6100, 14.08
3.760, 0.6110, 13.91
3.770, 0.6120, 13.02
3.780, 0.6130, 14.29
3.790, 0.6140, 12.31
3.800, 0.6150, 14.50
3.810, 0.6160, 13.97
3.820, 0.6170, 13.47
3.830, 0.6180, 14.18
3.840, 0.6190, 14.18
3.850, 0.6200, 13.46
3.860, 0.6210, 14.58
3.870, 0.6220, 14.04
3.880, 0.6230, 14.18
3.890, 0.6240, 13.86
3.900, 0.6250, 14.64
3.910, 0.6260, 14.14
3.920, 0.6270, 15.19
3.930, 0.6280, 14.52
3.940, 0.6290, 15.06
3.950, 0.6300, 15.19
3.960, 0.6310, 15.46
3.970, 0.6320, 11.97
3.980, 0.6330, 14.71
3.990, 0.6340, 12.71
4.000, 0.6350, 14.83
4.010, 0.6360, 14.30
4.020, 0.6370, 14.64
4.030, 0.6380, 14.49
4.040, 0.6390, 14.34
4.050, 0.6400, 13.67
4.060, 0.6410, 15.32
4.070, 0.6420, 13.48
4.080, 0.6430, 14.07
4.090, 0.6440, 15.44
4.100, 0.6450, 13.45
4.110, 0.6460, 13.68
4.120, 0.6470, 15.11
4.130, 0.6480, 15.51
4.140, 0.6490, 15.41
4.150, 0.6500, 15.04
4.160, 0.6510, 15.88
4.170, 0.6520, 13.99
4.180, 0.6530, 14.66
4.190, 0.6540, 15.75
4.200, 0.6550, 14.77
4.210, 0.6560, 15.27
4.220, 0.6570, 14.67
4.230, 0.6580, 14.89
4.240, 0.6590, 13.48
4.250, 0.6600, 16.04
4.260, 0.6610, 15.31
4.270, 0.6620, 14.66
4.280, 0.6630, 15.26
4.290, 0.6640, 17.32
4.300, 0.6650, 15.93
4.310, 0.6660, 14.02
4.320, 0.6670, 14.79
4.330, 0.6680, 16.11
4.340, 0.6690, 14.85
4.350, 0.6700, 14.51
4.360, 0.6710, 16.00
4.370, 0.6720, 15.34
4.380, 0.6730, 14.98
4.390, 0.6740, 15.92
4.400, 0.6750, 17.57
4.410, 0.6760, 16.03
4.420, 0.6770, 14.63
4.430, 0.6780, 15.94
4.440, 0.6790, 16.46
4.450, 0.6800, 15.02
4.460, 0.6810, 15.97
4.470, 0.6820, 13.66
4.480, 0.6830, 16.18
4.490, 0.6840, 16.06
4.500, 0.6850, 15.69
4.510, 0.6860, 14.95
4.520, 0.6870, 16.27
4.530, 0.6880, 15.50
4.540, 0.6890, 16.74
4.550, 0.6900, 15.10
4.560, 0.6910, 14.82
4.570, 0.6920, 15.64
4.580, 0.6930, 15.91
4.590, 0.6940, 16.87
4.600, 0.6950, 14.79
4.610, 0.6960, 15.40
4.620, 0.6970, 16.32
4.630, 0.6980, 16.01
4.640, 0.6990, 14.50
4.650, 0.7000, 16.35
4.660, 0.7010, 16.59
4.670, 0.7020, 15.00
4.680, 0.7030, 17.73
4.690, 0.7040, 16.61
4.700, 0.7050, 16.03
4.710, 0.7060, 16.17
4.720, 0.7070, 16.42
4.730, 0.7080, 16.62
4.740, 0.7090, 15.53
4.750, 0.7100, 15.67
4.760, 0.7110, 16.80
4.770, 0.7120, 15.88
4.780, 0.7130, 15.90
4.790, 0.7140, 16.45
4.800, 0.7150, 16.09
4.810, 0.7160, 16.81
4.820, 0.7170, 16.83
4.830, 0.7180, 17.29
4.840, 0.7190, 14.94
4.850, 0.7200, 15.98
4.860, 0.7210, 15.99
4.870, 0.7220, 17.22
4.880, 0.7230, 16.51
4.890, 0.7240, 17.13
4.900, 0.7250, 16.57
4.910, 0.7260, 17.20
4.920, 0.7270, 16.97
4.930, 0.7280, 15.83
4.940, 0.7290, 15.72
4.950, 0.7300, 16.76
4.960, 0.7310, 16.73
4.970, 0.7320, 16.81
4.980, 0.7330, 15.81
4.990, 0.7340, 16.80
5.000, 0.7350, 16.67
5.010, 0.7360, 15.86
5.020, 0.7370, 15.48
5.030, 0.7380, 17.61
5.040, 0.7390, 16.00
5.050, 0.7400, 16.19
5.060, 0.7410, 15.09
5.070, 0.7420, 15.77
5.080, 0.7430, 16.40
5.090, 0.7440, 17.36
5.100, 0.7450, 18.31
5.110, 0.7460, 17.54
5.120, 0.7470, 17.19
5.130, 0.7480, 17.97
5.140, 0.7490, 16.60
5.150, 0.7500, 17.48
5.160, 0.7510, 16.73
5.170, 0.7520, 16.42
5.180, 0.7530, 17.23
5.190, 0.7540, 17.86
5.200, 0.7550, 16.80
5.210, 0.7560, 16.33
5.220, 0.7570, 16.57
5.230, 0.7580, 15.56
5.240, 0.7590, 16.06
5.250, 0.7600, 16.92
5.260, 0.7610, 18.95
5.270, 0.7620, 16.08
5.280, 0.7630, 15.95
5.290, 0.7640, 16.82
5.300, 0.7650, 15.46
5.310, 0.7660, 16.05
5.320, 0.7670, 17.21
5.330, 0.7680, 15.65
5.340, 0.7690, 17.22
5.350, 0.7700, 16.77
5.360, 0.7710, 17.25
5.370, 0.7720, 18.52
5.380, 0.7730, 16.02
5.390, 0.7740, 16.99
5.400, 0.7750, 17.44
5.410, 0.7760, 17.41
5.420, 0.7770, 16.85
5.430, 0.7780, 17.12
5.440, 0.7790, 18.23
5.450, 0.7800, 15.85
5.460, 0.7810, 16.82
5.470, 0.7820, 16.94
5.480, 0.7830, 16.01
5.490, 0.7840, 15.95
5.500, 0.7850, 17.72
5.510, 0.7860, 17.22
5.520, 0.7870, 17.98
5.530, 0.7880, 16.34
5.540, 0.7890, 15.72
5.550, 0.7900, 16.79
5.560, 0.7910, 17.71
5.570, 0.7920, 17.00
5.580, 0.7930, 17.44
5.590, 0.7940, 16.40
5.600, 0.7950, 17.50
5.610, 0.7960, 16.53
5.620, 0.7970, 17.36
5.630, 0.7980, 17.12
5.640, 0.7990, 17.43
5.650, 0.8000, 17.67
5.660, 0.8010, 16.58
5.670, 0.8020, 17.51
5.680, 0.8030, 17.78
5.690, 0.8040, 17.15
5.700, 0.8050, 16.19
5.710, 0.8060, 17.76
5.720, 0.8070, 17.38
5.730, 0.8080, 17.62
5.740, 0.8090, 16.77
5.750, 0.8100, 18.32
5.760, 0.8110, 17.12
5.770, 0.8120, 17.86
5.780, 0.8130, 18.39
5.790, 0.8140, 16.75
5.800, 0.8150, 16.86
5.810, 0.8160, 17.78
5.820, 0.8170, 16.45
5.830, 0.8180, 16.51
5.840, 0.8190, 17.86
5.850, 0.8200, 17.65
5.860, 0.8210, 16.17
5.870, 0.8220, 16.98
5.880, 0.8230, 16.73
5.890, 0.8240, 17.50
5.900, 0.8250, 17.57
5.910, 0.8260, 17.49
5.920, 0.8270, 17.05
5.930, 0.8280, 16.35
5.940, 0.8290, 17.16
5.950, 0.8300, 16.79
5.960, 0.8310, 16.91
5.970, 0.8320, 17.24
5.980, 0.8330, 17.14
5.990, 0.8340, 18.40
6.000, 0.8350, 17.26
6.010, 0.8360, 17.43
6.020, 0.8370, 18.00
6.030, 0.8380, 17.02
6.040, 0.8390, 17.77
6.050, 0.8400, 17.63
6.060, 0.8410, 17.88
6.070, 0.8420, 17.46
6.080, 0.8430, 18.33
6.090, 0.8440, 18.30
6.100, 0.8450, 17.35
6.110, 0.8460, 17.09
6.120, 0.8470, 16.52
6.130, 0.8480, 17.41
6.140, 0.8490, 17.50
6.150, 0.8500, 17.31
6.160, 0.8510, 16.43
6.170, 0.8520, 16.41
6.180, 0.8530, 16.85
6.190, 0.8540, 17.01
6.200, 0.8550, 17.61
6.210, 0.8560, 16.47
6.220, 0.8570, 16.71
6.230, 0.8580, 16.98
6.240, 0.8590, 17.20
6.250, 0.8600, 16.47
6.260, 0.8610, 18.11
6.270, 0.8620, 16.57
6.280, 0.8630, 17.37
6.290, 0.8640, 17.13
6.300, 0.8650, 16.47
6.310, 0.8660, 17.27
6.320, 0.8670, 15.24
6.330, 0.8680, 16.99
6.340, 0.8690, 16.24
6.350, 0.8700, 17.53
6.360, 0.8710, 16.99
6.370, 0.8720, 17.35
6.380, 0.8730, 16.65
6.390, 0.8740, 17.05
6.400, 0.8750, 17.42
6.410, 0.8760, 17.84
6.420, 0.8770, 19.16
6.430, 0.8780, 16.91
6.440, 0.8790, 17.71
6.450, 0.8800, 17.71
6.460, 0.8810, 18.22
6.470, 0.8820, 17.31
6.480, 0.8830, 17.73
6.490, 0.8840, 16.35
6.500, 0.8850, 16.77
6.510, 0.8860, 15.90
6.520, 0.8870, 16.50
6.530, 0.8880, 17.95
6.540, 0.8890, 18.06
6.550, 0.8900, 15.41
6.560, 0.8910, 15.59
6.570, 0.8920, 17.77
6.580, 0.8930, 17.17
6.590, 0.8940, 18.18
6.600, 0.8950, 16.82
6.610, 0.8960, 17.18
6.620, 0.8970, 17.34
6.630, 0.8980, 16.19
6.640, 0.8990, 16.22
6.650, 0.9000, 16.70
6.660, 0.9010, 17.11
6.670, 0.9020, 16.05
6.680, 0.9030, 16.26
6.690, 0.9040, 16.71
6.700, 0.9050, 17.89
6.710, 0.9060, 16.37
6.720, 0.9070, 16.41
6.730, 0.9080, 17.14
6.740, 0.9090, 16.40
6.750, 0.9100, 17.69
6.760, 0.9110, 17.20
6.770, 0.9120, 19.48
6.780, 0.9130, 18.24
6.790, 0.9140, 16.99
6.800, 0.9150, 16.60
6.810, 0.9160, 17.06
6.820, 0.9170, 18.24
6.830, 0.9180, 16.57
6.840, 0.9190, 16.91
6.850, 0.9200, 18.79
6.860, 0.9210, 16.18
6.870, 0.9220, 14.65
6.880, 0.9230, 17.22
6.890, 0.9240, 16.31
6.900, 0.9250, 17.47
6.910, 0.9260, 16.10
6.920, 0.9270, 18.67
6.930, 0.9280, 16.66
6.940, 0.9290, 16.19
6.950, 0.9300, 17.11
6.960, 0.9310, 17.40
6.970, 0.9320, 16.91
6.980, 0.9330, 17.04
6.990, 0.9340, 15.97
7.000, 0.9350, 17.12
7.010, 0.9360, 16.68
7.020, 0.9370, 16.87
7.030, 0.9380, 16.65
7.040, 0.9390, 15.75
7.050, 0.9400, 16.84
7.060, 0.9410, 14.63
7.070, 0.9420, 16.63
7.080, 0.9430, 17.32
7.090, 0.9440, 16.90
7.100, 0.9450, 16.77
7.110, 0.9460, 17.72
7.120, 0.9470, 17.10
7.130, 0.9480, 16.75
7.140, 0.9490, 18.14
7.150, 0.9500, 15.67
7.160, 0.9510, 15.68
7.170, 0.9520, 16.74
7.180, 0.9530, 16.29
7.190, 0.9540, 15.87
7.200, 0.9550, 17.24
7.210, 0.9560, 17.84
7.220, 0.9570, 18.91
7.230, 0.9580, 16.99
7.240, 0.9590, 17.97
7.250, 0.9600, 17.98
7.260, 0.9610, 18.20
7.270, 0.9620, 16.56
7.280, 0.9630, 17.06
7.290, 0.9640, 17.21
7.300, 0.9650, 16.03
7.310, 0.9660, 17.47
7.320, 0.9670, 18.53
7.330, 0.9680, 16.59
7.340, 0.9690, 17.71
7.350, 0.9700, 17.28
7.360, 0.9710, 17.80
7.370, 0.9720, 16.04
7.380, 0.9730, 17.50
7.390, 0.9740, 18.05
7.400, 0.9750, 17.95
7.410, 0.9760, 16.31
7.420, 0.9770, 18.77
7.430, 0.9780, 16.23
7.440, 0.9790, 17.78
7.450, 0.9800, 17.22
7.460, 0.9810, 18.17
7.470, 0.9820, 16.73
7.480, 0.9830, 18.60
7.490, 0.9840, 18.01
7.500, 0.9850, 17.24
7.510, 0.9860, 18.19
7.520, 0.9870, 17.02
7.530, 0.9880, 17.57
7.540, 0.9890, 15.64
7.550, 0.9900, 17.51
7.560, 0.9910, 16.17
7.570, 0.9920, 17.46
7.580, 0.9930, 17.33
7.590, 0.9940, 18.25
7.600, 0.9950, 18.39
7.610, 0.9960, 18.29
7.620, 0.9970, 18.09
7.630, 0.9980, 19.99
7.640, 0.9990, 18.12
7.650, 1.000, 17.95
7.660, 1.001, 15.93
7.670, 1.002, 16.95
7.680, 1.003, 18.58
7.690, 1.004, 17.88
7.700, 1.005, 17.24
7.710, 1.006, 18.31
7.720, 1.007, 16.81
7.730, 1.008, 16.50
7.740, 1.009, 17.17
7.750, 1.010, 17.74
7.760, 1.011, 17.72
7.770, 1.012, 17.65
7.780, 1.013, 17.27
7.790, 1.014, 17.03
7.800, 1.015, 19.86
7.810, 1.016, 16.30
7.820, 1.017, 17.97
7.830, 1.018, 17.70
7.840, 1.019, 17.52
7.850, 1.020, 18.97
7.860, 1.021, 18.19
7.870, 1.022, 16.62
7.880, 1.023, 18.21
7.890, 1.024, 16.53
7.900, 1.025, 16.57
7.910, 1.026, 18.08
7.920, 1.027, 18.07
7.930, 1.028, 17.32
7.940, 1.029, 17.49
7.950, 1.030, 17.32
7.960, 1.031, 17.78
7.970, 1.032, 18.32
7.980, 1.033, 18.99
7.990, 1.034, 17.95
8.000, 1.035, 18.31
8.010, 1.036, 18.18
8.020, 1.037, 18.16
8.030, 1.038, 17.90
8.040, 1.039, 17.64
8.050, 1.040, 17.55
8.060, 1.041, 17.87
8.070, 1.042, 19.63
8.080, 1.043, 18.19
8.090, 1.044, 18.90
8.100, 1.045, 18.21
8.110, 1.046, 17.87
8.120, 1.047, 17.98
8.130, 1.048, 18.15
8.140, 1.049, 17.57
8.150, 1.050, 18.06
8.160, 1.051, 17.83
8.170, 1.052, 17.43
8.180, 1.053, 18.93
8.190, 1.054, 17.46
8.200, 1.055, 17.84
8.210, 1.056, 18.00
8.220, 1.057, 19.27
8.230, 1.058, 18.55
8.240, 1.059, 18.02
8.250, 1.060, 18.74
8.260, 1.061, 19.10
8.270, 1.062, 20.03
8.280, 1.063, 18.07
8.290, 1.064, 15.82
8.300, 1.065, 17.53
8.310, 1.066, 17.81
8.320, 1.067, 16.89
8.330, 1.068, 18.99
8.340, 1.069, 19.29
8.350, 1.070, 20.06
8.360, 1.071, 18.65
8.370, 1.072, 17.81
8.380, 1.073, 18.94
8.390, 1.074, 18.79
8.400, 1.075, 18.34
8.410, 1.076, 19.67
8.420, 1.077, 17.59
8.430, 1.078, 19.33
8.440, 1.079, 18.71
8.450, 1.080, 18.91
8.460, 1.081, 19.87
8.470, 1.082, 20.09
8.480, 1.083, 18.54
8.490, 1.084, 19.98
8.500, 1.085, 20.62
8.510, 1.086, 19.81
8.520, 1.087, 19.23
8.530, 1.088, 19.04
8.540, 1.089, 20.33
8.550, 1.090, 18.55
8.560, 1.091, 19.48
8.570, 1.092, 18.13
8.580, 1.093, 19.03
8.590, 1.094, 19.03
8.600, 1.095, 19.46
8.610, 1.096, 19.02
8.620, 1.097, 20.04
8.630, 1.098, 20.44
8.640, 1.099, 20.01
8.650, 1.100, 17.84
8.660, 1.101, 19.21
8.670, 1.102, 20.03
8.680, 1.103, 19.95
8.690, 1.104, 19.57
8.700, 1.105, 19.45
8.710, 1.106, 20.32
8.720, 1.107, 19.53
8.730, 1.108, 20.80
8.740, 1.109, 19.76
8.750, 1.110, 19.25
8.760, 1.111, 19.86
8.770, 1.112, 20.17
8.780, 1.113, 21.12
8.790, 1.114, 20.60
8.800, 1.115, 19.30
8.810, 1.116, 19.08
8.820, 1.117, 20.16
8.830, 1.118, 20.16
8.840, 1.119, 20.25
8.850, 1.120, 19.50
8.860, 1.121, 20.14
8.870, 1.122, 19.57
8.880, 1.123, 18.63
8.890, 1.124, 21.12
8.900, 1.125, 20.63
8.910, 1.126, 22.23
8.920, 1.127, 19.63
8.930, 1.128, 20.45
8.940, 1.129, 20.47
8.950, 1.130, 21.45
8.960, 1.131, 20.01
8.970, 1.132, 21.46
8.980, 1.133, 20.20
8.990, 1.134, 20.19
9.000, 1.135, 21.25
9.010, 1.136, 20.86
9.020, 1.137, 20.49
9.030, 1.138, 20.63
9.040, 1.139, 21.80
9.050, 1.140, 20.46
9.060, 1.141, 20.91
9.070, 1.142, 19.26
9.080, 1.143, 22.05
9.090, 1.144, 20.48
9.100, 1.145, 21.82
9.110, 1.146, 21.76
9.120, 1.147, 20.02
9.130, 1.148, 21.51
9.140, 1.149, 22.07
9.150, 1.150, 20.48
9.160, 1.151, 20.92
9.170, 1.152, 20.62
9.180, 1.153, 22.03
9.190, 1.154, 22.05
9.200, 1.155, 22.20
9.210, 1.156, 20.11
9.220, 1.157, 21.22
9.230, 1.158, 22.06
9.240, 1.159, 20.60
9.250, 1.160, 21.92
9.260, 1.161, 20.30
9.270, 1.162, 23.23
9.280, 1.163, 23.05
9.290, 1.164, 21.29
9.300, 1.165, 21.99
9.310, 1.166, 22.33
9.320, 1.167, 21.78
9.330, 1.168, 21.73
9.340, 1.169, 22.69
9.350, 1.170, 22.75
9.360, 1.171, 20.48
9.370, 1.172, 22.21
9.380, 1.173, 22.06
9.390, 1.174, 21.73
9.400, 1.175, 21.55
9.410, 1.176, 22.71
9.420, 1.177, 22.62
9.430, 1.178, 22.00
9.440, 1.179, 22.18
9.450, 1.180, 22.43
9.460, 1.181, 22.94
9.470, 1.182, 23.94
9.480, 1.183, 24.88
9.490, 1.184, 22.80
9.500, 1.185, 23.20
9.510, 1.186, 22.92
9.520, 1.187, 22.24
9.530, 1.188, 23.53
9.540, 1.189, 22.25
9.550, 1.190, 22.32
9.560, 1.191, 24.54
9.570, 1.192, 21.34
9.580, 1.193, 22.93
9.590, 1.194, 23.76
9.600, 1.195, 24.03
9.610, 1.196, 23.60
9.620, 1.197, 23.57
9.630, 1.198, 22.77
9.640, 1.199, 23.03
9.650, 1.200, 22.96
9.660, 1.201, 23.10
9.670, 1.202, 24.55
9.680, 1.203, 24.48
9.690, 1.204, 23.56
9.700, 1.205, 26.16
9.710, 1.206, 24.21
9.720, 1.207, 23.89
9.730, 1.208, 23.72
9.740, 1.209, 25.23
9.750, 1.210, 23.45
9.760, 1.211, 25.09
9.770, 1.212, 25.33
9.780, 1.213, 26.14
9.790, 1.214, 25.77
9.800, 1.215, 26.15
9.810, 1.216, 24.86
9.820, 1.217, 25.55
9.830, 1.218, 26.41
9.840, 1.219, 25.78
9.850, 1.220, 25.88
9.860, 1.221, 25.41
9.870, 1.222, 25.96
9.880, 1.223, 26.92
9.890, 1.224, 25.36
9.900, 1.225, 26.45
9.910, 1.226, 26.78
9.920, 1.227, 27.24
9.930, 1.228, 26.19
9.940, 1.229, 27.66
9.950, 1.230, 26.87
9.960, 1.231, 27.13
9.970, 1.232, 26.80
9.980, 1.233, 26.67
9.990, 1.234, 27.16
10.00, 1.235, 26.61
10.01, 1.236, 28.45
10.02, 1.237, 27.11
10.03, 1.238, 27.12
10.04, 1.239, 25.27
10.05, 1.240, 27.16
10.06, 1.241, 26.98
10.07, 1.242, 28.73
10.08, 1.243, 28.12
10.09, 1.244, 27.99
10.10, 1.245, 28.97
10.11, 1.246, 30.78
10.12, 1.247, 29.35
10.13, 1.248, 29.47
10.14, 1.249, 29.95
10.15, 1.250, 30.03
10.16, 1.251, 28.34
10.17, 1.252, 27.94
10.18, 1.253, 28.64
10.19, 1.254, 29.51
10.20, 1.255, 28.01
10.21, 1.256, 29.52
10.22, 1.257, 28.60
10.23, 1.258, 30.53
10.24, 1.259, 30.05
10.25, 1.260, 30.76
10.26, 1.261, 30.14
10.27, 1.262, 30.79
10.28, 1.263, 30.99
10.29, 1.264, 30.40
10.30, 1.265, 30.97
10.31, 1.266, 31.10
10.32, 1.267, 30.56
10.33, 1.268, 32.50
10.34, 1.269, 31.96
10.35, 1.270, 32.84
10.36, 1.271, 31.87
10.37, 1.272, 31.58
10.38, 1.273, 31.44
10.39, 1.274, 32.51
10.40, 1.275, 32.81
10.41, 1.276, 32.89
10.42, 1.277, 31.93
10.43, 1.278, 33.43
10.44, 1.279, 33.89
10.45, 1.280, 33.61
10.46, 1.281, 33.49
10.47, 1.282, 33.98
10.48, 1.283, 34.62
10.49, 1.284, 34.08
10.50, 1.285, 34.22
10.51, 1.286, 34.36
10.52, 1.287, 34.82
10.53, 1.288, 34.80
10.54, 1.289, 34.99
10.55, 1.290, 35.75
10.56, 1.291, 34.95
10.57, 1.292, 37.27
10.58, 1.293, 36.96
10.59, 1.294, 36.74
10.60, 1.295, 36.79
10.61, 1.296, 35.78
10.62, 1.297, 37.36
10.63, 1.298, 37.52
10.64, 1.299, 37.42
10.65, 1.300, 38.34
10.66, 1.301, 36.86
10.67, 1.302, 36.96
10.68, 1.303, 37.77
10.69, 1.304, 39.14
10.70, 1.305, 38.62
10.71, 1.306, 38.32
10.72, 1.307, 39.84
10.73, 1.308, 39.63
10.74, 1.309, 39.33
10.75, 1.310, 38.68
10.76, 1.311, 41.23
10.77, 1.312, 39.22
10.78, 1.313, 39.87
10.79, 1.314, 39.58
10.80, 1.315, 41.01
10.81, 1.316, 40.55
10.82, 1.317, 40.46
10.83, 1.318, 40.00
10.84, 1.319, 41.21
10.85, 1.320, 40.04
10.86, 1.321, 41.41
10.87, 1.322, 42.14
10.88, 1.323, 42.16
10.89, 1.324, 41.89
10.90, 1.325, 42.42
10.91, 1.326, 43.01
10.92, 1.327, 42.92
10.93, 1.328, 41.89
10.94, 1.329, 43.24
10.95, 1.330, 42.57
10.96, 1.331, 44.36
10.97, 1.332, 44.14
10.98, 1.333, 45.31
10.99, 1.334, 44.78
11.00, 1.335, 45.45
11.01, 1.336, 45.20
11.02, 1.337, 45.71
11.03, 1.338, 45.57
11.04, 1.339, 45.30
11.05, 1.340, 45.94
11.06, 1.341, 46.14
11.07, 1.342, 45.61
11.08, 1.343, 46.31
11.09, 1.344, 47.18
11.10, 1.345, 47.28
11.11, 1.346, 47.62
11.12, 1.347, 45.99
11.13, 1.348, 48.26
11.14, 1.349, 48.06
11.15, 1.350, 50.02
11.16, 1.351, 48.13
11.17, 1.352, 47.77
11.18, 1.353, 48.94
11.19, 1.354, 48.35
11.20, 1.355, 48.18
11.21, 1.356, 49.46
11.22, 1.357, 49.27
11.23, 1.358, 48.55
11.24, 1.359, 49.70
11.25, 1.360, 49.39
11.26, 1.361, 49.79
11.27, 1.362, 50.71
11.28, 1.363, 49.54
11.29, 1.364, 51.02
11.30, 1.365, 50.00
11.31, 1.366, 50.83
11.32, 1.367, 51.02
11.33, 1.368, 51.89
11.34, 1.369, 50.54
11.35, 1.370, 52.29
11.36, 1.371, 51.47
11.37, 1.372, 52.10
11.38, 1.373, 52.03
11.39, 1.374, 53.00
11.40, 1.375, 53.10
11.41, 1.376, 52.19
11.42, 1.377, 51.23
11.43, 1.378, 54.04
11.44, 1.379, 54.44
11.45, 1.380, 54.79
11.46, 1.381, 54.80
11.47, 1.382, 54.76
11.48, 1.383, 53.78
11.49, 1.384, 54.44
11.50, 1.385, 54.16
11.51, 1.386, 54.48
11.52, 1.387, 54.45
11.53, 1.388, 53.79
11.54, 1.389, 55.28
11.55, 1.390, 54.09
11.56, 1.391, 54.61
11.57, 1.392, 54.53
11.58, 1.393, 55.15
11.59, 1.394, 55.29
11.60, 1.395, 57.55
11.61, 1.396, 55.20
11.62, 1.397, 56.63
11.63, 1.398, 56.11
11.64, 1.399, 56.51
11.65, 1.400, 56.32
11.66, 1.401, 58.54
11.67, 1.402, 55.80
11.68, 1.403, 57.12
11.69, 1.404, 57.31
11.70, 1.405, 57.10
11.71, 1.406, 57.54
11.72, 1.407, 57.33
11.73, 1.408, 56.24
11.74, 1.409, 58.82
11.75, 1.410, 58.07
11.76, 1.411, 58.54
11.77, 1.412, 58.19
11.78, 1.413, 57.80
11.79, 1.414, 59.76
11.80, 1.415, 56.90
11.81, 1.416, 58.86
11.82, 1.417, 59.64
11.83, 1.418, 58.64
11.84, 1.419, 58.41
11.85, 1.420, 59.57
11.86, 1.421, 60.07
11.87, 1.422, 59.20
11.88, 1.423, 60.02
11.89, 1.424, 59.63
11.90, 1.425, 59.28
11.91, 1.426, 60.37
11.92, 1.427, 59.07
11.93, 1.428, 59.26
11.94, 1.429, 60.11
11.95, 1.430, 60.61
11.96, 1.431, 59.11
11.97, 1.432, 60.61
11.98, 1.433, 60.08
11.99, 1.434, 61.42
12.00, 1.435, 60.38
12.01, 1.436, 59.15
12.02, 1.437, 61.41
12.03, 1.438, 60.95
12.04, 1.439, 60.00
12.05, 1.440, 60.62
12.06, 1.441, 61.77
12.07, 1.442, 60.66
12.08, 1.443, 61.52
12.09, 1.444, 59.68
12.10, 1.445, 60.40
12.11, 1.446, 60.75
12.12, 1.447, 61.67
12.13, 1.448, 60.31
12.14, 1.449, 61.85
12.15, 1.450, 62.68
12.16, 1.451, 62.34
12.17, 1.452, 60.93
12.18, 1.453, 60.91
12.19, 1.454, 63.50
12.20, 1.455, 60.41
12.21, 1.456, 60.70
12.22, 1.457, 62.49
12.23, 1.458, 63.40
12.24, 1.459, 62.24
12.25, 1.460, 63.06
12.26, 1.461, 63.38
12.27, 1.462, 63.17
12.28, 1.463, 61.23
12.29, 1.464, 63.43
12.30, 1.465, 64.48
12.31, 1.466, 61.74
12.32, 1.467, 63.66
12.33, 1.468, 63.83
12.34, 1.469, 63.55
12.35, 1.470, 63.27
12.36, 1.471, 63.66
12.37, 1.472, 63.71
12.38, 1.473, 63.32
12.39, 1.474, 62.77
12.40, 1.475, 62.48
12.41, 1.476, 63.55
12.42, 1.477, 62.22
12.43, 1.478, 63.52
12.44, 1.479, 63.70
12.45, 1.480, 63.48
12.46, 1.481, 64.18
12.47, 1.482, 63.97
12.48, 1.483, 63.63
12.49, 1.484, 62.68
12.50, 1.485, 62.56
12.51, 1.486, 63.98
12.52, 1.487, 64.13
12.53, 1.488, 64.84
12.54, 1.489, 64.19
12.55, 1.490, 65.46
12.56, 1.491, 65.80
12.57, 1.492, 64.78
12.58, 1.493, 64.86
12.59, 1.494, 63.95
12.60, 1.495, 66.00
12.61, 1.496, 64.14
12.62, 1.497, 65.41
12.63, 1.498, 65.07
12.64, 1.499, 65.87
12.65, 1.500, 67.50
12.66, 1.501, 63.40
12.67, 1.502, 64.36
12.68, 1.503, 64.87
12.69, 1.504, 63.29
12.70, 1.505, 65.37
12.71, 1.506, 65.12
12.72, 1.507, 65.54
12.73, 1.508, 65.13
12.74, 1.509, 65.46
12.75, 1.510, 64.93
12.76, 1.511, 65.48
12.77, 1.512, 65.18
12.78, 1.513, 64.99
12.79, 1.514, 65.46
12.80, 1.515, 65.70
12.81, 1.516, 66.46
12.82, 1.517, 66.04
12.83, 1.518, 64.93
12.84, 1.519, 66.82
12.85, 1.520, 67.07
12.86, 1.521, 66.38
12.87, 1.522, 64.86
12.88, 1.523, 65.88
12.89, 1.524, 66.20
12.90, 1.525, 65.46
12.91, 1.526, 66.84
12.92, 1.527, 67.46
12.93, 1.528, 67.91
12.94, 1.529, 66.90
12.95, 1.530, 66.86
12.96, 1.531, 67.79
12.97, 1.532, 66.20
12.98, 1.533, 67.04
12.99, 1.534, 66.75
13.00, 1.535, 67.10
13.01, 1.536, 67.61
13.02, 1.537, 68.52
13.03, 1.538, 67.37
13.04, 1.539, 67.48
13.05, 1.540, 68.56
13.06, 1.541, 68.39
13.07, 1.542, 68.08
13.08, 1.543, 68.68
13.09, 1.544, 68.09
13.10, 1.545, 68.36
13.11, 1.546, 69.34
13.12, 1.547, 69.24
13.13, 1.548, 70.25
13.14, 1.549, 70.13
13.15, 1.550, 71.72
13.16, 1.551, 70.13
13.17, 1.552, 71.91
13.18, 1.553, 71.00
13.19, 1.554, 69.11
13.20, 1.555, 71.25
13.21, 1.556, 71.43
13.22, 1.557, 71.02
13.23, 1.558, 69.83
13.24, 1.559, 71.86
13.25, 1.560, 70.55
13.26, 1.561, 72.47
13.27, 1.562, 71.19
13.28, 1.563, 71.31
13.29, 1.564, 70.99
13.30, 1.565, 72.29
13.31, 1.566, 71.14
13.32, 1.567, 71.96
13.33, 1.568, 72.60
13.34, 1.569, 72.34
13.35, 1.570, 73.48
13.36, 1.571, 72.45
13.37, 1.572, 72.61
13.38, 1.573, 72.25
13.39, 1.574, 73.32
13.40, 1.575, 72.95
13.41, 1.576, 72.83
13.42, 1.577, 73.15
13.43, 1.578, 74.27
13.44, 1.579, 74.42
13.45, 1.580, 74.74
13.46, 1.581, 74.15
13.47, 1.582, 74.81
13.48, 1.583, 75.23
13.49, 1.584, 75.33
13.50, 1.585, 74.58
13.51, 1.586, 74.80
13.52, 1.587, 74.26
13.53, 1.588, 76.81
13.54, 1.589, 75.00
13.55, 1.590, 75.38
13.56, 1.591, 75.33
13.57, 1.592, 76.62
13.58, 1.593, 76.49
13.59, 1.594, 77.75
13.60, 1.595, 76.51
13.61, 1.596, 75.71
13.62, 1.597, 77.49
13.63, 1.598, 76.57
13.64, 1.599, 76.04
13.65, 1.600, 76.34
13.66, 1.601, 76.60
13.67, 1.602, 77.37
13.68, 1.603, 77.36
13.69, 1.604, 78.23
13.70, 1.605, 78.73
13.71, 1.606, 78.64
13.72, 1.607, 79.07
13.73, 1.608, 79.62
13.74, 1.609, 78.35
13.75, 1.610, 79.49
13.76, 1.611, 79.61
13.77, 1.612, 78.71
13.78, 1.613, 79.57
13.79, 1.614, 79.76
13.80, 1.615, 79.32
13.81, 1.616, 79.89
13.82, 1.617, 81.86
13.83, 1.618, 79.91
13.84, 1.619, 80.53
13.85, 1.620, 80.97
13.86, 1.621, 80.80
13.87, 1.622, 82.08
13.88, 1.623, 81.98
13.89, 1.624, 81.06
13.90, 1.625, 82.87
13.91, 1.626, 80.98
13.92, 1.627, 80.86
13.93, 1.628, 84.39
13.94, 1.629, 82.70
13.95, 1.630, 83.64
13.96, 1.631, 84.14
13.97, 1.632, 83.97
13.98, 1.633, 84.29
13.99, 1.634, 82.62
14.00, 1.635, 84.39
14.01, 1.636, 84.23
14.02, 1.637, 83.08
14.03, 1.638, 85.27
14.04, 1.639, 83.04
14.05, 1.640, 84.66
14.06, 1.641, 84.66
14.07, 1.642, 84.14
14.08, 1.643, 86.64
14.09, 1.644, 86.91
14.10, 1.645, 85.90
14.11, 1.646, 86.35
14.12, 1.647, 85.30
14.13, 1.648, 86.03
14.14, 1.649, 86.64
14.15, 1.650, 85.92
14.16, 1.651, 86.55
14.17, 1.652, 86.61
14.18, 1.653, 87.60
14.19, 1.654, 87.20
14.20, 1.655, 87.60
14.21, 1.656, 86.98
14.22, 1.657, 87.38
14.23, 1.658, 87.75
14.24, 1.659, 87.41
14.25, 1.660, 86.57
14.26, 1.661, 87.25
14.27, 1.662, 89.48
14.28, 1.663, 88.81
14.29, 1.664, 87.16
14.30, 1.665, 90.25
14.31, 1.666, 89.50
14.32, 1.667, 91.01
14.33, 1.668, 90.44
14.34, 1.669, 89.58
14.35, 1.670, 89.95
14.36, 1.671, 91.25
14.37, 1.672, 91.70
14.38, 1.673, 91.74
14.39, 1.674, 92.06
14.40, 1.675, 92.61
14.41, 1.676, 92.28
14.42, 1.677, 93.03
14.43, 1.678, 92.46
14.44, 1.679, 91.16
14.45, 1.680, 93.05
14.46, 1.681, 92.52
14.47, 1.682, 95.14
14.48, 1.683, 93.75
14.49, 1.684, 94.60
14.50, 1.685, 94.34
14.51, 1.686, 94.39
14.52, 1.687, 95.70
14.53, 1.688, 96.17
14.54, 1.689, 95.32
14.55, 1.690, 94.41
14.56, 1.691, 96.10
14.57, 1.692, 95.25
14.58, 1.693, 94.87
14.59, 1.694, 95.22
14.60, 1.695, 96.55
14.61, 1.696, 96.98
14.62, 1.697, 97.07
14.63, 1.698, 97.80
14.64, 1.699, 98.88
14.65, 1.700, 98.20
14.66, 1.701, 98.01
14.67, 1.702, 98.71
14.68, 1.703, 100.0
14.69, 1.704, 99.58
14.70, 1.705, 99.99
14.71, 1.706, 100.4
14.72, 1.707, 99.90
14.73, 1.708, 102.3
14.74, 1.709, 101.5
14.75, 1.710, 102.3
14.76, 1.711, 102.5
14.77, 1.712, 103.6
14.78, 1.713, 104.2
14.79, 1.714, 104.1
14.80, 1.715, 104.7
14.81, 1.716, 105.4
14.82, 1.717, 104.5
14.83, 1.718, 104.8
14.84, 1.719, 105.3
14.85, 1.720, 105.0
14.86, 1.721, 107.4
14.87, 1.722, 106.7
14.88, 1.723, 105.9
14.89, 1.724, 107.9
14.90, 1.725, 107.0
14.91, 1.726, 108.0
14.92, 1.727, 109.6
14.93, 1.728, 109.8
14.94, 1.729, 110.8
14.95, 1.730, 109.8
14.96, 1.731, 111.6
14.97, 1.732, 112.2
14.98, 1.733, 112.0
14.99, 1.734, 112.1
15.00, 1.735, 112.6
15.01, 1.736, 112.0
15.02, 1.737, 114.6
15.03, 1.738, 115.3
15.04, 1.739, 115.1
15.05, 1.740, 117.2
15.06, 1.741, 115.6
15.07, 1.742, 116.6
15.08, 1.743, 116.4
15.09, 1.744, 118.5
15.10, 1.745, 117.9
15.11, 1.746, 118.0
15.12, 1.747, 118.8
15.13, 1.748, 120.3
15.14, 1.749, 120.0
15.15, 1.750, 121.0
15.16, 1.751, 120.1
15.17, 1.752, 121.0
15.18, 1.753, 123.2
15.19, 1.754, 122.6
15.20, 1.755, 122.6
15.21, 1.756, 124.3
15.22, 1.757, 122.5
15.23, 1.758, 125.0
15.24, 1.759, 126.1
15.25, 1.760, 125.7
15.26, 1.761, 125.6
15.27, 1.762, 127.4
15.28, 1.763, 128.1
15.29, 1.764, 129.2
15.30, 1.765, 129.4
15.31, 1.766, 130.5
15.32, 1.767, 129.0
15.33, 1.768, 130.2
15.34, 1.769, 132.2
15.35, 1.770, 131.5
15.36, 1.771, 131.2
15.37, 1.772, 132.6
15.38, 1.773, 133.9
15.39, 1.774, 133.5
15.40, 1.775, 134.2
15.41, 1.776, 135.4
15.42, 1.777, 135.5
15.43, 1.778, 136.5
15.44, 1.779, 138.6
15.45, 1.780, 137.8
15.46, 1.781, 137.9
15.47, 1.782, 138.4
15.48, 1.783, 137.5
15.49, 1.784, 139.2
15.50, 1.785, 138.4
15.51, 1.786, 140.1
15.52, 1.787, 141.4
15.53, 1.788, 141.3
15.54, 1.789, 142.8
15.55, 1.790, 143.4
15.56, 1.791, 145.2
15.57, 1.792, 144.2
15.58, 1.793, 143.4
15.59, 1.794, 145.6
15.60, 1.795, 147.6
15.61, 1.796, 146.9
15.62, 1.797, 148.3
15.63, 1.798, 147.9
15.64, 1.799, 149.3
15.65, 1.800, 150.4
15.66, 1.801, 150.2
15.67, 1.802, 152.3
15.68, 1.803, 153.4
15.69, 1.804, 153.0
15.70, 1.805, 154.0
15.71, 1.806, 156.5
15.72, 1.807, 154.9
15.73, 1.808, 155.8
15.74, 1.809, 156.3
15.75, 1.810, 157.2
15.76, 1.811, 158.6
15.77, 1.812, 157.8
15.78, 1.813, 160.8
15.79, 1.814, 161.2
15.80, 1.815, 161.8
15.81, 1.816, 160.3
15.82, 1.817, 162.8
15.83, 1.818, 164.1
15.84, 1.819, 163.9
15.85, 1.820, 164.6
15.86, 1.821, 165.2
15.87, 1.822, 165.7
15.88, 1.823, 166.8
15.89, 1.824, 168.7
15.90, 1.825, 169.0
15.91, 1.826, 169.3
15.92, 1.827, 170.8
15.93, 1.828, 170.5
15.94, 1.829, 171.5
15.95, 1.830, 171.1
15.96, 1.831, 172.3
15.97, 1.832, 172.3
15.98, 1.833, 173.2
15.99, 1.834, 174.1
16.00, 1.835, 177.5
16.01, 1.836, 176.4
16.02, 1.837, 178.1
16.03, 1.838, 178.4
16.04, 1.839, 180.0
16.05, 1.840, 182.3
16.06, 1.841, 181.7
16.07, 1.842, 183.7
16.08, 1.843, 183.5
16.09, 1.844, 184.9
16.10, 1.845, 185.4
16.11, 1.846, 185.2
16.12, 1.847, 187.7
16.13, 1.848, 187.5
16.14, 1.849, 189.2
16.15, 1.850, 190.5
16.16, 1.851, 191.9
16.17, 1.852, 191.5
16.18, 1.853, 193.0
16.19, 1.854, 193.7
16.20, 1.855, 194.7
16.21, 1.856, 195.5
16.22, 1.857, 195.3
16.23, 1.858, 197.0
16.24, 1.859, 199.2
16.25, 1.860, 198.0
16.26, 1.861, 201.7
16.27, 1.862, 202.2
16.28, 1.863, 202.4
16.29, 1.864, 205.3
16.30, 1.865, 203.7
16.31, 1.866, 205.9
16.32, 1.867, 205.5
16.33, 1.868, 207.9
16.34, 1.869, 206.4
16.35, 1.870, 209.8
16.36, 1.871, 209.8
16.37, 1.872, 211.3
16.38, 1.873, 213.4
16.39, 1.874, 211.8
16.40, 1.875, 215.7
16.41, 1.876, 218.1
16.42, 1.877, 215.2
16.43, 1.878, 218.9
16.44, 1.879, 220.0
16.45, 1.880, 219.8
16.46, 1.881, 221.5
16.47, 1.882, 223.8
16.48, 1.883, 224.0
16.49, 1.884, 225.3
16.50, 1.885, 226.6
16.51, 1.886, 228.5
16.52, 1.887, 230.5
16.53, 1.888, 231.1
16.54, 1.889, 232.8
16.55, 1.890, 234.7
16.56, 1.891, 234.9
16.57, 1.892, 236.3
16.58, 1.893, 238.2
16.59, 1.894, 238.3
16.60, 1.895, 238.6
16.61, 1.896, 240.6
16.62, 1.897, 242.3
16.63, 1.898, 242.9
16.64, 1.899, 243.8
16.65, 1.900, 248.0
16.66, 1.901, 248.1
16.67, 1.902, 246.8
16.68, 1.903, 250.7
16.69, 1.904, 249.6
16.70, 1.905, 253.4
16.71, 1.906, 253.1
16.72, 1.907, 254.5
16.73, 1.908, 254.9
16.74, 1.909, 255.0
16.75, 1.910, 256.2
16.76, 1.911, 258.7
16.77, 1.912, 259.9
16.78, 1.913, 261.0
16.79, 1.914, 263.3
16.80, 1.915, 264.7
16.81, 1.916, 264.8
16.82, 1.917, 266.8
16.83, 1.918, 268.8
16.84, 1.919, 269.3
16.85, 1.920, 271.6
16.86, 1.921, 271.9
16.87, 1.922, 274.1
16.88, 1.923, 275.0
16.89, 1.924, 277.1
16.90, 1.925, 277.3
16.91, 1.926, 277.7
16.92, 1.927, 278.5
16.93, 1.928, 280.0
16.94, 1.929, 282.0
16.95, 1.930, 280.7
16.96, 1.931, 283.8
16.97, 1.932, 284.7
16.98, 1.933, 287.1
16.99, 1.934, 288.5
17.00, 1.935, 290.9
17.01, 1.936, 292.8
17.02, 1.937, 293.4
17.03, 1.938, 294.4
17.04, 1.939, 295.1
17.05, 1.940, 294.2
17.06, 1.941, 299.1
17.07, 1.942, 298.9
17.08, 1.943, 300.7
17.09, 1.944, 302.5
17.10, 1.945, 304.7
17.11, 1.946, 306.4
17.12, 1.947, 307.9
17.13, 1.948, 309.9
17.14, 1.949, 311.7
17.15, 1.950, 312.9
17.16, 1.951, 313.5
17.17, 1.952, 315.9
17.18, 1.953, 315.7
17.19, 1.954, 318.1
17.20, 1.955, 319.7
17.21, 1.956, 322.3
17.22, 1.957, 322.4
17.23, 1.958, 324.7
17.24, 1.959, 325.4
17.25, 1.960, 324.2
17.26, 1.961, 327.2
17.27, 1.962, 328.5
17.28, 1.963, 328.9
17.29, 1.964, 332.6
17.30, 1.965, 333.8
17.31, 1.966, 334.7
17.32, 1.967, 335.5
17.33, 1.968, 337.7
17.34, 1.969, 340.3
17.35, 1.970, 342.5
17.36, 1.971, 343.3
17.37, 1.972, 344.3
17.38, 1.973, 345.8
17.39, 1.974, 344.8
17.40, 1.975, 349.1
17.41, 1.976, 351.5
17.42, 1.977, 350.6
17.43, 1.978, 351.9
17.44, 1.979, 356.0
17.45, 1.980, 355.2
17.46, 1.981, 354.9
17.47, 1.982, 357.3
17.48, 1.983, 358.1
17.49, 1.984, 359.3
17.50, 1.985, 358.3
17.51, 1.986, 358.8
17.52, 1.987, 359.6
17.53, 1.988, 359.8
17.54, 1.989, 361.0
17.55, 1.990, 360.4
17.56, 1.991, 360.8
17.57, 1.992, 362.3
17.58, 1.993, 362.3
17.59, 1.994, 362.5
17.60, 1.995, 362.7
17.61, 1.996, 362.1
17.62, 1.997, 362.2
17.63, 1.998, 365.0
17.64, 1.999, 365.6
17.65, 2.000, 364.3
17.66, 1.999, 364.6
17.67, 1.998, 364.3
17.68, 1.997, 365.1
17.69, 1.996, 365.6
17.70, 1.995, 366.0
17.71, 1.994, 366.5
17.72, 1.993, 367.8
17.73, 1.992, 367.7
17.74, 1.991, 368.8
17.75, 1.990, 367.8
17.76, 1.989, 367.6
17.77, 1.988, 368.8
17.78, 1.987, 368.7
17.79, 1.986, 368.5
17.80, 1.985, 370.0
17.81, 1.984, 369.8
17.82, 1.983, 369.5
17.83, 1.982, 369.7
17.84, 1.981, 369.2
17.85, 1.980, 369.7
17.86, 1.979, 367.3
17.87, 1.978, 367.8
17.88, 1.977, 365.4
17.89, 1.976, 364.5
17.90, 1.975, 364.9
17.91, 1.974, 363.5
17.92, 1.973, 364.0
17.93, 1.972, 363.6
17.94, 1.971, 362.8
17.95, 1.970, 362.3
17.96, 1.969, 360.1
17.97, 1.968, 360.5
17.98, 1.967, 358.9
17.99, 1.966, 358.3
18.00, 1.965, 357.5
18.01, 1.964, 355.4
18.02, 1.963, 355.9
18.03, 1.962, 355.1
18.04, 1.961, 354.1
18.05, 1.960, 354.4
18.06, 1.959, 354.4
18.07, 1.958, 351.8
18.08, 1.957, 350.7
18.09, 1.956, 350.4
18.10, 1.955, 347.2
18.11, 1.954, 347.3
18.12, 1.953, 347.5
18.13, 1.952, 345.4
18.14, 1.951, 345.4
18.15, 1.950, 344.2
18.16, 1.949, 343.4
18.17, 1.948, 342.5
18.18, 1.947, 341.3
18.19, 1.946, 339.8
18.20, 1.945, 340.4
18.21, 1.944, 338.3
18.22, 1.943, 337.0
18.23, 1.942, 337.0
18.24, 1.941, 334.7
18.25, 1.940, 334.1
18.26, 1.939, 334.3
18.27, 1.938, 334.5
18.28, 1.937, 334.0
18.29, 1.936, 332.0
18.30, 1.935, 332.4
18.31, 1.934, 332.1
18.32, 1.933, 329.4
18.33, 1.932, 328.6
18.34, 1.931, 328.5
18.35, 1.930, 325.0
18.36, 1.929, 325.7
18.37, 1.928, 325.9
18.38, 1.927, 324.6
18.39, 1.926, 324.5
18.40, 1.925, 322.9
18.41, 1.924, 321.0
18.42, 1.923, 320.6
18.43, 1.922, 319.4
18.44, 1.921, 319.0
18.45, 1.920, 318.7
18.46, 1.919, 315.2
18.47, 1.918, 315.2
18.48, 1.917, 316.1
18.49, 1.916, 315.4
18.50, 1.915, 314.1
18.51, 1.914, 312.0
18.52, 1.913, 312.8
18.53, 1.912, 309.4
18.54, 1.911, 310.0
18.55, 1.910, 309.6
18.56, 1.909, 306.3
18.57, 1.908, 308.6
18.58, 1.907, 307.7
18.59, 1.906, 306.5
18.60, 1.905, 303.4
18.61, 1.904, 302.0
18.62, 1.903, 301.4
18.63, 1.902, 300.6
18.64, 1.901, 300.2
18.65, 1.900, 299.8
18.66, 1.899, 298.3
18.67, 1.898, 297.5
18.68, 1.897, 296.7
18.69, 1.896, 296.3
18.70, 1.895, 293.1
18.71, 1.894, 293.3
18.72, 1.893, 293.0
18.73, 1.892, 289.1
18.74, 1.891, 290.3
18.75, 1.890, 289.2
18.76, 1.889, 288.5
18.77, 1.888, 289.0
18.78, 1.887, 288.3
18.79, 1.886, 287.4
18.80, 1.885, 284.7
18.81, 1.884, 284.9
18.82, 1.883, 282.8
18.83, 1.882, 283.5
18.84, 1.881, 282.3
18.85, 1.880, 282.0
18.86, 1.879, 280.0
18.87, 1.878, 280.4
18.88, 1.877, 280.6
18.89, 1.876, 278.1
18.90, 1.875, 279.6
18.91, 1.874, 277.6
18.92, 1.873, 276.3
18.93, 1.872, 276.0
18.94, 1.871, 276.4
18.95, 1.870, 274.5
18.96, 1.869, 273.1
18.97, 1.868, 271.7
18.98, 1.867, 271.2
18.99, 1.866, 270.7
19.00, 1.865, 268.1
19.01, 1.864, 268.4
19.02, 1.863, 266.4
19.03, 1.862, 264.6
19.04, 1.861, 266.8
19.05, 1.860, 266.4
19.06, 1.859, 265.1
19.07, 1.858, 263.1
19.08, 1.857, 261.7
19.09, 1.856, 262.5
19.10, 1.855, 260.0
19.11, 1.854, 259.7
19.12, 1.853, 259.5
19.13, 1.852, 258.7
19.14, 1.851, 256.8
19.15, 1.850, 257.0
19.16, 1.849, 254.8
19.17, 1.848, 253.7
19.18, 1.847, 255.0
19.19, 1.846, 254.5
19.20, 1.845, 252.1
19.21, 1.844, 253.0
19.22, 1.843, 251.1
19.23, 1.842, 249.4
19.24, 1.841, 251.1
19.25, 1.840, 246.7
19.26, 1.839, 248.1
19.27, 1.838, 244.6
19.28, 1.837, 244.5
19.29, 1.836, 246.5
19.30, 1.835, 244.7
19.31, 1.834, 242.8
19.32, 1.833, 241.1
19.33, 1.832, 241.0
19.34, 1.831, 240.2
19.35, 1.830, 238.7
19.36, 1.829, 239.1
19.37, 1.828, 239.2
19.38, 1.827, 237.1
19.39, 1.826, 235.6
19.40, 1.825, 235.7
19.41, 1.824, 233.1
19.42, 1.823, 232.4
19.43, 1.822, 231.4
19.44, 1.821, 231.5
19.45, 1.820, 230.0
19.46, 1.819, 229.0
19.47, 1.818, 230.8
19.48, 1.817, 227.0
19.49, 1.816, 226.7
19.50, 1.815, 226.1
19.51, 1.814, 225.0
19.52, 1.813, 225.1
19.53, 1.812, 224.5
19.54, 1.811, 223.4
19.55, 1.810, 222.7
19.56, 1.809, 221.3
19.57, 1.808, 220.7
19.58, 1.807, 221.7
19.59, 1.806, 219.5
19.60, 1.805, 217.2
19.61, 1.804, 217.5
19.62, 1.803, 216.6
19.63, 1.802, 214.9
19.64, 1.801, 215.0
19.65, 1.800, 216.0
19.66, 1.799, 212.8
19.67, 1.798, 212.6
19.68, 1.797, 212.2
19.69, 1.796, 211.9
19.70, 1.795, 210.0
19.71, 1.794, 208.2
19.72, 1.793, 210.7
19.73, 1.792, 208.2
19.74, 1.791, 206.4
19.75, 1.790, 207.2
19.76, 1.789, 205.0
19.77, 1.788, 205.7
19.78, 1.787, 205.2
19.79, 1.786, 202.2
19.80, 1.785, 202.6
19.81, 1.784, 201.1
19.82, 1.783, 199.0
19.83, 1.782, 199.0
19.84, 1.781, 198.5
19.85, 1.780, 197.8
19.86, 1.779, 196.7
19.87, 1.778, 195.7
19.88, 1.777, 194.4
19.89, 1.776, 195.0
19.90, 1.775, 190.7
19.91, 1.774, 192.7
19.92, 1.773, 191.1
19.93, 1.772, 189.2
19.94, 1.771, 189.2
19.95, 1.770, 188.0
19.96, 1.769, 189.8
19.97, 1.768, 187.8
19.98, 1.767, 187.0
19.99, 1.766, 188.4
20.00, 1.765, 183.8
20.01, 1.764, 183.7
20.02, 1.763, 182.3
20.03, 1.762, 183.1
20.04, 1.761, 182.8
20.05, 1.760, 180.4
20.06, 1.759, 181.2
20.07, 1.758, 178.0
20.08, 1.757, 178.6
20.09, 1.756, 177.4
20.10, 1.755, 178.8
20.11, 1.754, 178.4
20.12, 1.753, 174.8
20.13, 1.752, 174.3
20.14, 1.751, 174.9
20.15, 1.750, 173.8
20.16, 1.749, 174.2
20.17, 1.748, 172.6
20.18, 1.747, 173.5
20.19, 1.746, 172.2
20.20, 1.745, 173.3
20.21, 1.744, 169.9
20.22, 1.743, 168.2
20.23, 1.742, 167.9
20.24, 1.741, 167.5
20.25, 1.740, 164.9
20.26, 1.739, 166.0
20.27, 1.738, 164.8
20.28, 1.737, 164.6
20.29, 1.736, 162.0
20.30, 1.735, 162.5
20.31, 1.734, 162.4
20.32, 1.733, 159.6
20.33, 1.732, 158.9
20.34, 1.731, 159.8
20.35, 1.730, 158.7
20.36, 1.729, 158.6
20.37, 1.728, 157.0
20.38, 1.727, 156.9
20.39, 1.726, 155.6
20.40, 1.725, 156.6
20.41, 1.724, 153.1
20.42, 1.723, 153.4
20.43, 1.722, 153.4
20.44, 1.721, 151.6
20.45, 1.720, 152.4
20.46, 1.719, 152.0
20.47, 1.718, 148.4
20.48, 1.717, 150.1
20.49, 1.716, 149.6
20.50, 1.715, 146.9
20.51, 1.714, 146.8
20.52, 1.713, 146.8
20.53, 1.712, 145.1
20.54, 1.711, 146.5
20.55, 1.710, 145.4
20.56, 1.709, 144.2
20.57, 1.708, 142.1
20.58, 1.707, 142.6
20.59, 1.706, 141.8
20.60, 1.705, 140.6
20.61, 1.704, 140.7
20.62, 1.703, 140.6
20.63, 1.702, 138.7
20.64, 1.701, 139.8
20.65, 1.700, 137.4
20.66, 1.699, 136.1
20.67, 1.698, 136.2
20.68, 1.697, 135.1
20.69, 1.696, 133.0
20.70, 1.695, 132.4
20.71, 1.694, 132.1
20.72, 1.693, 132.3
20.73, 1.692, 131.2
20.74, 1.691, 128.7
20.75, 1.690, 129.3
20.76, 1.689, 129.1
20.77, 1.688, 127.2
20.78, 1.687, 127.5
20.79, 1.686, 127.9
20.80, 1.685, 127.2
20.81, 1.684, 126.0
20.82, 1.683, 126.8
20.83, 1.682, 124.6
20.84, 1.681, 124.2
20.85, 1.680, 123.6
20.86, 1.679, 123.7
20.87, 1.678, 123.1
20.88, 1.677, 122.4
20.89, 1.676, 120.8
20.90, 1.675, 120.8
20.91, 1.674, 119.9
20.92, 1.673, 119.3
20.93, 1.672, 120.2
20.94, 1.671, 116.4
20.95, 1.670, 116.4
20.96, 1.669, 115.9
20.97, 1.668, 115.3
20.98, 1.667, 114.8
20.99, 1.666, 113.6
21.00, 1.665, 114.3
21.01, 1.664, 113.4
21.02, 1.663, 112.4
21.03, 1.662, 111.6
21.04, 1.661, 110.1
21.05, 1.660, 111.0
21.06, 1.659, 110.8
21.07, 1.658, 109.5
21.08, 1.657, 108.2
21.09, 1.656, 108.6
21.10, 1.655, 106.4
21.11, 1.654, 104.6
21.12, 1.653, 105.6
21.13, 1.652, 105.2
21.14, 1.651, 104.6
21.15, 1.650, 103.0
21.16, 1.649, 101.8
21.17, 1.648, 101.9
21.18, 1.647, 102.2
21.19, 1.646, 102.1
21.20, 1.645, 99.62
21.21, 1.644, 100.2
21.22, 1.643, 100.3
21.23, 1.642, 98.51
21.24, 1.641, 99.79
21.25, 1.640, 98.44
21.26, 1.639, 98.76
21.27, 1.638, 97.53
21.28, 1.637, 95.26
21.29, 1.636, 94.22
21.30, 1.635, 94.70
21.31, 1.634, 93.48
21.32, 1.633, 92.78
21.33, 1.632, 93.18
21.34, 1.631, 92.91
21.35, 1.630, 94.43
21.36, 1.629, 91.88
21.37, 1.628, 91.76
21.38, 1.627, 91.51
21.39, 1.626, 88.75
21.40, 1.625, 90.37
21.41, 1.624, 89.22
21.42, 1.623, 89.35
21.43, 1.622, 89.47
21.44, 1.621, 88.07
21.45, 1.620, 87.64
21.46, 1.619, 85.17
21.47, 1.618, 86.46
21.48, 1.617, 86.46
21.49, 1.616, 83.97
21.50, 1.615, 84.59
21.51, 1.614, 83.47
21.52, 1.613, 84.55
21.53, 1.612, 83.39
21.54, 1.611, 82.22
21.55, 1.610, 81.63
21.56, 1.609, 83.50
21.57, 1.608, 81.04
21.58, 1.607, 81.32
21.59, 1.606, 78.09
21.60, 1.605, 79.82
21.61, 1.604, 79.04
21.62, 1.603, 78.25
21.63, 1.602, 77.96
21.64, 1.601, 75.72
21.65, 1.600, 75.93
21.66, 1.599, 76.85
21.67, 1.598, 75.61
21.68, 1.597, 75.32
21.69, 1.596, 74.48
21.70, 1.595, 76.71
21.71, 1.594, 73.02
21.72, 1.593, 74.42
21.73, 1.592, 72.98
21.74, 1.591, 72.90
21.75, 1.590, 72.03
21.76, 1.589, 73.66
21.77, 1.588, 71.40
21.78, 1.587, 72.28
21.79, 1.586, 71.50
21.80, 1.585, 69.88
21.81, 1.584, 69.49
21.82, 1.583, 69.39
21.83, 1.582, 68.40
21.84, 1.581, 69.47
21.85, 1.580, 67.61
21.86, 1.579, 65.97
21.87, 1.578, 66.35
21.88, 1.577, 67.03
21.89, 1.576, 68.73
21.90, 1.575, 64.87
21.91, 1.574, 63.83
21.92, 1.573, 63.82
21.93, 1.572, 63.75
21.94, 1.571, 64.26
21.95, 1.570, 62.90
21.96, 1.569, 60.56
21.97, 1.568, 61.94
21.98, 1.567, 63.29
21.99, 1.566, 62.31
22.00, 1.565, 60.39
22.01, 1.564, 59.97
22.02, 1.563, 60.58
22.03, 1.562, 59.88
22.04, 1.561, 60.45
22.05, 1.560, 58.43
22.06, 1.559, 58.75
22.07, 1.558, 57.53
22.08, 1.557, 58.20
22.09, 1.556, 57.10
22.10, 1.555, 54.43
22.11, 1.554, 57.18
22.12, 1.553, 55.58
22.13, 1.552, 56.17
22.14, 1.551, 57.15
22.15, 1.550, 55.65
22.16, 1.549, 56.23
22.17, 1.548, 54.08
22.18, 1.547, 55.22
22.19, 1.546, 55.43
22.20, 1.545, 53.44
22.21, 1.544, 53.08
22.22, 1.543, 52.51
22.23, 1.542, 51.84
22.24, 1.541, 52.13
22.25, 1.540, 51.04
22.26, 1.539, 51.75
22.27, 1.538, 50.94
22.28, 1.537, 51.61
22.29, 1.536, 50.52
22.30, 1.535, 50.64
22.31, 1.534, 50.32
22.32, 1.533, 49.42
22.33, 1.532, 49.32
22.34, 1.531, 47.88
22.35, 1.530, 48.43
22.36, 1.529, 47.80
22.37, 1.528, 46.14
22.38, 1.527, 47.24
22.39, 1.526, 44.60
22.40, 1.525, 44.67
22.41, 1.524, 46.63
22.42, 1.523, 43.67
22.43, 1.522, 44.59
22.44, 1.521, 44.87
22.45, 1.520, 44.78
22.46, 1.519, 43.84
22.47, 1.518, 42.87
22.48, 1.517, 43.66
22.49, 1.516, 44.15
22.50, 1.515, 44.43
22.51, 1.514, 44.51
22.52, 1.513, 42.70
22.53, 1.512, 42.05
22.54, 1.511, 42.50
22.55, 1.510, 41.42
22.56, 1.509, 39.64
22.57, 1.508, 40.00
22.58, 1.507, 40.79
22.59, 1.506, 41.39
22.60, 1.505, 39.09
22.61, 1.504, 37.58
22.62, 1.503, 38.86
22.63, 1.502, 39.70
22.64, 1.501, 39.63
22.65, 1.500, 40.51
22.66, 1.499, 40.77
22.67, 1.498, 39.17
22.68, 1.497, 38.36
22.69, 1.496, 39.42
22.70, 1.495, 38.37
22.71, 1.494, 37.81
22.72, 1.493, 39.15
22.73, 1.492, 37.47
22.74, 1.491, 36.85
22.75, 1.490, 35.02
22.76, 1.489, 36.51
22.77, 1.488, 34.47
22.78, 1.487, 34.70
22.79, 1.486, 33.35
22.80, 1.485, 35.08
22.81, 1.484, 32.39
22.82, 1.483, 33.40
22.83, 1.482, 33.77
22.84, 1.481, 33.23
22.85, 1.480, 31.14
22.86, 1.479, 32.66
22.87, 1.478, 31.15
22.88, 1.477, 34.33
22.89, 1.476, 32.20
22.90, 1.475, 33.78
22.91, 1.474, 32.47
22.92, 1.473, 31.93
22.93, 1.472, 31.30
22.94, 1.471, 31.44
22.95, 1.470, 31.08
22.96, 1.469, 30.58
22.97, 1.468, 30.82
22.98, 1.467, 30.74
22.99, 1.466, 30.24
23.00, 1.465, 32.29
23.01, 1.464, 29.85
23.02, 1.463, 29.48
23.03, 1.462, 29.70
23.04, 1.461, 29.53
23.05, 1.460, 30.37
23.06, 1.459, 30.62
23.07, 1.458, 28.27
23.08, 1.457, 28.83
23.09, 1.456, 29.11
23.10, 1.455, 28.42
23.11, 1.454, 25.88
23.12, 1.453, 27.95
23.13, 1.452, 29.26
23.14, 1.451, 27.15
23.15, 1.450, 26.08
23.16, 1.449, 25.66
23.17, 1.448, 26.89
23.18, 1.447, 26.04
23.19, 1.446, 26.55
23.20, 1.445, 25.11
23.21, 1.444, 25.15
23.22, 1.443, 26.09
23.23, 1.442, 25.10
23.24, 1.441, 23.89
23.25, 1.440, 25.34
23.26, 1.439, 23.83
23.27, 1.438, 24.92
23.28, 1.437, 25.01
23.29, 1.436, 24.25
23.30, 1.435, 25.12
23.31, 1.434, 23.88
23.32, 1.433, 24.50
23.33, 1.432, 23.48
23.34, 1.431, 25.06
23.35, 1.430, 23.02
23.36, 1.429, 24.23
23.37, 1.428, 25.22
23.38, 1.427, 23.17
23.39, 1.426, 22.99
23.40, 1.425, 22.28
23.41, 1.424, 22.31
23.42, 1.423, 23.75
23.43, 1.422, 24.00
23.44, 1.421, 23.22
23.45, 1.420, 22.21
23.46, 1.419, 22.09
23.47, 1.418, 21.20
23.48, 1.417, 22.98
23.49, 1.416, 20.39
23.50, 1.415, 22.61
23.51, 1.414, 21.42
23.52, 1.413, 21.40
23.53, 1.412, 21.65
23.54, 1.411, 21.06
23.55, 1.410, 22.07
23.56, 1.409, 20.94
23.57, 1.408, 21.50
23.58, 1.407, 21.16
23.59, 1.406, 19.14
23.60, 1.405, 20.63
23.61, 1.404, 20.19
23.62, 1.403, 20.68
23.63, 1.402, 17.92
23.64, 1.401, 19.53
23.65, 1.400, 18.45
23.66, 1.399, 19.67
23.67, 1.398, 18.51
23.68, 1.397, 19.39
23.69, 1.396, 19.31
23.70, 1.395, 18.54
23.71, 1.394, 19.60
23.72, 1.393, 18.95
23.73, 1.392, 19.36
23.74, 1.391, 18.96
23.75, 1.390, 18.15
23.76, 1.389, 19.31
23.77, 1.388, 18.46
23.78, 1.387, 19.25
23.79, 1.386, 17.56
23.80, 1.385, 18.95
23.81, 1.384, 18.09
23.82, 1.383, 17.83
23.83, 1.382, 18.67
23.84, 1.381, 17.89
23.85, 1.380, 17.49
23.86, 1.379, 17.15
23.87, 1.378, 16.04
23.88, 1.377, 16.43
23.89, 1.376, 17.41
23.90, 1.375, 16.09
23.91, 1.374, 17.06
23.92, 1.373, 17.04
23.93, 1.372, 15.58
23.94, 1.371, 17.91
23.95, 1.370, 16.10
23.96, 1.369, 17.04
23.97, 1.368, 18.18
23.98, 1.367, 16.80
23.99, 1.366, 17.91
24.00, 1.365, 17.51
24.01, 1.364, 15.94
24.02, 1.363, 16.06
24.03, 1.362, 15.39
24.04, 1.361, 15.66
24.05, 1.360, 16.26
24.06, 1.359, 15.20
24.07, 1.358, 15.29
24.08, 1.357, 13.49
24.09, 1.356, 15.03
24.10, 1.355, 14.60
24.11, 1.354, 15.24
24.12, 1.353, 13.66
24.13, 1.352, 14.22
24.14, 1.351, 14.12
24.15, 1.350, 15.28
24.16, 1.349, 14.44
24.17, 1.348, 12.54
24.18, 1.347, 14.85
24.19, 1.346, 15.46
24.20, 1.345, 13.91
24.21, 1.344, 13.70
24.22, 1.343, 13.31
24.23, 1.342, 13.98
24.24, 1.341, 14.71
24.25, 1.340, 13.79
24.26, 1.339, 13.99
24.27, 1.338, 13.33
24.28, 1.337, 14.08
24.29, 1.336, 13.88
24.30, 1.335, 13.54
24.31, 1.334, 13.84
24.32, 1.333, 13.28
24.33, 1.332, 13.67
24.34, 1.331, 13.19
24.35, 1.330, 14.68
24.36, 1.329, 13.30
24.37, 1.328, 13.09
24.38, 1.327, 12.85
24.39, 1.326, 10.67
24.40, 1.325, 14.78
24.41, 1.324, 12.47
24.42, 1.323, 12.95
24.43, 1.322, 11.01
24.44, 1.321, 10.05
24.45, 1.320, 10.80
24.46, 1.319, 11.74
24.47, 1.318, 12.97
24.48, 1.317, 11.42
24.49, 1.316, 12.34
24.50, 1.315, 11.59
24.51, 1.314, 11.09
24.52, 1.313, 12.99
24.53, 1.312, 13.22
24.54, 1.311, 12.27
24.55, 1.310, 11.88
24.56, 1.309, 12.67
24.57, 1.308, 10.95
24.58, 1.307, 10.10
24.59, 1.306, 12.36
24.60, 1.305, 10.98
24.61, 1.304, 11.09
24.62, 1.303, 11.09
24.63, 1.302, 11.17
24.64, 1.301, 10.73
24.65, 1.300, 10.43
24.66, 1.299, 11.61
24.67, 1.298, 10.49
24.68, 1.297, 10.94
24.69, 1.296, 11.18
24.70, 1.295, 11.70
24.71, 1.294, 9.801
24.72, 1.293, 10.66
24.73, 1.292, 11.29
24.74, 1.291, 11.34
24.75, 1.290, 10.73
24.76, 1.289, 10.97
24.77, 1.288, 12.87
24.78, 1.287, 10.88
24.79, 1.286, 11.16
24.80, 1.285, 11.73
24.81, 1.284, 12.45
24.82, 1.283, 10.96
24.83, 1.282, 12.05
24.84, 1.281, 9.913
24.85, 1.280, 10.46
24.86, 1.279, 9.486
24.87, 1.278, 10.61
24.88, 1.277, 9.490
24.89, 1.276, 8.793
24.90, 1.275, 7.355
24.91, 1.274, 8.963
24.92, 1.273, 7.956
24.93, 1.272, 10.51
24.94, 1.271, 9.544
24.95, 1.270, 9.209
24.96, 1.269, 8.686
24.97, 1.268, 8.876
24.98, 1.267, 8.547
24.99, 1.266, 9.340
25.00, 1.265, 8.090
25.01, 1.264, 9.667
25.02, 1.263, 8.625
25.03, 1.262, 8.865
25.04, 1.261, 7.173
25.05, 1.260, 8.868
25.06, 1.259, 7.078
25.07, 1.258, 7.922
25.08, 1.257, 7.609
25.09, 1.256, 7.205
25.10, 1.255, 7.436
25.11, 1.254, 9.221
25.12, 1.253, 7.355
25.13, 1.252, 8.888
25.14, 1.251, 6.765
25.15, 1.250, 10.46
25.16, 1.249, 10.23
25.17, 1.248, 10.22
25.18, 1.247, 7.700
25.19, 1.246, 8.735
25.20, 1.245, 8.071
25.21, 1.244, 7.351
25.22, 1.243, 8.766
25.23, 1.242, 8.845
25.24, 1.241, 8.291
25.25, 1.240, 9.503
25.26, 1.239, 8.099
25.27, 1.238, 7.927
25.28, 1.237, 6.278
25.29, 1.236, 5.077
25.30, 1.235, 8.755
25.31, 1.234, 6.970
25.32, 1.233, 5.430
25.33, 1.232, 6.859
25.34, 1.231, 7.518
25.35, 1.230, 5.727
25.36, 1.229, 7.024
25.37, 1.228, 8.248
25.38, 1.227, 5.471
25.39, 1.226, 7.122
25.40, 1.225, 7.224
25.41, 1.224, 6.192
25.42, 1.223, 6.784
25.43, 1.222, 6.204
25.44, 1.221, 8.018
25.45, 1.220, 7.164
25.46, 1.219, 6.816
25.47, 1.218, 7.768
25.48, 1.217, 6.354
25.49, 1.216, 6.656
25.50, 1.215, 6.786
25.51, 1.214, 4.628
25.52, 1.213, 6.746
25.53, 1.212, 6.665
25.54, 1.211, 7.672
25.55, 1.210, 6.456
25.56, 1.209, 6.405
25.57, 1.208, 6.901
25.58, 1.207, 4.710
25.59, 1.206, 5.620
25.60, 1.205, 4.463
25.61, 1.204, 6.331
25.62, 1.203, 5.289
25.63, 1.202, 5.452
25.64, 1.201, 4.415
25.65, 1.200, 5.191
25.66, 1.199, 7.308
25.67, 1.198, 6.707
25.68, 1.197, 6.402
25.69, 1.196, 5.947
25.70, 1.195, 6.421
25.71, 1.194, 5.472
25.72, 1.193, 2.137
25.73, 1.192, 6.087
25.74, 1.191, 4.291
25.75, 1.190, 3.832
25.76, 1.189, 3.715
25.77, 1.188, 5.594
25.78, 1.187, 3.813
25.79, 1.186, 5.050
25.80, 1.185, 2.299
25.81, 1.184, 5.035
25.82, 1.183, 4.659
25.83, 1.182, 5.099
25.84, 1.181, 2.611
25.85, 1.180, 5.397
25.86, 1.179, 3.952
25.87, 1.178, 5.505
25.88, 1.177, 5.326
25.89, 1.176, 5.009
25.90, 1.175, 3.823
25.91, 1.174, 5.833
25.92, 1.173, 3.584
25.93, 1.172, 5.769
25.94, 1.171, 3.905
25.95, 1.170, 4.407
25.96, 1.169, 3.687
25.97, 1.168, 3.345
25.98, 1.167, 3.630
25.99, 1.166, 3.631
26.00, 1.165, 3.243
26.01, 1.164, 5.438
26.02, 1.163, 3.639
26.03, 1.162, 4.014
26.04, 1.161, 4.541
26.05, 1.160, 5.437
26.06, 1.159, 4.168
26.07, 1.158, 5.361
26.08, 1.157, 3.642
26.09, 1.156, 4.338
26.10, 1.155, 4.321
26.11, 1.154, 1.473
26.12, 1.153, 3.722
26.13, 1.152, 1.868
26.14, 1.151, 3.742
26.15, 1.150, 1.480
26.16, 1.149, 4.628
26.17, 1.148, 1.948
26.18, 1.147, 1.611
26.19, 1.146, 0.9593
26.20, 1.145, 2.326
26.21, 1.144, 3.009
26.22, 1.143, 2.909
26.23, 1.142, 3.010
26.24, 1.141, 4.312
26.25, 1.140, 0.8166
26.26, 1.139, 1.846
26.27, 1.138, 3.271
26.28, 1.137, 1.904
26.29, 1.136, 2.929
26.30, 1.135, 2.761
26.31, 1.134, 2.277
26.32, 1.133, 3.557
26.33, 1.132, 3.302
26.34, 1.131, 3.962
26.35, 1.130, 4.134
26.36, 1.129, 3.067
26.37, 1.128, 3.171
26.38, 1.127, 2.784
26.39, 1.126, 2.558
26.40, 1.125, 3.221
26.41, 1.124, 2.444
26.42, 1.123, 3.080
26.43, 1.122, 1.031
26.44, 1.121, 3.631
26.45, 1.120, 1.374
26.46, 1.119, 3.311
26.47, 1.118, 3.147
26.48, 1.117, 2.027
26.49, 1.116, 2.639
26.50, 1.115, 2.060
26.51, 1.114, 1.381
26.52, 1.113, 1.543
26.53, 1.112, 2.354
26.54, 1.111, 2.542
26.55, 1.110, 1.539
26.56, 1.109, 1.314
26.57, 1.108, 2.068
26.58, 1.107, 0.6558
26.59, 1.106, 1.119
26.60, 1.105, 1.849
26.61, 1.104, 0.8742
26.62, 1.103, 1.320
26.63, 1.102, 0.4955
26.64, 1.101, -0.1110
26.65, 1.100, 1.438
26.66, 1.099, 0.5081
26.67, 1.098, 1.809
26.68, 1.097, -0.1026
26.69, 1.096, 0.8476
26.70, 1.095, 0.4812
26.71, 1.094, 2.050
26.72, 1.093, 1.266
26.73, 1.092, 0.4570
26.74, 1.091, 0.8848
26.75, 1.090, 1.667
26.76, 1.089, 0.6181
26.77, 1.088, 0.5652
26.78, 1.087, 1.592
26.79, 1.086, 1.490
26.80, 1.085, 1.632
26.81, 1.084, 2.639
26.82, 1.083, 2.631
26.83, 1.082, 4.108
26.84, 1.081, 3.753
26.85, 1.080, -0.4925
26.86, 1.079, 0.4928
26.87, 1.078, 1.029
26.88, 1.077, 1.373
26.89, 1.076, 1.387
26.90, 1.075, 1.042
26.91, 1.074, 2.442
26.92, 1.073, 1.775
26.93, 1.072, 0.5651
26.94, 1.071, 1.408
26.95, 1.070, 0.3143
26.96, 1.069, 0.1837
26.97, 1.068, -1.042
26.98, 1.067, 1.632
26.99, 1.066, 1.060
27.00, 1.065, -0.2878
27.01, 1.064, 0.1829
27.02, 1.063, 1.095
27.03, 1.062, -0.1315
27.04, 1.061, 0.1031
27.05, 1.060, 1.595
27.06, 1.059, 2.543
27.07, 1.058, -0.2615
27.08, 1.057, 0.3839
27.09, 1.056, 0.6252
27.10, 1.055, 0.8354
27.11, 1.054, 1.090
27.12, 1.053, 0.8933
27.13, 1.052, 1.095
27.14, 1.051, 1.703
27.15, 1.050, 0.3867
27.16, 1.049, 2.398
27.17, 1.048, 1.205
27.18, 1.047, 1.082
27.19, 1.046, 2.042
27.20, 1.045, -0.8561
27.21, 1.044, 1.581
27.22, 1.043, 2.371
27.23, 1.042, 0.7298
27.24, 1.041, 1.267
27.25, 1.040, 0.3077
27.26, 1.039, -0.5675
27.27, 1.038, 1.067
27.28, 1.037, 2.893
27.29, 1.036, 1.879
27.30, 1.035, 0.4474
27.31, 1.034, 1.383
27.32, 1.033, -1.358
27.33, 1.032, 1.935
27.34, 1.031, -0.9306
27.35, 1.030, 1.084
27.36, 1.029, -1.744
27.37, 1.028, -0.1747
27.38, 1.027, -1.533
27.39, 1.026, 1.228
27.40, 1.025, -2.152
27.41, 1.024, 0.3611
27.42, 1.023, -1.317
27.43, 1.022, -0.4866
27.44, 1.021, -1.777
27.45, 1.020, 0.8801
27.46, 1.019, 0.2982
27.47, 1.018, 0.4856
27.48, 1.017, -1.809
27.49, 1.016, 0.4171
27.50, 1.015, -0.2350
27.51, 1.014, -1.894
27.52, 1.013, -2.096
27.53, 1.012, -0.5563
27.54, 1.011, 0.3858
27.55, 1.010, 0.5718
27.56, 1.009, -0.4446
27.57, 1.008, -0.8358
27.58, 1.007, 0.7235
27.59, 1.006, -0.1130
27.60, 1.005, -0.3934
27.61, 1.004, -0.3797
27.62, 1.003, -0.4471
27.63, 1.002, -0.4112
27.64, 1.001, -2.275
27.65, 1.000, 0.2789
27.66, 0.9990, 1.561
27.67, 0.9980, 1.276
27.68, 0.9970, 0.4593
27.69, 0.9960, 0.1856
27.70, 0.9950, -0.4018
27.71, 0.9940, -1.341
27.72, 0.9930, 0.08658
27.73, 0.9920, -0.2523
27.74, 0.9910, 2.141
27.75, 0.9900, -0.9218
27.76, 0.9890, 0.3353
27.77, 0.9880, -1.030
27.78, 0.9870, -1.261
27.79, 0.9860, 0.2555
27.80, 0.9850, 0.6542
27.81, 0.9840, -0.1833
27.82, 0.9830, -0.8821
27.83, 0.9820, -1.629
27.84, 0.9810, -0.5300
27.85, 0.9800, -1.285
27.86, 0.9790, 0.3547
27.87, 0.9780, -2.365
27.88, 0.9770, -0.6483
27.89, 0.9760, -1.208
27.90, 0.9750, -2.171
27.91, 0.9740, -0.3532
27.92, 0.9730, -0.2768
27.93, 0.9720, -1.304
27.94, 0.9710, -0.6790
27.95, 0.9700, -1.640
27.96, 0.9690, 1.886
27.97, 0.9680, -0.5701
27.98, 0.9670, -1.682
27.99, 0.9660, -1.810
28.00, 0.9650, -1.543
28.01, 0.9640, -0.7803
28.02, 0.9630, -0.8327
28.03, 0.9620, -0.7497
28.04, 0.9610, -1.101
28.05, 0.9600, -0.4518
28.06, 0.9590, -0.4318
28.07, 0.9580, 0.7044
28.08, 0.9570, 0.5717
28.09, 0.9560, -4.181
28.10, 0.9550, -0.1130
28.11, 0.9540, -0.7513
28.12, 0.9530, -2.731
28.13, 0.9520, -1.234
28.14, 0.9510, -0.7600
28.15, 0.9500, 0.7487
28.16, 0.9490, -0.5388
28.17, 0.9480, -1.255
28.18, 0.9470, -1.863
28.19, 0.9460, -1.991
28.20, 0.9450, -1.545
28.21, 0.9440, -1.386
28.22, 0.9430, -4.125
28.23, 0.9420, -2.450
28.24, 0.9410, -2.180
28.25, 0.9400, -2.952
28.26, 0.9390, -2.031
28.27, 0.9380, 1.166
28.28, 0.9370, -1.660
28.29, 0.9360, -0.9901
28.30, 0.9350, -0.6870
28.31, 0.9340, -3.146
28.32, 0.9330, -0.9906
28.33, 0.9320, -0.4593
28.34, 0.9310, -1.550
28.35, 0.9300, -0.4746
28.36, 0.9290, -1.751
28.37, 0.9280, -2.550
28.38, 0.9270, -1.942
28.39, 0.9260, -0.2020
28.40, 0.9250, -3.233
28.41, 0.9240, -1.241
28.42, 0.9230, -2.125
28.43, 0.9220, -2.486
28.44, 0.9210, -1.325
28.45, 0.9200, -1.455
28.46, 0.9190, -1.043
28.47, 0.9180, -1.904
28.48, 0.9170, -1.472
28.49, 0.9160, -4.611
28.50, 0.9150, -1.753
28.51, 0.9140, -4.397
28.52, 0.9130, -2.754
28.53, 0.9120, -2.117
28.54, 0.9110, -0.4758
28.55, 0.9100, -2.175
28.56, 0.9090, -2.048
28.57, 0.9080, -1.529
28.58, 0.9070, -2.768
28.59, 0.9060, -1.438
28.60, 0.9050, -1.144
28.61, 0.9040, -2.072
28.62, 0.9030, -2.534
28.63, 0.9020, -3.079
28.64, 0.9010, -3.009
28.65, 0.9000, -1.027
28.66, 0.8990, -1.992
28.67, 0.8980, -3.246
28.68, 0.8970, -3.053
28.69, 0.8960, -3.076
28.70, 0.8950, -3.194
28.71, 0.8940, -2.263
28.72, 0.8930, -2.563
28.73, 0.8920, -0.3942
28.74, 0.8910, 0.3891
28.75, 0.8900, -4.520
28.76, 0.8890, -3.378
28.77, 0.8880, -2.314
28.78, 0.8870, -1.616
28.79, 0.8860, -0.2315
28.80, 0.8850, -1.885
28.81, 0.8840, -2.298
28.82, 0.8830, -0.8940
28.83, 0.8820, -3.789
28.84, 0.8810, -2.553
28.85, 0.8800, -2.183
28.86, 0.8790, -2.634
28.87, 0.8780, -1.615
28.88, 0.8770, -2.959
28.89, 0.8760, -1.174
28.90, 0.8750, -1.891
28.91, 0.8740, -1.361
28.92, 0.8730, -3.207
28.93, 0.8720, -2.845
28.94, 0.8710, -2.239
28.95, 0.8700, -2.125
28.96, 0.8690, -1.067
28.97, 0.8680, -2.286
28.98, 0.8670, -0.5209
28.99, 0.8660, -2.030
29.00, 0.8650, -4.098
29.01, 0.8640, -4.274
29.02, 0.8630, -3.831
29.03, 0.8620, -3.823
29.04, 0.8610, -3.663
29.05, 0.8600, -2.588
29.06, 0.8590, -5.348
29.07, 0.8580, -2.336
29.08, 0.8570, -2.970
29.09, 0.8560, -2.100
29.10, 0.8550, -2.519
29.11, 0.8540, -2.799
29.12, 0.8530, -3.496
29.13, 0.8520, -4.546
29.14, 0.8510, -3.687
29.15, 0.8500, -3.453
29.16, 0.8490, -4.216
29.17, 0.8480, -2.304
29.18, 0.8470, -2.514
29.19, 0.8460, -3.813
29.20, 0.8450, -3.657
29.21, 0.8440, -4.070
29.22, 0.8430, -3.044
29.23, 0.8420, -3.870
29.24, 0.8410, -1.592
29.25, 0.8400, -1.679
29.26, 0.8390, -2.416
29.27, 0.8380, -3.234
29.28, 0.8370, -3.025
29.29, 0.8360, -2.346
29.30, 0.8350, -1.304
29.31, 0.8340, -0.5180
29.32, 0.8330, -2.424
29.33, 0.8320, -3.447
29.34, 0.8310, -2.778
29.35, 0.8300, -3.411
29.36, 0.8290, -2.366
29.37, 0.8280, -1.373
29.38, 0.8270, -2.514
29.39, 0.8260, -2.295
29.40, 0.8250, -2.800
29.41, 0.8240, -3.219
29.42, 0.8230, -0.9359
29.43, 0.8220, -3.924
29.44, 0.8210, -3.349
29.45, 0.8200, -1.289
29.46, 0.8190, -2.939
29.47, 0.8180, -2.939
29.48, 0.8170, -3.335
29.49, 0.8160, -3.103
29.50, 0.8150, -5.043
29.51, 0.8140, -3.611
29.52, 0.8130, -3.888
29.53, 0.8120, -4.210
29.54, 0.8110, -0.3919
29.55, 0.8100, -3.657
29.56, 0.8090, -3.045
29.57, 0.8080, -3.965
29.58, 0.8070, -2.730
29.59, 0.8060, -2.116
29.60, 0.8050, -3.765
29.61, 0.8040, -3.257
29.62, 0.8030, -2.895
29.63, 0.8020, -3.129
29.64, 0.8010, -3.713
29.65, 0.8000, -1.820
29.66, 0.7990, -1.828
29.67, 0.7980, -1.763
29.68, 0.7970, -2.540
29.69, 0.7960, -1.994
29.70, 0.7950, -2.695
29.71, 0.7940, -0.9709
29.72, 0.7930, -1.981
29.73, 0.7920, -1.912
29.74, 0.7910, -1.419
29.75, 0.7900, -2.492
29.76, 0.7890, -1.730
29.77, 0.7880, -3.268
29.78, 0.7870, -3.633
29.79, 0.7860, -1.960
29.80, 0.7850, -4.179
29.81, 0.7840, -3.400
29.82, 0.7830, -3.276
29.83, 0.7820, -3.170
29.84, 0.7810, -1.124
29.85, 0.7800, -3.189
29.86, 0.7790, 0.6422
29.87, 0.7780, -4.197
29.88, 0.7770, -2.022
29.89, 0.7760, -1.910
29.90, 0.7750, -4.189
29.91, 0.7740, -2.945
29.92, 0.7730, -4.352
29.93, 0.7720, -5.317
29.94, 0.7710, -2.183
29.95, 0.7700, -4.062
29.96, 0.7690, -2.787
29.97, 0.7680, -2.443
29.98, 0.7670, -2.767
29.99, 0.7660, -2.633
30.00, 0.7650, -2.743
30.01, 0.7640, -4.604
30.02, 0.7630, -4.485
30.03, 0.7620, -3.366
30.04, 0.7610, -4.435
30.05, 0.7600, -5.729
30.06, 0.7590, -4.834
30.07, 0.7580, -5.183
30.08, 0.7570, -3.378
30.09, 0.7560, -2.905
30.10, 0.7550, -4.913
30.11, 0.7540, -4.680
30.12, 0.7530, -3.017
30.13, 0.7520, -4.408
30.14, 0.7510, -4.259
30.15, 0.7500, -3.586
30.16, 0.7490, -4.641
30.17, 0.7480, -1.987
30.18, 0.7470, -3.577
30.19, 0.7460, -3.896
30.20, 0.7450, -3.246
30.21, 0.7440, -3.807
30.22, 0.7430, -3.884
30.23, 0.7420, -1.778
30.24, 0.7410, -2.647
30.25, 0.7400, -2.987
30.26, 0.7390, -1.926
30.27, 0.7380, -3.152
30.28, 0.7370, -3.006
30.29, 0.7360, -3.104
30.30, 0.7350, -3.765
30.31, 0.7340, -3.455
30.32, 0.7330, -4.112
30.33, 0.7320, -4.099
30.34, 0.7310, -4.443
30.35, 0.7300, -4.167
30.36, 0.7290, -5.166
30.37, 0.7280, -4.343
30.38, 0.7270, -3.626
30.39, 0.7260, -5.055
30.40, 0.7250, -6.319
30.41, 0.7240, -4.564
30.42, 0.7230, -4.415
30.43, 0.7220, -2.834
30.44, 0.7210, -3.036
30.45, 0.7200, -3.425
30.46, 0.7190, -5.608
30.47, 0.7180, -3.907
30.48, 0.7170, -3.198
30.49, 0.7160, -3.335
30.50, 0.7150, -3.805
30.51, 0.7140, -3.127
30.52, 0.7130, -3.074
30.53, 0.7120, -1.386
30.54, 0.7110, -4.862
30.55, 0.7100, -2.549
30.56, 0.7090, -4.549
30.57, 0.7080, -3.739
30.58, 0.7070, -1.955
30.59, 0.7060, -3.410
30.60, 0.7050, -4.584
30.61, 0.7040, -4.915
30.62, 0.7030, -3.969
30.63, 0.7020, -3.825
30.64, 0.7010, -4.823
30.65, 0.7000, -3.645
30.66, 0.6990, -4.725
30.67, 0.6980, -3.747
30.68, 0.6970, -4.547
30.69, 0.6960, -4.358
30.70, 0.6950, -3.770
30.71, 0.6940, -3.302
30.72, 0.6930, -3.079
30.73, 0.6920, -4.264
30.74, 0.6910, -3.716
30.75, 0.6900, -3.536
30.76, 0.6890, -5.334
30.77, 0.6880, -4.811
30.78, 0.6870, -5.315
30.79, 0.6860, -3.852
30.80, 0.6850, -4.266
30.81, 0.6840, -3.950
30.82, 0.6830, -3.871
30.83, 0.6820, -2.703
30.84, 0.6810, -3.254
30.85, 0.6800, -3.498
30.86, 0.6790, -4.127
30.87, 0.6780, -5.008
30.88, 0.6770, -4.452
30.89, 0.6760, -3.222
30.90, 0.6750, -3.348
30.91, 0.6740, -5.105
30.92, 0.6730, -2.044
30.93, 0.6720, -4.238
30.94, 0.6710, -4.411
30.95, 0.6700, -3.641
30.96, 0.6690, -3.891
30.97, 0.6680, -3.827
30.98, 0.6670, -2.596
30.99, 0.6660, -4.144
31.00, 0.6650, -3.783
31.01, 0.6640, -4.211
31.02, 0.6630, -4.844
31.03, 0.6620, -4.888
31.04, 0.6610, -4.253
31.05, 0.6600, -6.047
31.06, 0.6590, -4.269
31.07, 0.6580, -4.758
31.08, 0.6570, -5.748
31.09, 0.6560, -4.366
31.10, 0.6550, -4.035
31.11, 0.6540, -4.338
31.12, 0.6530, -3.435
31.13, 0.6520, -3.845
31.14, 0.6510, -4.827
31.15, 0.6500, -3.889
31.16, 0.6490, -3.200
31.17, 0.6480, -4.113
31.18, 0.6470, -4.779
31.19, 0.6460, -2.999
31.20, 0.6450, -5.458
31.21, 0.6440, -4.220
31.22, 0.6430, -4.550
31.23, 0.6420, -3.261
31.24, 0.6410, -3.110
31.25, 0.6400, -4.733
31.26, 0.6390, -3.488
31.27, 0.6380, -4.637
31.28, 0.6370, -3.775
31.29, 0.6360, -2.298
31.30, 0.6350, -4.474
31.31, 0.6340, -3.559
31.32, 0.6330, -4.854
31.33, 0.6320, -4.401
31.34, 0.6310, -2.982
31.35, 0.6300, -2.888
31.36, 0.6290, -4.162
31.37, 0.6280, -3.649
31.38, 0.6270, -5.777
31.39, 0.6260, -2.979
31.40, 0.6250, -4.090
31.41, 0.6240, -3.628
31.42, 0.6230, -4.163
31.43, 0.6220, -4.055
31.44, 0.6210, -3.793
31.45, 0.6200, -5.502
31.46, 0.6190, -4.243
31.47, 0.6180, -3.878
31.48, 0.6170, -3.726
31.49, 0.6160, -4.592
31.50, 0.6150, -5.177
31.51, 0.6140, -3.610
31.52, 0.6130, -4.055
31.53, 0.6120, -3.457
31.54, 0.6110, -4.526
31.55, 0.6100, -6.600
31.56, 0.6090, -4.373
31.57, 0.6080, -5.164
31.58, 0.6070, -3.144
31.59, 0.6060, -4.441
31.60, 0.6050, -6.232
31.61, 0.6040, -5.126
31.62, 0.6030, -4.034
31.63, 0.6020, -5.204
31.64, 0.6010, -3.884
31.65, 0.6000, -4.155
31.66, 0.5990, -3.798
31.67, 0.5980, -5.639
31.68, 0.5970, -5.518
31.69, 0.5960, -4.546
31.70, 0.5950, -4.908
31.71, 0.5940, -4.401
31.72, 0.5930, -3.717
31.73, 0.5920, -4.284
31.74, 0.5910, -4.966
31.75, 0.5900, -3.784
31.76, 0.5890, -3.628
31.77, 0.5880, -7.505
31.78, 0.5870, -4.876
31.79, 0.5860, -5.104
31.80, 0.5850, -3.309
31.81, 0.5840, -4.828
31.82, 0.5830, -5.508
31.83, 0.5820, -5.594
31.84, 0.5810, -3.967
31.85, 0.5800, -5.226
31.86, 0.5790, -5.801
31.87, 0.5780, -6.037
31.88, 0.5770, -5.093
31.89, 0.5760, -4.773
31.90, 0.5750, -5.649
31.91, 0.5740, -3.141
31.92, 0.5730, -4.190
31.93, 0.5720, -5.493
31.94, 0.5710, -5.206
31.95, 0.5700, -4.476
31.96, 0.5690, -4.277
31.97, 0.5680, -4.045
31.98, 0.5670, -5.314
31.99, 0.5660, -4.803
32.00, 0.5650, -4.092
32.01, 0.5640, -4.287
32.02, 0.5630, -4.850
32.03, 0.5620, -5.044
32.04, 0.5610, -4.646
32.05, 0.5600, -5.635
32.06, 0.5590, -5.647
32.07, 0.5580, -4.893
32.08, 0.5570, -5.644
32.09, 0.5560, -5.563
32.10, 0.5550, -5.537
32.11, 0.5540, -5.165
32.12, 0.5530, -5.393
32.13, 0.5520, -6.703
32.14, 0.5510, -5.065
32.15, 0.5500, -5.629
32.16, 0.5490, -6.271
32.17, 0.5480, -4.326
32.18, 0.5470, -4.270
32.19, 0.5460, -4.772
32.20, 0.5450, -5.041
32.21, 0.5440, -5.845
32.22, 0.5430, -4.240
32.23, 0.5420, -4.974
32.24, 0.5410, -4.387
32.25, 0.5400, -4.042
32.26, 0.5390, -5.383
32.27, 0.5380, -4.947
32.28, 0.5370, -4.762
32.29, 0.5360, -4.300
32.30, 0.5350, -3.666
32.31, 0.5340, -5.197
32.32, 0.5330, -3.869
32.33, 0.5320, -5.624
32.34, 0.5310, -4.927
32.35, 0.5300, -5.384
32.36, 0.5290, -5.058
32.37, 0.5280, -4.243
32.38, 0.5270, -4.092
32.39, 0.5260, -4.774
32.40, 0.5250, -5.952
32.41, 0.5240, -5.361
32.42, 0.5230, -3.883
32.43, 0.5220, -7.307
32.44, 0.5210, -6.419
32.45, 0.5200, -5.387
32.46, 0.5190, -5.979
32.47, 0.5180, -4.901
32.48, 0.5170, -4.487
32.49, 0.5160, -5.430
32.50, 0.5150, -5.320
32.51, 0.5140, -6.686
32.52, 0.5130, -5.414
32.53, 0.5120, -5.289
32.54, 0.5110, -5.663
32.55, 0.5100, -4.495
32.56, 0.5090, -4.703
32.57, 0.5080, -5.344
32.58, 0.5070, -5.710
32.59, 0.5060, -5.895
32.60, 0.5050, -4.851
32.61, 0.5040, -4.536
32.62, 0.5030, -6.163
32.63, 0.5020, -5.522
32.64, 0.5010, -6.962
32.65, 0.5000, -5.595
32.66, 0.4990, -4.820
32.67, 0.4980, -4.581
32.68, 0.4970, -5.023
32.69, 0.4960, -5.180
32.70, 0.4950, -3.303
32.71, 0.4940, -7.077
32.72, 0.4930, -6.052
32.73, 0.4920, -4.887
32.74, 0.4910, -6.918
32.75, 0.4900, -4.112
32.76, 0.4890, -7.225
32.77, 0.4880, -5.663
32.78, 0.4870, -5.464
32.79, 0.4860, -6.550
32.80, 0.4850, -5.991
32.81, 0.4840, -5.597
32.82, 0.4830, -5.501
32.83, 0.4820, -5.630
32.84, 0.4810, -6.567
32.85, 0.4800, -7.162
32.86, 0.4790, -5.081
32.87, 0.4780, -5.444
32.88, 0.4770, -6.902
32.89, 0.4760, -5.061
32.90, 0.4750, -7.420
32.91, 0.4740, -6.657
32.92, 0.4730, -6.606
32.93, 0.4720, -6.111
32.94, 0.4710, -6.250
32.95, 0.4700, -6.435
32.96, 0.4690, -5.497
32.97, 0.4680, -4.195
32.98, 0.4670, -5.962
32.99, 0.4660, -6.158
33.00, 0.4650, -4.912
33.01, 0.4640, -5.166
33.02, 0.4630, -5.291
33.03, 0.4620, -5.932
33.04, 0.4610, -5.693
33.05, 0.4600, -5.512
33.06, 0.4590, -6.462
33.07, 0.4580, -6.476
33.08, 0.4570, -6.030
33.09, 0.4560, -5.793
33.10, 0.4550, -4.478
33.11, 0.4540, -4.898
33.12, 0.4530, -5.838
33.13, 0.4520, -5.623
33.14, 0.4510, -5.591
33.15, 0.4500, -5.575
33.16, 0.4490, -4.721
33.17, 0.4480, -4.095
33.18, 0.4470, -6.246
33.19, 0.4460, -5.205
33.20, 0.4450, -5.860
33.21, 0.4440, -6.345
33.22, 0.4430, -5.723
33.23, 0.4420, -6.452
33.24, 0.4410, -5.988
33.25, 0.4400, -5.419
33.26, 0.4390, -6.547
33.27, 0.4380, -5.905
33.28, 0.4370, -5.343
33.29, 0.4360, -7.622
33.30, 0.4350, -4.900
33.31, 0.4340, -6.696
33.32, 0.4330, -6.978
33.33, 0.4320, -6.369
33.34, 0.4310, -5.897
33.35, 0.4300, -4.968
33.36, 0.4290, -5.585
33.37, 0.4280, -6.990
33.38, 0.4270, -7.555
33.39, 0.4260, -6.037
33.40, 0.4250, -4.954
33.41, 0.4240, -7.358
33.42, 0.4230, -4.539
33.43, 0.4220, -5.570
33.44, 0.4210, -7.003
33.45, 0.4200, -5.457
33.46, 0.4190, -5.942
33.47, 0.4180, -5.561
33.48, 0.4170, -5.486
33.49, 0.4160, -4.505
33.50, 0.4150, -4.742
33.51, 0.4140, -5.681
33.52, 0.4130, -4.984
33.53, 0.4120, -6.021
33.54, 0.4110, -5.003
33.55, 0.4100, -6.511
33.56, 0.4090, -6.201
33.57, 0.4080, -5.298
33.58, 0.4070, -6.866
33.59, 0.4060, -5.187
33.60, 0.4050, -7.677
33.61, 0.4040, -6.407
33.62, 0.4030, -5.923
33.63, 0.4020, -6.406
33.64, 0.4010, -5.299
33.65, 0.4000, -8.729
33.66, 0.3990, -6.703
33.67, 0.3980, -6.525
33.68, 0.3970, -5.923
33.69, 0.3960, -8.223
33.70, 0.3950, -6.119
33.71, 0.3940, -6.564
33.72, 0.3930, -7.186
33.73, 0.3920, -7.166
33.74, 0.3910, -6.326
33.75, 0.3900, -5.349
33.76, 0.3890, -6.117
33.77, 0.3880, -7.325
33.78, 0.3870, -7.072
33.79, 0.3860, -5.919
33.80, 0.3850, -7.358
33.81, 0.3840, -6.335
33.82, 0.3830, -5.831
33.83, 0.3820, -6.268
33.84, 0.3810, -5.983
33.85, 0.3800, -6.717
33.86, 0.3790, -6.464
33.87, 0.3780, -6.794
33.88, 0.3770, -7.113
33.89, 0.3760, -7.584
33.90, 0.3750, -6.066
33.91, 0.3740, -5.837
33.92, 0.3730, -6.592
33.93, 0.3720, -6.546
33.94, 0.3710, -5.258
33.95, 0.3700, -7.850
33.96, 0.3690, -5.663
33.97, 0.3680, -6.931
33.98, 0.3670, -5.746
33.99, 0.3660, -7.002
34.00, 0.3650, -6.632
34.01, 0.3640, -5.752
34.02, 0.3630, -4.441
34.03, 0.3620, -5.921
34.04, 0.3610, -4.370
34.05, 0.3600, -5.921
34.06, 0.3590, -6.540
34.07, 0.3580, -5.702
34.08, 0.3570, -5.500
34.09, 0.3560, -6.517
34.10, 0.3550, -6.741
34.11, 0.3540, -6.832
34.12, 0.3530, -6.525
34.13, 0.3520, -8.640
34.14, 0.3510, -6.843
34.15, 0.3500, -8.860
34.16, 0.3490, -6.123
34.17, 0.3480, -7.516
34.18, 0.3470, -7.370
34.19, 0.3460, -7.524
34.20, 0.3450, -5.912
34.21, 0.3440, -7.639
34.22, 0.3430, -6.829
34.23, 0.3420, -5.695
34.24, 0.3410, -6.125
34.25, 0.3400, -6.496
34.26, 0.3390, -7.311
34.27, 0.3380, -7.271
34.28, 0.3370, -6.761
34.29, 0.3360, -5.469
34.30, 0.3350, -5.308
34.31, 0.3340, -5.697
34.32, 0.3330, -5.722
34.33, 0.3320, -7.533
34.34, 0.3310, -7.105
34.35, 0.3300, -7.011
34.36, 0.3290, -6.348
34.37, 0.3280, -7.216
34.38, 0.3270, -7.203
34.39, 0.3260, -6.805
34.40, 0.3250, -6.086
34.41, 0.3240, -7.073
34.42, 0.3230, -6.361
34.43, 0.3220, -5.901
34.44, 0.3210, -6.199
34.45, 0.3200, -7.041
34.46, 0.3190, -5.809
34.47, 0.3180, -5.968
34.48, 0.3170, -6.150
34.49, 0.3160, -6.702
34.50, 0.3150, -7.919
34.51, 0.3140, -6.914
34.52, 0.3130, -5.760
34.53, 0.3120, -8.842
34.54, 0.3110, -6.630
34.55, 0.3100, -6.291
34.56, 0.3090, -6.571
34.57, 0.3080, -7.738
34.58, 0.3070, -9.442
34.59, 0.3060, -7.642
34.60, 0.3050, -7.423
34.61, 0.3040, -7.454
34.62, 0.3030, -10.02
34.63, 0.3020, -7.450
34.64, 0.3010, -8.178
34.65, 0.3000, -9.627
34.66, 0.2990, -7.928
34.67, 0.2980, -8.304
34.68, 0.2970, -7.604
34.69, 0.2960, -7.663
34.70, 0.2950, -7.826
34.71, 0.2940, -7.251
34.72, 0.2930, -6.026
34.73, 0.2920, -7.980
34.74, 0.2910, -5.351
34.75, 0.2900, -6.139
34.76, 0.2890, -7.485
34.77, 0.2880, -8.031
34.78, 0.2870, -6.421
34.79, 0.2860, -7.174
34.80, 0.2850, -7.180
34.81, 0.2840, -8.156
34.82, 0.2830, -6.751
34.83, 0.2820, -5.441
34.84, 0.2810, -6.255
34.85, 0.2800, -8.246
