0.01000, -0.8000, -26.70
0.02000, -0.8000, -18.75
0.03000, -0.8000, -16.85
0.04000, -0.8000, -15.87
0.05000, -0.8000, -14.49
0.06000, -0.8000, -13.73
0.07000, -0.8000, -12.72
0.08000, -0.8000, -12.80
0.09000, -0.8000, -11.20
0.1000, -0.8000, -12.52
0.1100, -0.8000, -10.46
0.1200, -0.8000, -11.71
0.1300, -0.8000, -10.88
0.1400, -0.8000, -10.31
0.1500, -0.8000, -10.47
0.1600, -0.8000, -11.15
0.1700, -0.8000, -10.44
0.1800, -0.8000, -11.50
0.1900, -0.8000, -10.64
0.2000, -0.8000, -11.13
0.2100, -0.8000, -11.10
0.2200, -0.8000, -11.10
0.2300, -0.8000, -10.33
0.2400, -0.8000, -10.15
0.2500, -0.8000, -10.27
0.2600, -0.8000, -9.418
0.2700, -0.8000, -8.531
0.2800, -0.8000, -11.58
0.2900, -0.8000, -9.856
0.3000, -0.8000, -10.60
0.3100, -0.8000, -10.17
0.3200, -0.8000, -10.79
0.3300, -0.8000, -10.44
0.3400, -0.8000, -8.634
0.3500, -0.8000, -9.887
0.3600, -0.8000, -8.231
0.3700, -0.8000, -10.15
0.3800, -0.8000, -8.627
0.3900, -0.8000, -9.320
0.4000, -0.8000, -9.341
0.4100, -0.8000, -9.290
0.4200, -0.8000, -9.795
0.4300, -0.8000, -9.496
0.4400, -0.8000, -8.869
0.4500, 0.000, -9.372
0.4600, 0.001000, 13.46
0.4700, 0.002000, 6.151
0.4800, 0.003000, 3.128
0.4900, 0.004000, 1.177
0.5000, 0.005000, 0.1298
0.5100, 0.006000, -0.9873
0.5200, 0.007000, -2.070
0.5300, 0.008000, -2.219
0.5400, 0.009000, -2.093
0.5500, 0.01000, -2.824
0.5600, 0.01100, -1.966
0.5700, 0.01200, -3.662
0.5800, 0.01300, -3.367
0.5900, 0.01400, -4.293
0.6000, 0.01500, -2.959
0.6100, 0.01600, -4.882
0.6200, 0.01700, -2.713
0.6300, 0.01800, -2.734
0.6400, 0.01900, -3.815
0.6500, 0.02000, -4.060
0.6600, 0.02100, -3.500
0.6700, 0.02200, -3.819
0.6800, 0.02300, -3.740
0.6900, 0.02400, -4.471
0.7000, 0.02500, -3.697
0.7100, 0.02600, -3.211
0.7200, 0.02700, -3.633
0.7300, 0.02800, -3.694
0.7400, 0.02900, -3.850
0.7500, 0.03000, -4.240
0.7600, 0.03100, -4.568
0.7700, 0.03200, -4.969
0.7800, 0.03300, -3.640
0.7900, 0.03400, -3.954
0.8000, 0.03500, -4.729
0.8100, 0.03600, -3.170
0.8200, 0.03700, -5.128
0.8300, 0.03800, -3.469
0.8400, 0.03900, -5.238
0.8500, 0.04000, -3.720
0.8600, 0.04100, -4.797
0.8700, 0.04200, -4.048
0.8800, 0.04300, -3.712
0.8900, 0.04400, -4.125
0.9000, 0.04500, -4.338
0.9100, 0.04600, -3.902
0.9200, 0.04700, -3.967
0.9300, 0.04800, -3.965
0.9400, 0.04900, -4.045
0.9500, 0.05000, -2.845
0.9600, 0.05100, -2.590
0.9700, 0.05200, -3.739
0.9800, 0.05300, -3.670
0.9900, 0.05400, -5.326
1.000, 0.05500, -3.807
1.010, 0.05600, -1.886
1.020, 0.05700, -4.179
1.030, 0.05800, -4.575
1.040, 0.05900, -3.686
1.050, 0.06000, -4.640
1.060, 0.06100, -2.724
1.070, 0.06200, -4.956
1.080, 0.06300, -3.985
1.090, 0.06400, -3.266
1.100, 0.06500, -4.513
1.110, 0.06600, -3.599
1.120, 0.06700, -3.428
1.130, 0.06800, -3.715
1.140, 0.06900, -3.289
1.150, 0.07000, -4.013
1.160, 0.07100, -3.454
1.170, 0.07200, -3.722
1.180, 0.07300, -3.564
1.190, 0.07400, -4.137
1.200, 0.07500, -4.386
1.210, 0.07600, -3.941
1.220, 0.07700, -4.674
1.230, 0.07800, -3.226
1.240, 0.07900, -5.595
1.250, 0.08000, -3.095
1.260, 0.08100, -2.699
1.270, 0.08200, -4.009
1.280, 0.08300, -3.481
1.290, 0.08400, -5.281
1.300, 0.08500, -4.549
1.310, 0.08600, -3.244
1.320, 0.08700, -4.909
1.330, 0.08800, -4.801
1.340, 0.08900, -3.277
1.350, 0.09000, -4.671
1.360, 0.09100, -4.707
1.370, 0.09200, -4.748
1.380, 0.09300, -5.067
1.390, 0.09400, -4.210
1.400, 0.09500, -4.576
1.410, 0.09600, -3.873
1.420, 0.09700, -4.406
1.430, 0.09800, -3.813
1.440, 0.09900, -4.427
1.450, 0.1000, -3.582
1.460, 0.1010, -4.066
1.470, 0.1020, -4.422
1.480, 0.1030, -3.899
1.490, 0.1040, -3.400
1.500, 0.1050, -3.298
1.510, 0.1060, -4.409
1.520, 0.1070, -5.085
1.530, 0.1080, -3.925
1.540, 0.1090, -3.807
1.550, 0.1100, -3.186
1.560, 0.1110, -3.127
1.570, 0.1120, -4.051
1.580, 0.1130, -5.168
1.590, 0.1140, -4.984
1.600, 0.1150, -3.856
1.610, 0.1160, -4.689
1.620, 0.1170, -3.899
1.630, 0.1180, -3.789
1.640, 0.1190, -3.469
1.650, 0.1200, -3.102
1.660, 0.1210, -3.407
1.670, 0.1220, -4.275
1.680, 0.1230, -3.961
1.690, 0.1240, -3.816
1.700, 0.1250, -3.606
1.710, 0.1260, -3.705
1.720, 0.1270, -3.244
1.730, 0.1280, -3.621
1.740, 0.1290, -4.447
1.750, 0.1300, -4.502
1.760, 0.1310, -4.337
1.770, 0.1320, -3.557
1.780, 0.1330, -3.041
1.790, 0.1340, -4.473
1.800, 0.1350, -3.183
1.810, 0.1360, -2.557
1.820, 0.1370, -3.236
1.830, 0.1380, -4.152
1.840, 0.1390, -2.458
1.850, 0.1400, -4.063
1.860, 0.1410, -3.149
1.870, 0.1420, -3.580
1.880, 0.1430, -5.113
1.890, 0.1440, -5.653
1.900, 0.1450, -3.286
1.910, 0.1460, -4.062
1.920, 0.1470, -3.328
1.930, 0.1480, -4.511
1.940, 0.1490, -5.012
1.950, 0.1500, -3.099
1.960, 0.1510, -3.193
1.970, 0.1520, -3.281
1.980, 0.1530, -2.836
1.990, 0.1540, -3.099
2.000, 0.1550, -3.322
2.010, 0.1560, -3.397
2.020, 0.1570, -3.617
2.030, 0.1580, -3.497
2.040, 0.1590, -4.841
2.050, 0.1600, -2.803
2.060, 0.1610, -4.533
2.070, 0.1620, -2.989
2.080, 0.1630, -3.371
2.090, 0.1640, -3.933
2.100, 0.1650, -4.162
2.110, 0.1660, -2.170
2.120, 0.1670, -3.622
2.130, 0.1680, -4.037
2.140, 0.1690, -4.609
2.150, 0.1700, -3.545
2.160, 0.1710, -4.363
2.170, 0.1720, -3.320
2.180, 0.1730, -3.992
2.190, 0.1740, -2.469
2.200, 0.1750, -4.020
2.210, 0.1760, -4.701
2.220, 0.1770, -2.928
2.230, 0.1780, -2.852
2.240, 0.1790, -2.704
2.250, 0.1800, -2.537
2.260, 0.1810, -3.055
2.270, 0.1820, -3.797
2.280, 0.1830, -3.108
2.290, 0.1840, -3.360
2.300, 0.1850, -3.770
2.310, 0.1860, -3.003
2.320, 0.1870, -2.631
2.330, 0.1880, -3.610
2.340, 0.1890, -3.607
2.350, 0.1900, -2.556
2.360, 0.1910, -2.837
2.370, 0.1920, -3.650
2.380, 0.1930, -2.924
2.390, 0.1940, -4.064
2.400, 0.1950, -2.338
2.410, 0.1960, -3.723
2.420, 0.1970, -3.816
2.430, 0.1980, -2.979
2.440, 0.1990, -2.957
2.450, 0.2000, -2.291
2.460, 0.2010, -3.587
2.470, 0.2020, -2.815
2.480, 0.2030, -4.071
2.490, 0.2040, -4.330
2.500, 0.2050, -2.089
2.510, 0.2060, -2.538
2.520, 0.2070, -2.286
2.530, 0.2080, -1.115
2.540, 0.2090, -3.016
2.550, 0.2100, -2.334
2.560, 0.2110, -1.956
2.570, 0.2120, -3.759
2.580, 0.2130, -3.184
2.590, 0.2140, -2.954
2.600, 0.2150, -3.609
2.610, 0.2160, -2.736
2.620, 0.2170, -1.709
2.630, 0.2180, -2.740
2.640, 0.2190, -3.036
2.650, 0.2200, -2.499
2.660, 0.2210, -3.393
2.670, 0.2220, -4.065
2.680, 0.2230, -4.454
2.690, 0.2240, -1.880
2.700, 0.2250, -3.419
2.710, 0.2260, -2.331
2.720, 0.2270, -1.655
2.730, 0.2280, -2.288
2.740, 0.2290, -2.921
2.750, 0.2300, -1.438
2.760, 0.2310, -2.904
2.770, 0.2320, -1.845
2.780, 0.2330, -3.380
2.790, 0.2340, -3.541
2.800, 0.2350, -2.153
2.810, 0.2360, -3.559
2.820, 0.2370, -1.606
2.830, 0.2380, -2.529
2.840, 0.2390, -3.120
2.850, 0.2400, -3.606
2.860, 0.2410, -2.314
2.870, 0.2420, -1.668
2.880, 0.2430, -2.286
2.890, 0.2440, -2.620
2.900, 0.2450, -2.794
2.910, 0.2460, -2.618
2.920, 0.2470, -2.591
2.930, 0.2480, -3.281
2.940, 0.2490, -1.974
2.950, 0.2500, -2.652
2.960, 0.2510, -3.006
2.970, 0.2520, -3.352
2.980, 0.2530, -3.575
2.990, 0.2540, -3.546
3.000, 0.2550, -2.507
3.010, 0.2560, -2.262
3.020, 0.2570, -2.026
3.030, 0.2580, -3.115
3.040, 0.2590, -2.409
3.050, 0.2600, -1.345
3.060, 0.2610, -2.796
3.070, 0.2620, -2.785
3.080, 0.2630, -1.548
3.090, 0.2640, -1.909
3.100, 0.2650, -2.466
3.110, 0.2660, -2.380
3.120, 0.2670, -1.869
3.130, 0.2680, -1.905
3.140, 0.2690, -3.495
3.150, 0.2700, -1.134
3.160, 0.2710, -3.637
3.170, 0.2720, -3.081
3.180, 0.2730, -2.084
3.190, 0.2740, -3.249
3.200, 0.2750, -1.390
3.210, 0.2760, -3.215
3.220, 0.2770, -1.842
3.230, 0.2780, -2.613
3.240, 0.2790, -0.7908
3.250, 0.2800, -2.405
3.260, 0.2810, -1.267
3.270, 0.2820, -2.891
3.280, 0.2830, -1.760
3.290, 0.2840, -2.106
3.300, 0.2850, -1.858
3.310, 0.2860, -0.6331
3.320, 0.2870, -0.7415
3.330, 0.2880, -1.490
3.340, 0.2890, -2.998
3.350, 0.2900, -1.231
3.360, 0.2910, -1.655
3.370, 0.2920, -1.957
3.380, 0.2930, -2.093
3.390, 0.2940, -1.749
3.400, 0.2950, -1.781
3.410, 0.2960, -1.593
3.420, 0.2970, -0.8410
3.430, 0.2980, -1.989
3.440, 0.2990, -0.6811
3.450, 0.3000, -0.9113
3.460, 0.3010, -1.851
3.470, 0.3020, -2.524
3.480, 0.3030, -0.6778
3.490, 0.3040, 0.4043
3.500, 0.3050, -0.2382
3.510, 0.3060, -0.3447
3.520, 0.3070, -0.7504
3.530, 0.3080, -0.07540
3.540, 0.3090, -2.615
3.550, 0.3100, -1.589
3.560, 0.3110, -0.01322
3.570, 0.3120, -0.9199
3.580, 0.3130, -1.661
3.590, 0.3140, -0.2431
3.600, 0.3150, 0.1613
3.610, 0.3160, -0.7166
3.620, 0.3170, -0.2469
3.630, 0.3180, -0.5804
3.640, 0.3190, -1.331
3.650, 0.3200, -0.005583
3.660, 0.3210, 0.9049
3.670, 0.3220, -0.5482
3.680, 0.3230, -0.03446
3.690, 0.3240, 0.1377
3.700, 0.3250, 0.3300
3.710, 0.3260, -0.9622
3.720, 0.3270, -0.5159
3.730, 0.3280, 1.176
3.740, 0.3290, 0.2270
3.750, 0.3300, -0.8953
3.760, 0.3310, 0.7390
3.770, 0.3320, -0.5179
3.780, 0.3330, -0.6932
3.790, 0.3340, -0.4847
3.800, 0.3350, 1.011
3.810, 0.3360, 1.470
3.820, 0.3370, 0.6244
3.830, 0.3380, 0.5217
3.840, 0.3390, 1.471
3.850, 0.3400, 1.206
3.860, 0.3410, 0.8726
3.870, 0.3420, 0.06237
3.880, 0.3430, -0.4225
3.890, 0.3440, 0.4865
3.900, 0.3450, 2.003
3.910, 0.3460, 2.098
3.920, 0.3470, 0.7146
3.930, 0.3480, 0.5485
3.940, 0.3490, 1.004
3.950, 0.3500, 1.858
3.960, 0.3510, 1.703
3.970, 0.3520, 1.472
3.980, 0.3530, 2.711
3.990, 0.3540, 1.143
4.000, 0.3550, 0.9507
4.010, 0.3560, 0.9860
4.020, 0.3570, 2.597
4.030, 0.3580, 1.252
4.040, 0.3590, 0.9470
4.050, 0.3600, 1.965
4.060, 0.3610, 1.697
4.070, 0.3620, 3.463
4.080, 0.3630, 4.041
4.090, 0.3640, 3.678
4.100, 0.3650, 3.111
4.110, 0.3660, 3.037
4.120, 0.3670, 3.746
4.130, 0.3680, 3.302
4.140, 0.3690, 3.362
4.150, 0.3700, 2.854
4.160, 0.3710, 4.940
4.170, 0.3720, 3.141
4.180, 0.3730, 3.581
4.190, 0.3740, 4.281
4.200, 0.3750, 4.791
4.210, 0.3760, 2.968
4.220, 0.3770, 3.326
4.230, 0.3780, 4.025
4.240, 0.3790, 5.086
4.250, 0.3800, 4.750
4.260, 0.3810, 3.966
4.270, 0.3820, 4.894
4.280, 0.3830, 4.006
4.290, 0.3840, 4.451
4.300, 0.3850, 4.252
4.310, 0.3860, 3.433
4.320, 0.3870, 3.530
4.330, 0.3880, 2.152
4.340, 0.3890, 5.357
4.350, 0.3900, 3.704
4.360, 0.3910, 2.926
4.370, 0.3920, 3.966
4.380, 0.3930, 5.833
4.390, 0.3940, 3.487
4.400, 0.3950, 4.057
4.410, 0.3960, 4.356
4.420, 0.3970, 5.425
4.430, 0.3980, 5.567
4.440, 0.3990, 4.506
4.450, 0.4000, 5.134
4.460, 0.4010, 5.936
4.470, 0.4020, 5.451
4.480, 0.4030, 4.506
4.490, 0.4040, 7.044
4.500, 0.4050, 5.688
4.510, 0.4060, 5.445
4.520, 0.4070, 5.438
4.530, 0.4080, 7.123
4.540, 0.4090, 7.070
4.550, 0.4100, 7.102
4.560, 0.4110, 5.623
4.570, 0.4120, 5.936
4.580, 0.4130, 7.509
4.590, 0.4140, 5.523
4.600, 0.4150, 6.337
4.610, 0.4160, 7.066
4.620, 0.4170, 7.083
4.630, 0.4180, 7.251
4.640, 0.4190, 6.792
4.650, 0.4200, 7.564
4.660, 0.4210, 7.843
4.670, 0.4220, 7.088
4.680, 0.4230, 7.211
4.690, 0.4240, 7.439
4.700, 0.4250, 6.769
4.710, 0.4260, 8.699
4.720, 0.4270, 7.940
4.730, 0.4280, 7.655
4.740, 0.4290, 8.911
4.750, 0.4300, 7.763
4.760, 0.4310, 7.685
4.770, 0.4320, 7.200
4.780, 0.4330, 9.232
4.790, 0.4340, 8.648
4.800, 0.4350, 8.573
4.810, 0.4360, 9.545
4.820, 0.4370, 8.365
4.830, 0.4380, 8.577
4.840, 0.4390, 9.274
4.850, 0.4400, 9.763
4.860, 0.4410, 8.747
4.870, 0.4420, 9.723
4.880, 0.4430, 9.897
4.890, 0.4440, 9.673
4.900, 0.4450, 10.03
4.910, 0.4460, 10.15
4.920, 0.4470, 9.750
4.930, 0.4480, 10.95
4.940, 0.4490, 9.733
4.950, 0.4500, 8.732
4.960, 0.4510, 9.509
4.970, 0.4520, 10.76
4.980, 0.4530, 10.77
4.990, 0.4540, 10.81
5.000, 0.4550, 9.955
5.010, 0.4560, 10.81
5.020, 0.4570, 10.82
5.030, 0.4580, 10.64
5.040, 0.4590, 11.12
5.050, 0.4600, 9.095
5.060, 0.4610, 10.16
5.070, 0.4620, 10.04
5.080, 0.4630, 12.01
5.090, 0.4640, 10.82
5.100, 0.4650, 10.62
5.110, 0.4660, 11.57
5.120, 0.4670, 11.72
5.130, 0.4680, 12.24
5.140, 0.4690, 10.76
5.150, 0.4700, 11.31
5.160, 0.4710, 10.88
5.170, 0.4720, 11.17
5.180, 0.4730, 12.11
5.190, 0.4740, 11.89
5.200, 0.4750, 11.70
5.210, 0.4760, 13.21
5.220, 0.4770, 12.84
5.230, 0.4780, 11.68
5.240, 0.4790, 11.66
5.250, 0.4800, 11.92
5.260, 0.4810, 11.88
5.270, 0.4820, 10.90
5.280, 0.4830, 11.68
5.290, 0.4840, 11.72
5.300, 0.4850, 13.81
5.310, 0.4860, 12.77
5.320, 0.4870, 13.31
5.330, 0.4880, 13.23
5.340, 0.4890, 13.10
5.350, 0.4900, 13.28
5.360, 0.4910, 13.53
5.370, 0.4920, 12.92
5.380, 0.4930, 13.39
5.390, 0.4940, 12.95
5.400, 0.4950, 13.94
5.410, 0.4960, 13.07
5.420, 0.4970, 13.83
5.430, 0.4980, 14.01
5.440, 0.4990, 13.95
5.450, 0.5000, 13.77
5.460, 0.5010, 13.13
5.470, 0.5020, 14.51
5.480, 0.5030, 14.18
5.490, 0.5040, 13.22
5.500, 0.5050, 14.14
5.510, 0.5060, 14.38
5.520, 0.5070, 12.60
5.530, 0.5080, 13.87
5.540, 0.5090, 13.77
5.550, 0.5100, 13.97
5.560, 0.5110, 14.29
5.570, 0.5120, 14.07
5.580, 0.5130, 14.84
5.590, 0.5140, 13.66
5.600, 0.5150, 13.92
5.610, 0.5160, 14.68
5.620, 0.5170, 14.97
5.630, 0.5180, 14.87
5.640, 0.5190, 14.32
5.650, 0.5200, 13.88
5.660, 0.5210, 14.37
5.670, 0.5220, 16.15
5.680, 0.5230, 14.38
5.690, 0.5240, 14.84
5.700, 0.5250, 15.01
5.710, 0.5260, 15.18
5.720, 0.5270, 15.59
5.730, 0.5280, 14.99
5.740, 0.5290, 15.55
5.750, 0.5300, 16.03
5.760, 0.5310, 15.85
5.770, 0.5320, 14.98
5.780, 0.5330, 15.06
5.790, 0.5340, 15.20
5.800, 0.5350, 15.49
5.810, 0.5360, 14.74
5.820, 0.5370, 15.96
5.830, 0.5380, 16.62
5.840, 0.5390, 16.68
5.850, 0.5400, 15.86
5.860, 0.5410, 14.26
5.870, 0.5420, 15.21
5.880, 0.5430, 15.25
5.890, 0.5440, 15.26
5.900, 0.5450, 15.31
5.910, 0.5460, 16.29
5.920, 0.5470, 16.36
5.930, 0.5480, 16.07
5.940, 0.5490, 14.85
5.950, 0.5500, 14.04
5.960, 0.5510, 15.72
5.970, 0.5520, 15.12
5.980, 0.5530, 15.78
5.990, 0.5540, 15.22
6.000, 0.5550, 16.06
6.010, 0.5560, 15.37
6.020, 0.5570, 15.99
6.030, 0.5580, 16.02
6.040, 0.5590, 15.97
6.050, 0.5600, 16.47
6.060, 0.5610, 16.59
6.070, 0.5620, 15.70
6.080, 0.5630, 16.38
6.090, 0.5640, 15.63
6.100, 0.5650, 15.68
6.110, 0.5660, 15.81
6.120, 0.5670, 16.25
6.130, 0.5680, 16.50
6.140, 0.5690, 14.67
6.150, 0.5700, 16.11
6.160, 0.5710, 15.95
6.170, 0.5720, 16.39
6.180, 0.5730, 16.40
6.190, 0.5740, 15.88
6.200, 0.5750, 16.20
6.210, 0.5760, 15.89
6.220, 0.5770, 15.94
6.230, 0.5780, 16.82
6.240, 0.5790, 16.33
6.250, 0.5800, 16.40
6.260, 0.5810, 16.28
6.270, 0.5820, 16.24
6.280, 0.5830, 15.53
6.290, 0.5840, 16.92
6.300, 0.5850, 15.99
6.310, 0.5860, 16.46
6.320, 0.5870, 16.57
6.330, 0.5880, 15.00
6.340, 0.5890, 17.10
6.350, 0.5900, 16.77
6.360, 0.5910, 15.92
6.370, 0.5920, 15.25
6.380, 0.5930, 17.00
6.390, 0.5940, 16.75
6.400, 0.5950, 15.02
6.410, 0.5960, 16.52
6.420, 0.5970, 15.26
6.430, 0.5980, 16.04
6.440, 0.5990, 15.21
6.450, 0.6000, 15.44
6.460, 0.6010, 14.96
6.470, 0.6020, 16.77
6.480, 0.6030, 16.54
6.490, 0.6040, 16.33
6.500, 0.6050, 16.26
6.510, 0.6060, 16.75
6.520, 0.6070, 16.69
6.530, 0.6080, 15.20
6.540, 0.6090, 15.51
6.550, 0.6100, 15.16
6.560, 0.6110, 16.37
6.570, 0.6120, 15.96
6.580, 0.6130, 16.32
6.590, 0.6140, 16.99
6.600, 0.6150, 17.11
6.610, 0.6160, 16.86
6.620, 0.6170, 17.36
6.630, 0.6180, 17.07
6.640, 0.6190, 16.76
6.650, 0.6200, 16.52
6.660, 0.6210, 16.99
6.670, 0.6220, 17.80
6.680, 0.6230, 17.50
6.690, 0.6240, 17.88
6.700, 0.6250, 17.34
6.710, 0.6260, 16.64
6.720, 0.6270, 16.66
6.730, 0.6280, 17.25
6.740, 0.6290, 17.31
6.750, 0.6300, 17.16
6.760, 0.6310, 16.95
6.770, 0.6320, 16.01
6.780, 0.6330, 15.22
6.790, 0.6340, 14.71
6.800, 0.6350, 16.29
6.810, 0.6360, 17.12
6.820, 0.6370, 16.65
6.830, 0.6380, 17.30
6.840, 0.6390, 16.43
6.850, 0.6400, 15.36
6.860, 0.6410, 15.26
6.870, 0.6420, 16.87
6.880, 0.6430, 17.22
6.890, 0.6440, 15.53
6.900, 0.6450, 15.83
6.910, 0.6460, 16.18
6.920, 0.6470, 14.80
6.930, 0.6480, 14.95
6.940, 0.6490, 15.43
6.950, 0.6500, 14.73
6.960, 0.6510, 16.12
6.970, 0.6520, 15.62
6.980, 0.6530, 16.73
6.990, 0.6540, 15.68
7.000, 0.6550, 16.37
7.010, 0.6560, 16.23
7.020, 0.6570, 18.10
7.030, 0.6580, 15.59
7.040, 0.6590, 16.29
7.050, 0.6600, 16.88
7.060, 0.6610, 16.90
7.070, 0.6620, 16.04
7.080, 0.6630, 15.45
7.090, 0.6640, 15.57
7.100, 0.6650, 15.87
7.110, 0.6660, 16.81
7.120, 0.6670, 16.31
7.130, 0.6680, 15.53
7.140, 0.6690, 15.86
7.150, 0.6700, 16.32
7.160, 0.6710, 17.07
7.170, 0.6720, 16.54
7.180, 0.6730, 16.38
7.190, 0.6740, 16.18
7.200, 0.6750, 15.37
7.210, 0.6760, 15.69
7.220, 0.6770, 15.48
7.230, 0.6780, 15.70
7.240, 0.6790, 16.03
7.250, 0.6800, 17.14
7.260, 0.6810, 15.81
7.270, 0.6820, 15.87
7.280, 0.6830, 15.84
7.290, 0.6840, 15.48
7.300, 0.6850, 17.59
7.310, 0.6860, 16.96
7.320, 0.6870, 16.58
7.330, 0.6880, 17.17
7.340, 0.6890, 16.32
7.350, 0.6900, 16.32
7.360, 0.6910, 16.69
7.370, 0.6920, 16.40
7.380, 0.6930, 14.81
7.390, 0.6940, 16.23
7.400, 0.6950, 14.76
7.410, 0.6960, 17.72
7.420, 0.6970, 16.04
7.430, 0.6980, 15.39
7.440, 0.6990, 14.97
7.450, 0.7000, 15.44
7.460, 0.7010, 16.62
7.470, 0.7020, 15.39
7.480, 0.7030, 16.68
7.490, 0.7040, 14.78
7.500, 0.7050, 15.57
7.510, 0.7060, 16.93
7.520, 0.7070, 15.67
7.530, 0.7080, 15.64
7.540, 0.7090, 14.90
7.550, 0.7100, 16.14
7.560, 0.7110, 17.59
7.570, 0.7120, 15.11
7.580, 0.7130, 15.91
7.590, 0.7140, 16.45
7.600, 0.7150, 14.65
7.610, 0.7160, 16.42
7.620, 0.7170, 16.44
7.630, 0.7180, 15.56
7.640, 0.7190, 16.69
7.650, 0.7200, 17.36
7.660, 0.7210, 16.52
7.670, 0.7220, 17.64
7.680, 0.7230, 16.84
7.690, 0.7240, 17.33
7.700, 0.7250, 16.99
7.710, 0.7260, 15.79
7.720, 0.7270, 16.29
7.730, 0.7280, 17.15
7.740, 0.7290, 16.25
7.750, 0.7300, 17.07
7.760, 0.7310, 16.92
7.770, 0.7320, 17.83
7.780, 0.7330, 17.31
7.790, 0.7340, 16.68
7.800, 0.7350, 16.68
7.810, 0.7360, 16.75
7.820, 0.7370, 15.23
7.830, 0.7380, 16.42
7.840, 0.7390, 15.59
7.850, 0.7400, 16.02
7.860, 0.7410, 17.31
7.870, 0.7420, 17.60
7.880, 0.7430, 16.54
7.890, 0.7440, 15.40
7.900, 0.7450, 16.86
7.910, 0.7460, 16.70
7.920, 0.7470, 15.88
7.930, 0.7480, 17.14
7.940, 0.7490, 16.73
7.950, 0.7500, 16.18
7.960, 0.7510, 16.29
7.970, 0.7520, 14.35
7.980, 0.7530, 16.25
7.990, 0.7540, 16.56
8.000, 0.7550, 16.37
8.010, 0.7560, 15.37
8.020, 0.7570, 14.61
8.030, 0.7580, 16.13
8.040, 0.7590, 15.02
8.050, 0.7600, 16.27
8.060, 0.7610, 16.22
8.070, 0.7620, 16.40
8.080, 0.7630, 15.85
8.090, 0.7640, 16.55
8.100, 0.7650, 15.76
8.110, 0.7660, 17.55
8.120, 0.7670, 16.83
8.130, 0.7680, 15.59
8.140, 0.7690, 16.35
8.150, 0.7700, 16.30
8.160, 0.7710, 15.37
8.170, 0.7720, 15.77
8.180, 0.7730, 15.23
8.190, 0.7740, 17.60
8.200, 0.7750, 17.38
8.210, 0.7760, 16.89
8.220, 0.7770, 15.44
8.230, 0.7780, 14.94
8.240, 0.7790, 14.27
8.250, 0.7800, 17.53
8.260, 0.7810, 15.99
8.270, 0.7820, 16.07
8.280, 0.7830, 15.53
8.290, 0.7840, 16.37
8.300, 0.7850, 15.37
8.310, 0.7860, 16.35
8.320, 0.7870, 15.54
8.330, 0.7880, 15.97
8.340, 0.7890, 15.44
8.350, 0.7900, 14.97
8.360, 0.7910, 15.51
8.370, 0.7920, 16.72
8.380, 0.7930, 16.46
8.390, 0.7940, 14.67
8.400, 0.7950, 16.24
8.410, 0.7960, 16.59
8.420, 0.7970, 16.59
8.430, 0.7980, 16.65
8.440, 0.7990, 15.46
8.450, 0.8000, 16.64
8.460, 0.8010, 16.65
8.470, 0.8020, 14.66
8.480, 0.8030, 16.32
8.490, 0.8040, 16.43
8.500, 0.8050, 16.09
8.510, 0.8060, 15.61
8.520, 0.8070, 16.14
8.530, 0.8080, 14.71
8.540, 0.8090, 17.38
8.550, 0.8100, 15.56
8.560, 0.8110, 16.43
8.570, 0.8120, 16.98
8.580, 0.8130, 15.95
8.590, 0.8140, 14.90
8.600, 0.8150, 14.89
8.610, 0.8160, 16.98
8.620, 0.8170, 16.52
8.630, 0.8180, 16.86
8.640, 0.8190, 16.05
8.650, 0.8200, 16.36
8.660, 0.8210, 15.57
8.670, 0.8220, 15.55
8.680, 0.8230, 15.17
8.690, 0.8240, 16.59
8.700, 0.8250, 16.06
8.710, 0.8260, 15.52
8.720, 0.8270, 14.98
8.730, 0.8280, 14.58
8.740, 0.8290, 14.47
8.750, 0.8300, 16.16
8.760, 0.8310, 15.78
8.770, 0.8320, 15.45
8.780, 0.8330, 16.40
8.790, 0.8340, 15.99
8.800, 0.8350, 15.56
8.810, 0.8360, 15.60
8.820, 0.8370, 15.73
8.830, 0.8380, 16.14
8.840, 0.8390, 16.60
8.850, 0.8400, 15.97
8.860, 0.8410, 16.56
8.870, 0.8420, 15.35
8.880, 0.8430, 16.58
8.890, 0.8440, 16.86
8.900, 0.8450, 15.23
8.910, 0.8460, 16.25
8.920, 0.8470, 15.52
8.930, 0.8480, 15.90
8.940, 0.8490, 17.11
8.950, 0.8500, 14.89
8.960, 0.8510, 16.10
8.970, 0.8520, 16.32
8.980, 0.8530, 14.81
8.990, 0.8540, 16.26
9.000, 0.8550, 16.37
9.010, 0.8560, 16.28
9.020, 0.8570, 16.65
9.030, 0.8580, 16.12
9.040, 0.8590, 16.04
9.050, 0.8600, 16.51
9.060, 0.8610, 16.33
9.070, 0.8620, 15.97
9.080, 0.8630, 15.58
9.090, 0.8640, 14.44
9.100, 0.8650, 15.95
9.110, 0.8660, 15.35
9.120, 0.8670, 16.43
9.130, 0.8680, 16.27
9.140, 0.8690, 17.15
9.150, 0.8700, 16.63
9.160, 0.8710, 16.25
9.170, 0.8720, 16.20
9.180, 0.8730, 16.02
9.190, 0.8740, 17.38
9.200, 0.8750, 16.28
9.210, 0.8760, 16.03
9.220, 0.8770, 16.68
9.230, 0.8780, 16.00
9.240, 0.8790, 16.38
9.250, 0.8800, 15.02
9.260, 0.8810, 15.34
9.270, 0.8820, 16.64
9.280, 0.8830, 16.17
9.290, 0.8840, 16.27
9.300, 0.8850, 15.69
9.310, 0.8860, 15.33
9.320, 0.8870, 16.97
9.330, 0.8880, 14.26
9.340, 0.8890, 15.14
9.350, 0.8900, 16.00
9.360, 0.8910, 16.23
9.370, 0.8920, 15.28
9.380, 0.8930, 16.49
9.390, 0.8940, 14.90
9.400, 0.8950, 16.61
9.410, 0.8960, 15.38
9.420, 0.8970, 16.32
9.430, 0.8980, 15.77
9.440, 0.8990, 15.21
9.450, 0.9000, 15.85
9.460, 0.9010, 15.67
9.470, 0.9020, 16.10
9.480, 0.9030, 15.60
9.490, 0.9040, 14.62
9.500, 0.9050, 14.41
9.510, 0.9060, 16.38
9.520, 0.9070, 14.84
9.530, 0.9080, 15.22
9.540, 0.9090, 16.40
9.550, 0.9100, 16.51
9.560, 0.9110, 16.86
9.570, 0.9120, 17.15
9.580, 0.9130, 14.75
9.590, 0.9140, 15.36
9.600, 0.9150, 16.61
9.610, 0.9160, 15.90
9.620, 0.9170, 17.16
9.630, 0.9180, 16.22
9.640, 0.9190, 16.34
9.650, 0.9200, 16.65
9.660, 0.9210, 16.32
9.670, 0.9220, 15.62
9.680, 0.9230, 16.28
9.690, 0.9240, 15.51
9.700, 0.9250, 16.47
9.710, 0.9260, 17.04
9.720, 0.9270, 15.50
9.730, 0.9280, 16.07
9.740, 0.9290, 16.73
9.750, 0.9300, 15.41
9.760, 0.9310, 16.28
9.770, 0.9320, 17.31
9.780, 0.9330, 15.56
9.790, 0.9340, 15.75
9.800, 0.9350, 15.79
9.810, 0.9360, 17.52
9.820, 0.9370, 16.80
9.830, 0.9380, 16.55
9.840, 0.9390, 16.53
9.850, 0.9400, 16.87
9.860, 0.9410, 15.28
9.870, 0.9420, 14.75
9.880, 0.9430, 16.74
9.890, 0.9440, 15.22
9.900, 0.9450, 16.82
9.910, 0.9460, 14.26
9.920, 0.9470, 16.15
9.930, 0.9480, 15.03
9.940, 0.9490, 15.28
9.950, 0.9500, 16.15
9.960, 0.9510, 16.44
9.970, 0.9520, 15.68
9.980, 0.9530, 15.20
9.990, 0.9540, 15.51
10.00, 0.9550, 17.83
10.01, 0.9560, 17.19
10.02, 0.9570, 16.08
10.03, 0.9580, 17.09
10.04, 0.9590, 17.35
10.05, 0.9600, 16.05
10.06, 0.9610, 17.22
10.07, 0.9620, 16.59
10.08, 0.9630, 15.95
10.09, 0.9640, 17.61
10.10, 0.9650, 18.28
10.11, 0.9660, 15.82
10.12, 0.9670, 16.88
10.13, 0.9680, 16.96
10.14, 0.9690, 16.73
10.15, 0.9700, 16.56
10.16, 0.9710, 15.87
10.17, 0.9720, 16.53
10.18, 0.9730, 15.65
10.19, 0.9740, 17.21
10.20, 0.9750, 15.04
10.21, 0.9760, 16.74
10.22, 0.9770, 17.24
10.23, 0.9780, 17.15
10.24, 0.9790, 17.43
10.25, 0.9800, 17.62
10.26, 0.9810, 16.95
10.27, 0.9820, 16.79
10.28, 0.9830, 16.49
10.29, 0.9840, 17.68
10.30, 0.9850, 17.31
10.31, 0.9860, 17.06
10.32, 0.9870, 17.99
10.33, 0.9880, 16.48
10.34, 0.9890, 16.18
10.35, 0.9900, 16.36
10.36, 0.9910, 16.57
10.37, 0.9920, 17.05
10.38, 0.9930, 15.89
10.39, 0.9940, 17.30
10.40, 0.9950, 17.41
10.41, 0.9960, 16.91
10.42, 0.9970, 17.60
10.43, 0.9980, 17.06
10.44, 0.9990, 18.91
10.45, 1.000, 17.13
10.46, 1.001, 17.53
10.47, 1.002, 16.18
10.48, 1.003, 16.91
10.49, 1.004, 17.92
10.50, 1.005, 18.31
10.51, 1.006, 17.16
10.52, 1.007, 16.47
10.53, 1.008, 17.09
10.54, 1.009, 17.50
10.55, 1.010, 16.83
10.56, 1.011, 18.06
10.57, 1.012, 17.55
10.58, 1.013, 16.88
10.59, 1.014, 18.17
10.60, 1.015, 17.45
10.61, 1.016, 17.05
10.62, 1.017, 17.21
10.63, 1.018, 17.50
10.64, 1.019, 18.17
10.65, 1.020, 17.29
10.66, 1.021, 16.19
10.67, 1.022, 17.39
10.68, 1.023, 17.64
10.69, 1.024, 18.18
10.70, 1.025, 18.88
10.71, 1.026, 18.53
10.72, 1.027, 17.66
10.73, 1.028, 18.51
10.74, 1.029, 19.10
10.75, 1.030, 17.03
10.76, 1.031, 16.92
10.77, 1.032, 18.58
10.78, 1.033, 17.96
10.79, 1.034, 17.46
10.80, 1.035, 16.86
10.81, 1.036, 18.40
10.82, 1.037, 17.17
10.83, 1.038, 17.45
10.84, 1.039, 17.95
10.85, 1.040, 17.66
10.86, 1.041, 17.72
10.87, 1.042, 17.59
10.88, 1.043, 17.91
10.89, 1.044, 18.98
10.90, 1.045, 18.98
10.91, 1.046, 18.39
10.92, 1.047, 18.28
10.93, 1.048, 19.23
10.94, 1.049, 17.99
10.95, 1.050, 18.75
10.96, 1.051, 17.37
10.97, 1.052, 18.40
10.98, 1.053, 18.20
10.99, 1.054, 17.67
11.00, 1.055, 17.72
11.01, 1.056, 19.56
11.02, 1.057, 19.07
11.03, 1.058, 19.51
11.04, 1.059, 18.80
11.05, 1.060, 19.67
11.06, 1.061, 19.73
11.07, 1.062, 19.14
11.08, 1.063, 18.73
11.09, 1.064, 17.78
11.10, 1.065, 17.94
11.11, 1.066, 17.62
11.12, 1.067, 18.47
11.13, 1.068, 18.53
11.14, 1.069, 18.50
11.15, 1.070, 18.27
11.16, 1.071, 18.73
11.17, 1.072, 17.65
11.18, 1.073, 19.86
11.19, 1.074, 19.10
11.20, 1.075, 19.29
11.21, 1.076, 18.88
11.22, 1.077, 19.75
11.23, 1.078, 19.02
11.24, 1.079, 19.62
11.25, 1.080, 18.48
11.26, 1.081, 19.47
11.27, 1.082, 19.31
11.28, 1.083, 18.61
11.29, 1.084, 19.66
11.30, 1.085, 19.55
11.31, 1.086, 18.95
11.32, 1.087, 19.24
11.33, 1.088, 18.96
11.34, 1.089, 19.88
11.35, 1.090, 18.91
11.36, 1.091, 19.51
11.37, 1.092, 18.19
11.38, 1.093, 19.23
11.39, 1.094, 18.93
11.40, 1.095, 20.01
11.41, 1.096, 20.20
11.42, 1.097, 20.09
11.43, 1.098, 19.22
11.44, 1.099, 21.16
11.45, 1.100, 19.54
11.46, 1.101, 19.69
11.47, 1.102, 19.19
11.48, 1.103, 20.63
11.49, 1.104, 19.97
11.50, 1.105, 20.32
11.51, 1.106, 21.60
11.52, 1.107, 20.92
11.53, 1.108, 19.65
11.54, 1.109, 20.59
11.55, 1.110, 19.87
11.56, 1.111, 19.98
11.57, 1.112, 18.98
11.58, 1.113, 20.57
11.59, 1.114, 19.35
11.60, 1.115, 19.98
11.61, 1.116, 19.68
11.62, 1.117, 20.28
11.63, 1.118, 18.78
11.64, 1.119, 20.55
11.65, 1.120, 20.54
11.66, 1.121, 19.83
11.67, 1.122, 20.63
11.68, 1.123, 20.13
11.69, 1.124, 20.64
11.70, 1.125, 21.15
11.71, 1.126, 21.30
11.72, 1.127, 21.04
11.73, 1.128, 20.42
11.74, 1.129, 21.37
11.75, 1.130, 20.71
11.76, 1.131, 21.83
11.77, 1.132, 21.40
11.78, 1.133, 20.97
11.79, 1.134, 21.78
11.80, 1.135, 20.72
11.81, 1.136, 21.75
11.82, 1.137, 22.79
11.83, 1.138, 21.38
11.84, 1.139, 21.49
11.85, 1.140, 21.10
11.86, 1.141, 21.05
11.87, 1.142, 20.06
11.88, 1.143, 22.29
11.89, 1.144, 22.31
11.90, 1.145, 22.02
11.91, 1.146, 20.41
11.92, 1.147, 21.49
11.93, 1.148, 22.52
11.94, 1.149, 22.66
11.95, 1.150, 22.22
11.96, 1.151, 22.54
11.97, 1.152, 23.42
11.98, 1.153, 22.05
11.99, 1.154, 22.67
12.00, 1.155, 21.54
12.01, 1.156, 21.30
12.02, 1.157, 21.63
12.03, 1.158, 21.92
12.04, 1.159, 21.83
12.05, 1.160, 22.04
12.06, 1.161, 23.54
12.07, 1.162, 23.09
12.08, 1.163, 23.37
12.09, 1.164, 24.16
12.10, 1.165, 22.99
12.11, 1.166, 23.86
12.12, 1.167, 25.44
12.13, 1.168, 22.95
12.14, 1.169, 23.35
12.15, 1.170, 24.51
12.16, 1.171, 23.81
12.17, 1.172, 25.07
12.18, 1.173, 24.22
12.19, 1.174, 23.12
12.20, 1.175, 23.55
12.21, 1.176, 23.66
12.22, 1.177, 23.64
12.23, 1.178, 25.25
12.24, 1.179, 24.84
12.25, 1.180, 24.70
12.26, 1.181, 23.27
12.27, 1.182, 25.37
12.28, 1.183, 24.45
12.29, 1.184, 23.25
12.30, 1.185, 23.97
12.31, 1.186, 23.99
12.32, 1.187, 25.43
12.33, 1.188, 24.93
12.34, 1.189, 23.71
12.35, 1.190, 24.30
12.36, 1.191, 25.57
12.37, 1.192, 25.58
12.38, 1.193, 25.76
12.39, 1.194, 25.53
12.40, 1.195, 25.24
12.41, 1.196, 25.71
12.42, 1.197, 26.08
12.43, 1.198, 24.32
12.44, 1.199, 26.03
12.45, 1.200, 26.30
12.46, 1.201, 25.58
12.47, 1.202, 27.30
12.48, 1.203, 25.20
12.49, 1.204, 26.52
12.50, 1.205, 26.54
12.51, 1.206, 25.90
12.52, 1.207, 26.43
12.53, 1.208, 28.18
12.54, 1.209, 26.32
12.55, 1.210, 27.85
12.56, 1.211, 27.17
12.57, 1.212, 27.01
12.58, 1.213, 28.33
12.59, 1.214, 28.84
12.60, 1.215, 28.13
12.61, 1.216, 27.76
12.62, 1.217, 27.43
12.63, 1.218, 26.52
12.64, 1.219, 29.13
12.65, 1.220, 26.90
12.66, 1.221, 28.09
12.67, 1.222, 28.38
12.68, 1.223, 29.00
12.69, 1.224, 28.39
12.70, 1.225, 28.91
12.71, 1.226, 29.72
12.72, 1.227, 27.90
12.73, 1.228, 30.72
12.74, 1.229, 29.40
12.75, 1.230, 29.23
12.76, 1.231, 30.37
12.77, 1.232, 30.29
12.78, 1.233, 29.70
12.79, 1.234, 31.69
12.80, 1.235, 31.31
12.81, 1.236, 31.42
12.82, 1.237, 30.91
12.83, 1.238, 31.48
12.84, 1.239, 32.10
12.85, 1.240, 32.02
12.86, 1.241, 32.71
12.87, 1.242, 32.72
12.88, 1.243, 31.85
12.89, 1.244, 32.49
12.90, 1.245, 32.56
12.91, 1.246, 33.44
12.92, 1.247, 32.82
12.93, 1.248, 34.04
12.94, 1.249, 33.49
12.95, 1.250, 33.76
12.96, 1.251, 33.67
12.97, 1.252, 33.54
12.98, 1.253, 33.39
12.99, 1.254, 32.99
13.00, 1.255, 35.04
13.01, 1.256, 34.98
13.02, 1.257, 35.70
13.03, 1.258, 34.70
13.04, 1.259, 34.75
13.05, 1.260, 34.49
13.06, 1.261, 35.32
13.07, 1.262, 35.90
13.08, 1.263, 35.98
13.09, 1.264, 36.62
13.10, 1.265, 38.12
13.11, 1.266, 36.87
13.12, 1.267, 37.50
13.13, 1.268, 37.76
13.14, 1.269, 38.11
13.15, 1.270, 37.00
13.16, 1.271, 38.64
13.17, 1.272, 38.38
13.18, 1.273, 38.46
13.19, 1.274, 38.50
13.20, 1.275, 38.41
13.21, 1.276, 39.68
13.22, 1.277, 38.46
13.23, 1.278, 40.15
13.24, 1.279, 38.89
13.25, 1.280, 40.55
13.26, 1.281, 40.17
13.27, 1.282, 41.92
13.28, 1.283, 41.23
13.29, 1.284, 41.87
13.30, 1.285, 41.62
13.31, 1.286, 43.10
13.32, 1.287, 43.83
13.33, 1.288, 44.47
13.34, 1.289, 44.33
13.35, 1.290, 43.98
13.36, 1.291, 42.82
13.37, 1.292, 44.21
13.38, 1.293, 46.22
13.39, 1.294, 45.25
13.40, 1.295, 45.86
13.41, 1.296, 45.51
13.42, 1.297, 46.24
13.43, 1.298, 46.39
13.44, 1.299, 46.46
13.45, 1.300, 45.64
13.46, 1.301, 47.00
13.47, 1.302, 47.37
13.48, 1.303, 47.69
13.49, 1.304, 47.88
13.50, 1.305, 49.17
13.51, 1.306, 50.14
13.52, 1.307, 50.18
13.53, 1.308, 49.43
13.54, 1.309, 51.21
13.55, 1.310, 50.39
13.56, 1.311, 49.52
13.57, 1.312, 49.95
13.58, 1.313, 49.56
13.59, 1.314, 49.11
13.60, 1.315, 50.46
13.61, 1.316, 51.40
13.62, 1.317, 51.93
13.63, 1.318, 50.53
13.64, 1.319, 52.51
13.65, 1.320, 53.12
13.66, 1.321, 52.94
13.67, 1.322, 53.01
13.68, 1.323, 54.95
13.69, 1.324, 53.06
13.70, 1.325, 54.91
13.71, 1.326, 54.82
13.72, 1.327, 53.74
13.73, 1.328, 55.04
13.74, 1.329, 55.00
13.75, 1.330, 54.49
13.76, 1.331, 55.44
13.77, 1.332, 55.42
13.78, 1.333, 54.11
13.79, 1.334, 57.19
13.80, 1.335, 57.07
13.81, 1.336, 57.25
13.82, 1.337, 57.23
13.83, 1.338, 57.28
13.84, 1.339, 56.17
13.85, 1.340, 57.99
13.86, 1.341, 58.49
13.87, 1.342, 58.28
13.88, 1.343, 57.63
13.89, 1.344, 58.95
13.90, 1.345, 58.52
13.91, 1.346, 58.86
13.92, 1.347, 58.35
13.93, 1.348, 58.80
13.94, 1.349, 58.88
13.95, 1.350, 59.51
13.96, 1.351, 59.63
13.97, 1.352, 59.10
13.98, 1.353, 59.84
13.99, 1.354, 59.62
14.00, 1.355, 60.20
14.01, 1.356, 60.55
14.02, 1.357, 60.83
14.03, 1.358, 61.28
14.04, 1.359, 61.77
14.05, 1.360, 61.64
14.06, 1.361, 60.54
14.07, 1.362, 61.17
14.08, 1.363, 59.71
14.09, 1.364, 60.49
14.10, 1.365, 61.38
14.11, 1.366, 61.06
14.12, 1.367, 61.76
14.13, 1.368, 61.76
14.14, 1.369, 61.81
14.15, 1.370, 60.97
14.16, 1.371, 62.97
14.17, 1.372, 62.45
14.18, 1.373, 62.00
14.19, 1.374, 62.84
14.20, 1.375, 61.29
14.21, 1.376, 61.23
14.22, 1.377, 62.71
14.23, 1.378, 62.89
14.24, 1.379, 62.65
14.25, 1.380, 62.65
14.26, 1.381, 62.42
14.27, 1.382, 64.05
14.28, 1.383, 64.60
14.29, 1.384, 63.20
14.30, 1.385, 64.19
14.31, 1.386, 63.38
14.32, 1.387, 63.53
14.33, 1.388, 64.32
14.34, 1.389, 63.78
14.35, 1.390, 63.03
14.36, 1.391, 64.13
14.37, 1.392, 62.98
14.38, 1.393, 63.09
14.39, 1.394, 63.51
14.40, 1.395, 62.08
14.41, 1.396, 62.91
14.42, 1.397, 63.82
14.43, 1.398, 63.59
14.44, 1.399, 61.86
14.45, 1.400, 63.41
14.46, 1.401, 63.88
14.47, 1.402, 63.53
14.48, 1.403, 62.98
14.49, 1.404, 64.37
14.50, 1.405, 62.12
14.51, 1.406, 65.42
14.52, 1.407, 64.63
14.53, 1.408, 64.08
14.54, 1.409, 64.36
14.55, 1.410, 64.68
14.56, 1.411, 64.62
14.57, 1.412, 63.30
14.58, 1.413, 63.85
14.59, 1.414, 64.78
14.60, 1.415, 63.51
14.61, 1.416, 64.69
14.62, 1.417, 63.90
14.63, 1.418, 63.49
14.64, 1.419, 63.61
14.65, 1.420, 64.19
14.66, 1.421, 64.08
14.67, 1.422, 63.65
14.68, 1.423, 63.50
14.69, 1.424, 64.13
14.70, 1.425, 64.35
14.71, 1.426, 64.17
14.72, 1.427, 65.31
14.73, 1.428, 64.50
14.74, 1.429, 64.91
14.75, 1.430, 64.52
14.76, 1.431, 63.73
14.77, 1.432, 64.01
14.78, 1.433, 63.88
14.79, 1.434, 63.66
14.80, 1.435, 65.30
14.81, 1.436, 63.95
14.82, 1.437, 62.67
14.83, 1.438, 63.43
14.84, 1.439, 63.91
14.85, 1.440, 63.77
14.86, 1.441, 63.40
14.87, 1.442, 64.45
14.88, 1.443, 64.17
14.89, 1.444, 64.93
14.90, 1.445, 64.16
14.91, 1.446, 65.09
14.92, 1.447, 65.76
14.93, 1.448, 64.94
14.94, 1.449, 63.98
14.95, 1.450, 63.89
14.96, 1.451, 64.40
14.97, 1.452, 62.71
14.98, 1.453, 63.52
14.99, 1.454, 64.34
15.00, 1.455, 66.08
15.01, 1.456, 64.94
15.02, 1.457, 64.70
15.03, 1.458, 62.84
15.04, 1.459, 64.60
15.05, 1.460, 65.10
15.06, 1.461, 65.44
15.07, 1.462, 65.47
15.08, 1.463, 65.17
15.09, 1.464, 66.09
15.10, 1.465, 65.68
15.11, 1.466, 65.29
15.12, 1.467, 65.15
15.13, 1.468, 64.96
15.14, 1.469, 64.70
15.15, 1.470, 65.20
15.16, 1.471, 65.09
15.17, 1.472, 65.54
15.18, 1.473, 65.59
15.19, 1.474, 64.93
15.20, 1.475, 64.69
15.21, 1.476, 64.11
15.22, 1.477, 64.78
15.23, 1.478, 64.85
15.24, 1.479, 65.65
15.25, 1.480, 66.00
15.26, 1.481, 65.72
15.27, 1.482, 64.24
15.28, 1.483, 66.22
15.29, 1.484, 65.18
15.30, 1.485, 65.04
15.31, 1.486, 65.75
15.32, 1.487, 65.94
15.33, 1.488, 66.56
15.34, 1.489, 65.27
15.35, 1.490, 66.57
15.36, 1.491, 66.15
15.37, 1.492, 66.64
15.38, 1.493, 65.07
15.39, 1.494, 66.77
15.40, 1.495, 66.15
15.41, 1.496, 66.15
15.42, 1.497, 67.24
15.43, 1.498, 67.18
15.44, 1.499, 68.66
15.45, 1.500, 66.63
15.46, 1.501, 66.51
15.47, 1.502, 66.68
15.48, 1.503, 66.28
15.49, 1.504, 64.57
15.50, 1.505, 66.43
15.51, 1.506, 65.81
15.52, 1.507, 66.32
15.53, 1.508, 67.23
15.54, 1.509, 68.09
15.55, 1.510, 65.84
15.56, 1.511, 66.40
15.57, 1.512, 67.02
15.58, 1.513, 66.60
15.59, 1.514, 66.62
15.60, 1.515, 66.44
15.61, 1.516, 67.78
15.62, 1.517, 66.91
15.63, 1.518, 67.25
15.64, 1.519, 66.83
15.65, 1.520, 65.85
15.66, 1.521, 68.14
15.67, 1.522, 67.27
15.68, 1.523, 66.82
15.69, 1.524, 67.46
15.70, 1.525, 67.56
15.71, 1.526, 68.58
15.72, 1.527, 67.37
15.73, 1.528, 68.96
15.74, 1.529, 68.44
15.75, 1.530, 68.08
15.76, 1.531, 68.74
15.77, 1.532, 68.16
15.78, 1.533, 67.82
15.79, 1.534, 68.07
15.80, 1.535, 68.12
15.81, 1.536, 68.07
15.82, 1.537, 69.50
15.83, 1.538, 69.52
15.84, 1.539, 69.79
15.85, 1.540, 69.34
15.86, 1.541, 70.04
15.87, 1.542, 69.65
15.88, 1.543, 70.09
15.89, 1.544, 69.41
15.90, 1.545, 69.55
15.91, 1.546, 69.56
15.92, 1.547, 68.65
15.93, 1.548, 69.83
15.94, 1.549, 69.54
15.95, 1.550, 70.46
15.96, 1.551, 69.96
15.97, 1.552, 70.88
15.98, 1.553, 70.23
15.99, 1.554, 70.68
16.00, 1.555, 70.72
16.01, 1.556, 70.32
16.02, 1.557, 70.41
16.03, 1.558, 70.50
16.04, 1.559, 71.29
16.05, 1.560, 71.01
16.06, 1.561, 71.98
16.07, 1.562, 70.76
16.08, 1.563, 71.45
16.09, 1.564, 71.66
16.10, 1.565, 71.56
16.11, 1.566, 71.34
16.12, 1.567, 72.48
16.13, 1.568, 71.98
16.14, 1.569, 72.13
16.15, 1.570, 72.24
16.16, 1.571, 71.94
16.17, 1.572, 71.09
16.18, 1.573, 72.58
16.19, 1.574, 72.34
16.20, 1.575, 71.99
16.21, 1.576, 72.69
16.22, 1.577, 72.72
16.23, 1.578, 73.31
16.24, 1.579, 72.00
16.25, 1.580, 71.57
16.26, 1.581, 72.99
16.27, 1.582, 73.68
16.28, 1.583, 74.21
16.29, 1.584, 74.06
16.30, 1.585, 73.46
16.31, 1.586, 74.85
16.32, 1.587, 74.31
16.33, 1.588, 73.50
16.34, 1.589, 75.00
16.35, 1.590, 74.22
16.36, 1.591, 74.14
16.37, 1.592, 75.31
16.38, 1.593, 74.92
16.39, 1.594, 75.44
16.40, 1.595, 75.14
16.41, 1.596, 75.01
16.42, 1.597, 75.95
16.43, 1.598, 75.36
16.44, 1.599, 75.82
16.45, 1.600, 75.75
16.46, 1.601, 74.92
16.47, 1.602, 76.38
16.48, 1.603, 76.46
16.49, 1.604, 76.41
16.50, 1.605, 75.74
16.51, 1.606, 76.46
16.52, 1.607, 76.03
16.53, 1.608, 77.03
16.54, 1.609, 77.68
16.55, 1.610, 77.40
16.56, 1.611, 78.30
16.57, 1.612, 79.41
16.58, 1.613, 79.66
16.59, 1.614, 78.98
16.60, 1.615, 78.12
16.61, 1.616, 79.32
16.62, 1.617, 78.80
16.63, 1.618, 79.75
16.64, 1.619, 79.56
16.65, 1.620, 79.59
16.66, 1.621, 79.91
16.67, 1.622, 81.41
16.68, 1.623, 80.92
16.69, 1.624, 80.77
16.70, 1.625, 79.95
16.71, 1.626, 80.87
16.72, 1.627, 79.41
16.73, 1.628, 81.21
16.74, 1.629, 80.64
16.75, 1.630, 82.39
16.76, 1.631, 81.49
16.77, 1.632, 81.31
16.78, 1.633, 81.04
16.79, 1.634, 80.95
16.80, 1.635, 81.69
16.81, 1.636, 83.18
16.82, 1.637, 83.00
16.83, 1.638, 83.71
16.84, 1.639, 83.05
16.85, 1.640, 82.28
16.86, 1.641, 83.30
16.87, 1.642, 81.99
16.88, 1.643, 83.79
16.89, 1.644, 83.36
16.90, 1.645, 84.26
16.91, 1.646, 82.75
16.92, 1.647, 85.46
16.93, 1.648, 84.33
16.94, 1.649, 84.19
16.95, 1.650, 85.19
16.96, 1.651, 84.70
16.97, 1.652, 85.72
16.98, 1.653, 85.05
16.99, 1.654, 85.64
17.00, 1.655, 86.58
17.01, 1.656, 86.84
17.02, 1.657, 86.11
17.03, 1.658, 87.40
17.04, 1.659, 85.42
17.05, 1.660, 85.11
17.06, 1.661, 86.44
17.07, 1.662, 86.88
17.08, 1.663, 87.27
17.09, 1.664, 87.91
17.10, 1.665, 87.11
17.11, 1.666, 87.98
17.12, 1.667, 88.98
17.13, 1.668, 88.97
17.14, 1.669, 89.03
17.15, 1.670, 89.47
17.16, 1.671, 90.46
17.17, 1.672, 90.04
17.18, 1.673, 89.97
17.19, 1.674, 90.28
17.20, 1.675, 91.62
17.21, 1.676, 90.84
17.22, 1.677, 91.08
17.23, 1.678, 92.10
17.24, 1.679, 91.27
17.25, 1.680, 92.56
17.26, 1.681, 92.03
17.27, 1.682, 92.58
17.28, 1.683, 92.31
17.29, 1.684, 93.40
17.30, 1.685, 94.14
17.31, 1.686, 94.27
17.32, 1.687, 94.69
17.33, 1.688, 93.87
17.34, 1.689, 93.64
17.35, 1.690, 94.49
17.36, 1.691, 94.20
17.37, 1.692, 96.57
17.38, 1.693, 95.57
17.39, 1.694, 94.22
17.40, 1.695, 95.56
17.41, 1.696, 94.72
17.42, 1.697, 97.06
17.43, 1.698, 96.92
17.44, 1.699, 96.93
17.45, 1.700, 96.66
17.46, 1.701, 97.29
17.47, 1.702, 97.53
17.48, 1.703, 98.99
17.49, 1.704, 99.34
17.50, 1.705, 97.43
17.51, 1.706, 98.58
17.52, 1.707, 99.75
17.53, 1.708, 98.94
17.54, 1.709, 99.24
17.55, 1.710, 99.75
17.56, 1.711, 100.5
17.57, 1.712, 100.3
17.58, 1.713, 100.6
17.59, 1.714, 103.3
17.60, 1.715, 103.1
17.61, 1.716, 103.2
17.62, 1.717, 103.7
17.63, 1.718, 104.2
17.64, 1.719, 103.0
17.65, 1.720, 103.5
17.66, 1.721, 104.5
17.67, 1.722, 105.0
17.68, 1.723, 104.5
17.69, 1.724, 104.1
17.70, 1.725, 106.2
17.71, 1.726, 105.6
17.72, 1.727, 105.5
17.73, 1.728, 107.0
17.74, 1.729, 107.7
17.75, 1.730, 107.6
17.76, 1.731, 108.4
17.77, 1.732, 107.3
17.78, 1.733, 107.9
17.79, 1.734, 110.4
17.80, 1.735, 110.3
17.81, 1.736, 109.1
17.82, 1.737, 109.8
17.83, 1.738, 111.4
17.84, 1.739, 111.0
17.85, 1.740, 110.8
17.86, 1.741, 112.3
17.87, 1.742, 111.9
17.88, 1.743, 111.8
17.89, 1.744, 112.7
17.90, 1.745, 112.9
17.91, 1.746, 112.2
17.92, 1.747, 113.9
17.93, 1.748, 114.5
17.94, 1.749, 116.0
17.95, 1.750, 117.0
17.96, 1.751, 115.9
17.97, 1.752, 115.1
17.98, 1.753, 117.5
17.99, 1.754, 117.9
18.00, 1.755, 116.8
18.01, 1.756, 118.1
18.02, 1.757, 119.0
18.03, 1.758, 118.4
18.04, 1.759, 117.3
18.05, 1.760, 118.0
18.06, 1.761, 119.0
18.07, 1.762, 121.0
18.08, 1.763, 120.7
18.09, 1.764, 122.9
18.10, 1.765, 121.5
18.11, 1.766, 122.2
18.12, 1.767, 122.1
18.13, 1.768, 123.1
18.14, 1.769, 123.0
18.15, 1.770, 123.7
18.16, 1.771, 124.9
18.17, 1.772, 125.4
18.18, 1.773, 124.9
18.19, 1.774, 125.9
18.20, 1.775, 126.4
18.21, 1.776, 126.5
18.22, 1.777, 128.2
18.23, 1.778, 127.7
18.24, 1.779, 129.8
18.25, 1.780, 130.2
18.26, 1.781, 129.8
18.27, 1.782, 132.4
18.28, 1.783, 130.2
18.29, 1.784, 134.2
18.30, 1.785, 134.2
18.31, 1.786, 135.3
18.32, 1.787, 135.7
18.33, 1.788, 135.8
18.34, 1.789, 136.9
18.35, 1.790, 138.2
18.36, 1.791, 138.0
18.37, 1.792, 139.0
18.38, 1.793, 139.9
18.39, 1.794, 139.8
18.40, 1.795, 138.6
18.41, 1.796, 140.1
18.42, 1.797, 141.4
18.43, 1.798, 142.7
18.44, 1.799, 143.9
18.45, 1.800, 145.2
18.46, 1.801, 143.1
18.47, 1.802, 143.4
18.48, 1.803, 143.7
18.49, 1.804, 146.3
18.50, 1.805, 146.8
18.51, 1.806, 147.8
18.52, 1.807, 146.9
18.53, 1.808, 147.6
18.54, 1.809, 148.9
18.55, 1.810, 148.9
18.56, 1.811, 150.0
18.57, 1.812, 152.4
18.58, 1.813, 152.4
18.59, 1.814, 151.7
18.60, 1.815, 151.5
18.61, 1.816, 154.1
18.62, 1.817, 154.8
18.63, 1.818, 154.7
18.64, 1.819, 155.4
18.65, 1.820, 156.7
18.66, 1.821, 158.5
18.67, 1.822, 158.7
18.68, 1.823, 157.9
18.69, 1.824, 160.4
18.70, 1.825, 159.5
18.71, 1.826, 162.7
18.72, 1.827, 162.5
18.73, 1.828, 163.3
18.74, 1.829, 163.7
18.75, 1.830, 163.3
18.76, 1.831, 165.7
18.77, 1.832, 166.3
18.78, 1.833, 167.4
18.79, 1.834, 166.1
18.80, 1.835, 168.5
18.81, 1.836, 169.2
18.82, 1.837, 168.0
18.83, 1.838, 170.4
18.84, 1.839, 171.9
18.85, 1.840, 173.2
18.86, 1.841, 173.4
18.87, 1.842, 173.0
18.88, 1.843, 175.3
18.89, 1.844, 176.9
18.90, 1.845, 176.8
18.91, 1.846, 178.0
18.92, 1.847, 179.4
18.93, 1.848, 178.7
18.94, 1.849, 181.2
18.95, 1.850, 179.7
18.96, 1.851, 181.0
18.97, 1.852, 182.6
18.98, 1.853, 182.8
18.99, 1.854, 184.7
19.00, 1.855, 186.2
19.01, 1.856, 185.8
19.02, 1.857, 187.6
19.03, 1.858, 188.4
19.04, 1.859, 188.7
19.05, 1.860, 189.9
19.06, 1.861, 189.9
19.07, 1.862, 189.4
19.08, 1.863, 192.6
19.09, 1.864, 193.9
19.10, 1.865, 194.6
19.11, 1.866, 194.9
19.12, 1.867, 196.7
19.13, 1.868, 197.4
19.14, 1.869, 199.2
19.15, 1.870, 199.3
19.16, 1.871, 200.5
19.17, 1.872, 200.1
19.18, 1.873, 203.4
19.19, 1.874, 203.7
19.20, 1.875, 203.6
19.21, 1.876, 205.1
19.22, 1.877, 205.4
19.23, 1.878, 205.9
19.24, 1.879, 206.8
19.25, 1.880, 208.3
19.26, 1.881, 208.7
19.27, 1.882, 210.7
19.28, 1.883, 212.3
19.29, 1.884, 212.8
19.30, 1.885, 214.6
19.31, 1.886, 215.7
19.32, 1.887, 216.7
19.33, 1.888, 218.8
19.34, 1.889, 218.0
19.35, 1.890, 219.5
19.36, 1.891, 219.7
19.37, 1.892, 222.6
19.38, 1.893, 223.7
19.39, 1.894, 223.4
19.40, 1.895, 224.8
19.41, 1.896, 226.9
19.42, 1.897, 227.8
19.43, 1.898, 227.3
19.44, 1.899, 229.1
19.45, 1.900, 229.7
19.46, 1.901, 232.3
19.47, 1.902, 232.0
19.48, 1.903, 233.8
19.49, 1.904, 233.4
19.50, 1.905, 235.2
19.51, 1.906, 237.2
19.52, 1.907, 239.8
19.53, 1.908, 240.2
19.54, 1.909, 241.2
19.55, 1.910, 242.0
19.56, 1.911, 245.0
19.57, 1.912, 244.8
19.58, 1.913, 244.4
19.59, 1.914, 246.9
19.60, 1.915, 247.1
19.61, 1.916, 248.3
19.62, 1.917, 248.2
19.63, 1.918, 250.6
19.64, 1.919, 252.5
19.65, 1.920, 253.2
19.66, 1.921, 255.7
19.67, 1.922, 256.1
19.68, 1.923, 258.4
19.69, 1.924, 260.3
19.70, 1.925, 261.1
19.71, 1.926, 260.9
19.72, 1.927, 263.7
19.73, 1.928, 265.0
19.74, 1.929, 266.5
19.75, 1.930, 268.0
19.76, 1.931, 270.0
19.77, 1.932, 270.2
19.78, 1.933, 272.2
19.79, 1.934, 273.4
19.80, 1.935, 272.8
19.81, 1.936, 274.1
19.82, 1.937, 276.4
19.83, 1.938, 277.7
19.84, 1.939, 278.3
19.85, 1.940, 279.2
19.86, 1.941, 281.2
19.87, 1.942, 281.5
19.88, 1.943, 282.3
19.89, 1.944, 283.1
19.90, 1.945, 285.8
19.91, 1.946, 288.5
19.92, 1.947, 288.8
19.93, 1.948, 288.3
19.94, 1.949, 290.9
19.95, 1.950, 293.4
19.96, 1.951, 294.6
19.97, 1.952, 296.3
19.98, 1.953, 296.8
19.99, 1.954, 296.9
20.00, 1.955, 298.1
20.01, 1.956, 300.5
20.02, 1.957, 302.3
20.03, 1.958, 302.0
20.04, 1.959, 304.6
20.05, 1.960, 306.9
20.06, 1.961, 308.5
20.07, 1.962, 309.1
20.08, 1.963, 311.3
20.09, 1.964, 312.7
20.10, 1.965, 313.8
20.11, 1.966, 315.7
20.12, 1.967, 315.8
20.13, 1.968, 318.3
20.14, 1.969, 319.3
20.15, 1.970, 320.5
20.16, 1.971, 321.3
20.17, 1.972, 324.0
20.18, 1.973, 324.5
20.19, 1.974, 326.8
20.20, 1.975, 328.7
20.21, 1.976, 330.8
20.22, 1.977, 331.4
20.23, 1.978, 332.3
20.24, 1.979, 333.5
20.25, 1.980, 336.3
20.26, 1.981, 336.8
20.27, 1.982, 337.7
20.28, 1.983, 337.9
20.29, 1.984, 336.7
20.30, 1.985, 339.3
20.31, 1.986, 338.8
20.32, 1.987, 339.8
20.33, 1.988, 340.3
20.34, 1.989, 341.5
20.35, 1.990, 341.0
20.36, 1.991, 341.3
20.37, 1.992, 341.5
20.38, 1.993, 342.7
20.39, 1.994, 342.5
20.40, 1.995, 343.1
20.41, 1.996, 342.5
20.42, 1.997, 343.2
20.43, 1.998, 343.9
20.44, 1.999, 343.9
20.45, 2.000, 344.6
20.46, 1.999, 345.2
20.47, 1.998, 345.3
20.48, 1.997, 346.2
20.49, 1.996, 346.5
20.50, 1.995, 346.8
20.51, 1.994, 346.6
20.52, 1.993, 346.3
20.53, 1.992, 346.0
20.54, 1.991, 347.4
20.55, 1.990, 348.3
20.56, 1.989, 348.2
20.57, 1.988, 349.3
20.58, 1.987, 350.5
20.59, 1.986, 350.9
20.60, 1.985, 349.9
20.61, 1.984, 349.8
20.62, 1.983, 351.2
20.63, 1.982, 351.1
20.64, 1.981, 351.2
20.65, 1.980, 349.4
20.66, 1.979, 349.9
20.67, 1.978, 347.8
20.68, 1.977, 347.8
20.69, 1.976, 346.7
20.70, 1.975, 346.9
20.71, 1.974, 346.5
20.72, 1.973, 345.9
20.73, 1.972, 346.0
20.74, 1.971, 345.5
20.75, 1.970, 343.4
20.76, 1.969, 342.6
20.77, 1.968, 341.6
20.78, 1.967, 341.5
20.79, 1.966, 340.4
20.80, 1.965, 340.0
20.81, 1.964, 338.6
20.82, 1.963, 337.9
20.83, 1.962, 336.8
20.84, 1.961, 337.3
20.85, 1.960, 334.5
20.86, 1.959, 334.5
20.87, 1.958, 333.7
20.88, 1.957, 334.0
20.89, 1.956, 333.7
20.90, 1.955, 331.1
20.91, 1.954, 331.8
20.92, 1.953, 330.1
20.93, 1.952, 329.9
20.94, 1.951, 327.8
20.95, 1.950, 326.6
20.96, 1.949, 324.4
20.97, 1.948, 323.8
20.98, 1.947, 323.4
20.99, 1.946, 322.7
21.00, 1.945, 322.0
21.01, 1.944, 321.0
21.02, 1.943, 321.4
21.03, 1.942, 318.8
21.04, 1.941, 320.0
21.05, 1.940, 317.9
21.06, 1.939, 317.7
21.07, 1.938, 317.4
21.08, 1.937, 316.0
21.09, 1.936, 316.1
21.10, 1.935, 314.9
21.11, 1.934, 315.1
21.12, 1.933, 313.6
21.13, 1.932, 312.0
21.14, 1.931, 311.5
21.15, 1.930, 311.2
21.16, 1.929, 309.1
21.17, 1.928, 307.8
21.18, 1.927, 307.0
21.19, 1.926, 306.4
21.20, 1.925, 305.0
21.21, 1.924, 306.5
21.22, 1.923, 306.3
21.23, 1.922, 303.4
21.24, 1.921, 302.5
21.25, 1.920, 302.3
21.26, 1.919, 299.4
21.27, 1.918, 299.9
21.28, 1.917, 299.1
21.29, 1.916, 297.7
21.30, 1.915, 299.0
21.31, 1.914, 298.4
21.32, 1.913, 295.7
21.33, 1.912, 294.0
21.34, 1.911, 291.7
21.35, 1.910, 291.4
21.36, 1.909, 292.1
21.37, 1.908, 290.8
21.38, 1.907, 290.7
21.39, 1.906, 290.9
21.40, 1.905, 289.0
21.41, 1.904, 288.0
21.42, 1.903, 287.3
21.43, 1.902, 286.2
21.44, 1.901, 284.9
21.45, 1.900, 284.6
21.46, 1.899, 283.2
21.47, 1.898, 283.3
21.48, 1.897, 281.7
21.49, 1.896, 280.3
21.50, 1.895, 280.9
21.51, 1.894, 277.6
21.52, 1.893, 277.6
21.53, 1.892, 278.5
21.54, 1.891, 278.4
21.55, 1.890, 277.6
21.56, 1.889, 275.7
21.57, 1.888, 273.5
21.58, 1.887, 273.8
21.59, 1.886, 271.9
21.60, 1.885, 272.2
21.61, 1.884, 270.3
21.62, 1.883, 269.1
21.63, 1.882, 268.4
21.64, 1.881, 268.0
21.65, 1.880, 268.1
21.66, 1.879, 265.1
21.67, 1.878, 265.5
21.68, 1.877, 266.2
21.69, 1.876, 264.2
21.70, 1.875, 264.6
21.71, 1.874, 263.5
21.72, 1.873, 263.5
21.73, 1.872, 262.2
21.74, 1.871, 261.0
21.75, 1.870, 259.8
21.76, 1.869, 259.3
21.77, 1.868, 257.1
21.78, 1.867, 256.5
21.79, 1.866, 255.9
21.80, 1.865, 254.3
21.81, 1.864, 253.9
21.82, 1.863, 252.5
21.83, 1.862, 253.3
21.84, 1.861, 251.4
21.85, 1.860, 251.6
21.86, 1.859, 247.7
21.87, 1.858, 247.9
21.88, 1.857, 247.1
21.89, 1.856, 246.4
21.90, 1.855, 245.3
21.91, 1.854, 245.1
21.92, 1.853, 244.0
21.93, 1.852, 241.8
21.94, 1.851, 243.0
21.95, 1.850, 241.7
21.96, 1.849, 240.4
21.97, 1.848, 240.9
21.98, 1.847, 239.5
21.99, 1.846, 238.5
22.00, 1.845, 237.1
22.01, 1.844, 237.3
22.02, 1.843, 236.8
22.03, 1.842, 235.7
22.04, 1.841, 233.3
22.05, 1.840, 232.8
22.06, 1.839, 231.5
22.07, 1.838, 232.5
22.08, 1.837, 229.7
22.09, 1.836, 231.3
22.10, 1.835, 228.8
22.11, 1.834, 228.2
22.12, 1.833, 228.1
22.13, 1.832, 227.3
22.14, 1.831, 227.5
22.15, 1.830, 225.8
22.16, 1.829, 224.5
22.17, 1.828, 223.1
22.18, 1.827, 222.3
22.19, 1.826, 223.5
22.20, 1.825, 221.3
22.21, 1.824, 220.1
22.22, 1.823, 218.8
22.23, 1.822, 217.0
22.24, 1.821, 217.6
22.25, 1.820, 217.5
22.26, 1.819, 214.1
22.27, 1.818, 214.5
22.28, 1.817, 212.8
22.29, 1.816, 213.5
22.30, 1.815, 211.5
22.31, 1.814, 210.4
22.32, 1.813, 212.2
22.33, 1.812, 210.4
22.34, 1.811, 209.8
22.35, 1.810, 209.9
22.36, 1.809, 208.3
22.37, 1.808, 209.5
22.38, 1.807, 207.0
22.39, 1.806, 204.4
22.40, 1.805, 203.2
22.41, 1.804, 203.6
22.42, 1.803, 202.8
22.43, 1.802, 201.7
22.44, 1.801, 202.4
22.45, 1.800, 200.9
22.46, 1.799, 200.7
22.47, 1.798, 200.6
22.48, 1.797, 200.7
22.49, 1.796, 198.9
22.50, 1.795, 195.1
22.51, 1.794, 196.3
22.52, 1.793, 196.5
22.53, 1.792, 196.4
22.54, 1.791, 194.2
22.55, 1.790, 194.5
22.56, 1.789, 193.4
22.57, 1.788, 191.2
22.58, 1.787, 191.3
22.59, 1.786, 190.3
22.60, 1.785, 189.1
22.61, 1.784, 186.7
22.62, 1.783, 186.3
22.63, 1.782, 185.4
22.64, 1.781, 187.4
22.65, 1.780, 183.4
22.66, 1.779, 181.9
22.67, 1.778, 181.5
22.68, 1.777, 181.3
22.69, 1.776, 179.8
22.70, 1.775, 180.6
22.71, 1.774, 180.4
22.72, 1.773, 179.9
22.73, 1.772, 178.9
22.74, 1.771, 177.9
22.75, 1.770, 176.7
22.76, 1.769, 176.3
22.77, 1.768, 173.3
22.78, 1.767, 174.1
22.79, 1.766, 173.8
22.80, 1.765, 171.4
22.81, 1.764, 171.8
22.82, 1.763, 171.3
22.83, 1.762, 170.9
22.84, 1.761, 169.4
22.85, 1.760, 169.6
22.86, 1.759, 168.4
22.87, 1.758, 168.0
22.88, 1.757, 167.0
22.89, 1.756, 166.0
22.90, 1.755, 165.2
22.91, 1.754, 165.3
22.92, 1.753, 164.5
22.93, 1.752, 163.2
22.94, 1.751, 161.6
22.95, 1.750, 163.5
22.96, 1.749, 161.6
22.97, 1.748, 161.0
22.98, 1.747, 161.0
22.99, 1.746, 161.1
23.00, 1.745, 160.3
23.01, 1.744, 156.8
23.02, 1.743, 157.9
23.03, 1.742, 157.2
23.04, 1.741, 155.9
23.05, 1.740, 154.1
23.06, 1.739, 154.2
23.07, 1.738, 151.8
23.08, 1.737, 152.6
23.09, 1.736, 151.8
23.10, 1.735, 152.2
23.11, 1.734, 151.1
23.12, 1.733, 151.4
23.13, 1.732, 148.6
23.14, 1.731, 148.8
23.15, 1.730, 147.2
23.16, 1.729, 146.5
23.17, 1.728, 144.4
23.18, 1.727, 143.5
23.19, 1.726, 145.5
23.20, 1.725, 143.5
23.21, 1.724, 144.0
23.22, 1.723, 141.5
23.23, 1.722, 144.0
23.24, 1.721, 141.5
23.25, 1.720, 139.4
23.26, 1.719, 139.6
23.27, 1.718, 139.4
23.28, 1.717, 138.5
23.29, 1.716, 138.0
23.30, 1.715, 136.9
23.31, 1.714, 135.2
23.32, 1.713, 135.8
23.33, 1.712, 133.3
23.34, 1.711, 135.1
23.35, 1.710, 134.4
23.36, 1.709, 134.3
23.37, 1.708, 133.4
23.38, 1.707, 132.7
23.39, 1.706, 132.5
23.40, 1.705, 130.7
23.41, 1.704, 130.8
23.42, 1.703, 128.4
23.43, 1.702, 128.9
23.44, 1.701, 127.5
23.45, 1.700, 127.4
23.46, 1.699, 125.1
23.47, 1.698, 125.6
23.48, 1.697, 123.5
23.49, 1.696, 122.9
23.50, 1.695, 123.6
23.51, 1.694, 122.2
23.52, 1.693, 119.7
23.53, 1.692, 120.8
23.54, 1.691, 119.5
23.55, 1.690, 119.1
23.56, 1.689, 119.5
23.57, 1.688, 118.5
23.58, 1.687, 116.9
23.59, 1.686, 117.9
23.60, 1.685, 117.7
23.61, 1.684, 117.3
23.62, 1.683, 116.7
23.63, 1.682, 114.3
23.64, 1.681, 114.2
23.65, 1.680, 114.2
23.66, 1.679, 112.7
23.67, 1.678, 112.0
23.68, 1.677, 110.8
23.69, 1.676, 110.8
23.70, 1.675, 110.2
23.71, 1.674, 108.9
23.72, 1.673, 110.4
23.73, 1.672, 108.8
23.74, 1.671, 108.7
23.75, 1.670, 107.3
23.76, 1.669, 107.5
23.77, 1.668, 107.0
23.78, 1.667, 105.5
23.79, 1.666, 105.5
23.80, 1.665, 103.8
23.81, 1.664, 104.5
23.82, 1.663, 102.8
23.83, 1.662, 102.7
23.84, 1.661, 101.6
23.85, 1.660, 101.7
23.86, 1.659, 101.3
23.87, 1.658, 101.0
23.88, 1.657, 99.95
23.89, 1.656, 99.86
23.90, 1.655, 98.27
23.91, 1.654, 97.98
23.92, 1.653, 97.11
23.93, 1.652, 96.07
23.94, 1.651, 94.85
23.95, 1.650, 94.82
23.96, 1.649, 93.19
23.97, 1.648, 93.16
23.98, 1.647, 91.96
23.99, 1.646, 92.96
24.00, 1.645, 94.05
24.01, 1.644, 93.20
24.02, 1.643, 92.04
24.03, 1.642, 91.44
24.04, 1.641, 92.19
24.05, 1.640, 89.83
24.06, 1.639, 88.79
24.07, 1.638, 89.56
24.08, 1.637, 87.79
24.09, 1.636, 89.52
24.10, 1.635, 88.60
24.11, 1.634, 88.30
24.12, 1.633, 88.09
24.13, 1.632, 85.99
24.14, 1.631, 85.90
24.15, 1.630, 85.68
24.16, 1.629, 85.74
24.17, 1.628, 86.28
24.18, 1.627, 85.15
24.19, 1.626, 84.76
24.20, 1.625, 84.69
24.21, 1.624, 83.25
24.22, 1.623, 83.99
24.23, 1.622, 82.32
24.24, 1.621, 83.41
24.25, 1.620, 80.38
24.26, 1.619, 81.09
24.27, 1.618, 78.73
24.28, 1.617, 78.95
24.29, 1.616, 78.04
24.30, 1.615, 76.62
24.31, 1.614, 75.90
24.32, 1.613, 75.72
24.33, 1.612, 75.08
24.34, 1.611, 74.58
24.35, 1.610, 76.57
24.36, 1.609, 76.71
24.37, 1.608, 75.86
24.38, 1.607, 74.35
24.39, 1.606, 73.46
24.40, 1.605, 73.19
24.41, 1.604, 72.80
24.42, 1.603, 73.49
24.43, 1.602, 71.68
24.44, 1.601, 71.30
24.45, 1.600, 72.17
24.46, 1.599, 70.05
24.47, 1.598, 69.59
24.48, 1.597, 69.99
24.49, 1.596, 69.42
24.50, 1.595, 69.46
24.51, 1.594, 69.66
24.52, 1.593, 68.95
24.53, 1.592, 68.55
24.54, 1.591, 67.64
24.55, 1.590, 65.46
24.56, 1.589, 68.04
24.57, 1.588, 66.55
24.58, 1.587, 64.72
24.59, 1.586, 64.97
24.60, 1.585, 65.44
24.61, 1.584, 65.50
24.62, 1.583, 64.95
24.63, 1.582, 64.99
24.64, 1.581, 63.51
24.65, 1.580, 62.71
24.66, 1.579, 62.28
24.67, 1.578, 63.40
24.68, 1.577, 62.04
24.69, 1.576, 62.13
24.70, 1.575, 62.20
24.71, 1.574, 60.98
24.72, 1.573, 60.38
24.73, 1.572, 59.16
24.74, 1.571, 58.67
24.75, 1.570, 57.86
24.76, 1.569, 58.17
24.77, 1.568, 56.86
24.78, 1.567, 58.05
24.79, 1.566, 56.24
24.80, 1.565, 56.72
24.81, 1.564, 57.53
24.82, 1.563, 56.17
24.83, 1.562, 55.43
24.84, 1.561, 56.22
24.85, 1.560, 53.91
24.86, 1.559, 55.54
24.87, 1.558, 54.74
24.88, 1.557, 55.94
24.89, 1.556, 52.51
24.90, 1.555, 54.23
24.91, 1.554, 53.33
24.92, 1.553, 52.95
24.93, 1.552, 53.74
24.94, 1.551, 53.37
24.95, 1.550, 51.90
24.96, 1.549, 52.46
24.97, 1.548, 50.63
24.98, 1.547, 51.32
24.99, 1.546, 50.17
25.00, 1.545, 50.53
25.01, 1.544, 50.66
25.02, 1.543, 49.60
25.03, 1.542, 49.45
25.04, 1.541, 48.74
25.05, 1.540, 48.91
25.06, 1.539, 47.95
25.07, 1.538, 49.62
25.08, 1.537, 47.48
25.09, 1.536, 48.37
25.10, 1.535, 48.46
25.11, 1.534, 46.93
25.12, 1.533, 45.26
25.13, 1.532, 46.25
25.14, 1.531, 44.61
25.15, 1.530, 43.41
25.16, 1.529, 43.87
25.17, 1.528, 44.14
25.18, 1.527, 43.71
25.19, 1.526, 42.74
25.20, 1.525, 43.66
25.21, 1.524, 45.40
25.22, 1.523, 42.72
25.23, 1.522, 42.73
25.24, 1.521, 41.23
25.25, 1.520, 41.45
25.26, 1.519, 42.17
25.27, 1.518, 42.40
25.28, 1.517, 43.01
25.29, 1.516, 42.02
25.30, 1.515, 42.12
25.31, 1.514, 42.22
25.32, 1.513, 40.99
25.33, 1.512, 40.64
25.34, 1.511, 39.67
25.35, 1.510, 38.19
25.36, 1.509, 39.67
25.37, 1.508, 39.23
25.38, 1.507, 38.50
25.39, 1.506, 39.77
25.40, 1.505, 39.43
25.41, 1.504, 38.83
25.42, 1.503, 37.78
25.43, 1.502, 38.04
25.44, 1.501, 36.92
25.45, 1.500, 37.75
25.46, 1.499, 36.92
25.47, 1.498, 36.98
25.48, 1.497, 36.96
25.49, 1.496, 38.43
25.50, 1.495, 36.35
25.51, 1.494, 37.04
25.52, 1.493, 37.10
25.53, 1.492, 34.74
25.54, 1.491, 34.41
25.55, 1.490, 33.91
25.56, 1.489, 34.47
25.57, 1.488, 34.64
25.58, 1.487, 35.26
25.59, 1.486, 34.14
25.60, 1.485, 35.61
25.61, 1.484, 33.62
25.62, 1.483, 33.50
25.63, 1.482, 32.66
25.64, 1.481, 32.95
25.65, 1.480, 32.73
25.66, 1.479, 31.56
25.67, 1.478, 31.26
25.68, 1.477, 32.63
25.69, 1.476, 32.48
25.70, 1.475, 31.92
25.71, 1.474, 31.23
25.72, 1.473, 32.96
25.73, 1.472, 31.14
25.74, 1.471, 31.23
25.75, 1.470, 31.87
25.76, 1.469, 30.64
25.77, 1.468, 30.35
25.78, 1.467, 29.91
25.79, 1.466, 30.09
25.80, 1.465, 30.40
25.81, 1.464, 29.92
25.82, 1.463, 30.89
25.83, 1.462, 29.33
25.84, 1.461, 30.02
25.85, 1.460, 28.64
25.86, 1.459, 28.11
25.87, 1.458, 28.43
25.88, 1.457, 27.85
25.89, 1.456, 28.79
25.90, 1.455, 29.39
25.91, 1.454, 28.85
25.92, 1.453, 29.35
25.93, 1.452, 28.32
25.94, 1.451, 27.43
25.95, 1.450, 28.96
25.96, 1.449, 27.58
25.97, 1.448, 26.19
25.98, 1.447, 26.58
25.99, 1.446, 26.95
26.00, 1.445, 26.85
26.01, 1.444, 25.49
26.02, 1.443, 26.26
26.03, 1.442, 26.37
26.04, 1.441, 25.91
26.05, 1.440, 23.56
26.06, 1.439, 23.41
26.07, 1.438, 26.33
26.08, 1.437, 23.98
26.09, 1.436, 25.24
26.10, 1.435, 24.68
26.11, 1.434, 25.06
26.12, 1.433, 25.41
26.13, 1.432, 24.86
26.14, 1.431, 24.77
26.15, 1.430, 24.70
26.16, 1.429, 24.71
26.17, 1.428, 22.58
26.18, 1.427, 24.38
26.19, 1.426, 23.36
26.20, 1.425, 22.74
26.21, 1.424, 22.20
26.22, 1.423, 21.74
26.23, 1.422, 21.53
26.24, 1.421, 22.77
26.25, 1.420, 21.24
26.26, 1.419, 22.07
26.27, 1.418, 23.47
26.28, 1.417, 23.43
26.29, 1.416, 22.47
26.30, 1.415, 21.83
26.31, 1.414, 20.64
26.32, 1.413, 21.24
26.33, 1.412, 22.05
26.34, 1.411, 22.57
26.35, 1.410, 20.83
26.36, 1.409, 22.56
26.37, 1.408, 22.04
26.38, 1.407, 21.82
26.39, 1.406, 20.57
26.40, 1.405, 19.61
26.41, 1.404, 21.22
26.42, 1.403, 21.09
26.43, 1.402, 21.58
26.44, 1.401, 19.60
26.45, 1.400, 19.57
26.46, 1.399, 20.25
26.47, 1.398, 20.69
26.48, 1.397, 18.00
26.49, 1.396, 18.45
26.50, 1.395, 18.40
26.51, 1.394, 19.20
26.52, 1.393, 18.91
26.53, 1.392, 19.68
26.54, 1.391, 19.27
26.55, 1.390, 19.25
26.56, 1.389, 19.72
26.57, 1.388, 19.86
26.58, 1.387, 20.43
26.59, 1.386, 18.80
26.60, 1.385, 18.75
26.61, 1.384, 19.42
26.62, 1.383, 18.27
26.63, 1.382, 19.15
26.64, 1.381, 17.80
26.65, 1.380, 17.33
26.66, 1.379, 18.57
26.67, 1.378, 19.29
26.68, 1.377, 18.32
26.69, 1.376, 20.16
26.70, 1.375, 18.52
26.71, 1.374, 17.76
26.72, 1.373, 16.34
26.73, 1.372, 18.19
26.74, 1.371, 17.31
26.75, 1.370, 16.33
26.76, 1.369, 17.85
26.77, 1.368, 17.73
26.78, 1.367, 18.85
26.79, 1.366, 17.68
26.80, 1.365, 16.81
26.81, 1.364, 16.86
26.82, 1.363, 16.45
26.83, 1.362, 16.01
26.84, 1.361, 16.96
26.85, 1.360, 15.51
26.86, 1.359, 16.45
26.87, 1.358, 16.51
26.88, 1.357, 16.44
26.89, 1.356, 16.14
26.90, 1.355, 17.18
26.91, 1.354, 15.72
26.92, 1.353, 16.31
26.93, 1.352, 17.19
26.94, 1.351, 14.41
26.95, 1.350, 15.98
26.96, 1.349, 13.87
26.97, 1.348, 14.87
26.98, 1.347, 15.14
26.99, 1.346, 14.41
27.00, 1.345, 14.81
27.01, 1.344, 17.27
27.02, 1.343, 15.66
27.03, 1.342, 15.06
27.04, 1.341, 15.87
27.05, 1.340, 15.20
27.06, 1.339, 14.42
27.07, 1.338, 15.17
27.08, 1.337, 14.10
27.09, 1.336, 13.95
27.10, 1.335, 15.22
27.11, 1.334, 13.03
27.12, 1.333, 14.37
27.13, 1.332, 15.74
27.14, 1.331, 15.14
27.15, 1.330, 13.78
27.16, 1.329, 15.24
27.17, 1.328, 14.37
27.18, 1.327, 14.36
27.19, 1.326, 14.93
27.20, 1.325, 14.77
27.21, 1.324, 13.05
27.22, 1.323, 13.01
27.23, 1.322, 13.52
27.24, 1.321, 13.84
27.25, 1.320, 13.75
27.26, 1.319, 14.11
27.27, 1.318, 12.40
27.28, 1.317, 12.45
27.29, 1.316, 12.24
27.30, 1.315, 12.23
27.31, 1.314, 11.74
27.32, 1.313, 13.21
27.33, 1.312, 12.24
27.34, 1.311, 13.09
27.35, 1.310, 13.23
27.36, 1.309, 13.62
27.37, 1.308, 13.88
27.38, 1.307, 14.21
27.39, 1.306, 12.97
27.40, 1.305, 13.00
27.41, 1.304, 13.13
27.42, 1.303, 12.45
27.43, 1.302, 12.77
27.44, 1.301, 11.81
27.45, 1.300, 11.97
27.46, 1.299, 11.56
27.47, 1.298, 11.44
27.48, 1.297, 11.41
27.49, 1.296, 10.59
27.50, 1.295, 10.60
27.51, 1.294, 11.50
27.52, 1.293, 13.38
27.53, 1.292, 12.00
27.54, 1.291, 13.59
27.55, 1.290, 12.30
27.56, 1.289, 11.65
27.57, 1.288, 11.09
27.58, 1.287, 12.13
27.59, 1.286, 10.40
27.60, 1.285, 11.30
27.61, 1.284, 11.39
27.62, 1.283, 10.44
27.63, 1.282, 12.16
27.64, 1.281, 11.68
27.65, 1.280, 10.21
27.66, 1.279, 10.56
27.67, 1.278, 10.53
27.68, 1.277, 10.81
27.69, 1.276, 11.00
27.70, 1.275, 10.35
27.71, 1.274, 10.38
27.72, 1.273, 10.93
27.73, 1.272, 10.15
27.74, 1.271, 10.55
27.75, 1.270, 10.60
27.76, 1.269, 9.690
27.77, 1.268, 10.34
27.78, 1.267, 8.788
27.79, 1.266, 10.86
27.80, 1.265, 10.72
27.81, 1.264, 8.848
27.82, 1.263, 10.72
27.83, 1.262, 8.478
27.84, 1.261, 9.334
27.85, 1.260, 9.359
27.86, 1.259, 9.387
27.87, 1.258, 8.398
27.88, 1.257, 8.819
27.89, 1.256, 8.510
27.90, 1.255, 10.24
27.91, 1.254, 9.675
27.92, 1.253, 9.818
27.93, 1.252, 10.10
27.94, 1.251, 10.82
27.95, 1.250, 10.81
27.96, 1.249, 9.959
27.97, 1.248, 10.37
27.98, 1.247, 9.214
27.99, 1.246, 9.023
28.00, 1.245, 8.861
28.01, 1.244, 8.214
28.02, 1.243, 9.397
28.03, 1.242, 9.338
28.04, 1.241, 7.453
28.05, 1.240, 7.304
28.06, 1.239, 7.334
28.07, 1.238, 6.571
28.08, 1.237, 8.252
28.09, 1.236, 7.949
28.10, 1.235, 7.719
28.11, 1.234, 7.823
28.12, 1.233, 8.802
28.13, 1.232, 7.353
28.14, 1.231, 8.752
28.15, 1.230, 7.370
28.16, 1.229, 8.556
28.17, 1.228, 7.953
28.18, 1.227, 8.736
28.19, 1.226, 7.287
28.20, 1.225, 6.556
28.21, 1.224, 6.992
28.22, 1.223, 7.476
28.23, 1.222, 7.882
28.24, 1.221, 6.075
28.25, 1.220, 6.678
28.26, 1.219, 7.683
28.27, 1.218, 6.534
28.28, 1.217, 7.583
28.29, 1.216, 6.616
28.30, 1.215, 7.411
28.31, 1.214, 6.970
28.32, 1.213, 7.863
28.33, 1.212, 7.333
28.34, 1.211, 7.380
28.35, 1.210, 6.502
28.36, 1.209, 7.436
28.37, 1.208, 6.454
28.38, 1.207, 5.709
28.39, 1.206, 6.006
28.40, 1.205, 5.258
28.41, 1.204, 4.874
28.42, 1.203, 6.049
28.43, 1.202, 7.189
28.44, 1.201, 7.424
28.45, 1.200, 6.935
28.46, 1.199, 7.532
28.47, 1.198, 7.074
28.48, 1.197, 6.486
28.49, 1.196, 6.134
28.50, 1.195, 5.912
28.51, 1.194, 4.329
28.52, 1.193, 4.995
28.53, 1.192, 4.719
28.54, 1.191, 3.542
28.55, 1.190, 3.067
28.56, 1.189, 4.167
28.57, 1.188, 4.128
28.58, 1.187, 3.784
28.59, 1.186, 4.246
28.60, 1.185, 5.611
28.61, 1.184, 4.025
28.62, 1.183, 5.715
28.63, 1.182, 4.997
28.64, 1.181, 4.578
28.65, 1.180, 5.876
28.66, 1.179, 4.228
28.67, 1.178, 4.881
28.68, 1.177, 5.071
28.69, 1.176, 3.245
28.70, 1.175, 4.345
28.71, 1.174, 5.525
28.72, 1.173, 4.510
28.73, 1.172, 5.951
28.74, 1.171, 6.069
28.75, 1.170, 6.178
28.76, 1.169, 5.061
28.77, 1.168, 4.173
28.78, 1.167, 4.649
28.79, 1.166, 4.488
28.80, 1.165, 6.495
28.81, 1.164, 4.634
28.82, 1.163, 5.136
28.83, 1.162, 5.626
28.84, 1.161, 5.472
28.85, 1.160, 3.748
28.86, 1.159, 4.805
28.87, 1.158, 2.806
28.88, 1.157, 2.623
28.89, 1.156, 2.859
28.90, 1.155, 2.228
28.91, 1.154, 3.951
28.92, 1.153, 3.213
28.93, 1.152, 1.182
28.94, 1.151, 3.430
28.95, 1.150, 4.702
28.96, 1.149, 3.060
28.97, 1.148, 2.384
28.98, 1.147, 3.409
28.99, 1.146, 3.319
29.00, 1.145, 2.805
29.01, 1.144, 2.554
29.02, 1.143, 2.994
29.03, 1.142, 2.553
29.04, 1.141, 2.737
29.05, 1.140, 3.351
29.06, 1.139, 2.489
29.07, 1.138, 3.065
29.08, 1.137, 3.932
29.09, 1.136, 3.456
29.10, 1.135, 2.116
29.11, 1.134, 3.978
29.12, 1.133, 2.265
29.13, 1.132, 3.419
29.14, 1.131, 2.904
29.15, 1.130, 2.293
29.16, 1.129, 2.435
29.17, 1.128, 4.296
29.18, 1.127, 2.123
29.19, 1.126, 2.963
29.20, 1.125, 4.488
29.21, 1.124, 4.198
29.22, 1.123, 3.959
29.23, 1.122, 3.280
29.24, 1.121, 2.084
29.25, 1.120, 3.728
29.26, 1.119, 4.112
29.27, 1.118, 1.697
29.28, 1.117, 2.918
29.29, 1.116, 3.731
29.30, 1.115, 2.918
29.31, 1.114, 2.445
29.32, 1.113, 4.178
29.33, 1.112, 2.469
29.34, 1.111, 2.425
29.35, 1.110, 3.045
29.36, 1.109, 3.014
29.37, 1.108, 1.962
29.38, 1.107, 2.717
29.39, 1.106, 2.445
29.40, 1.105, 1.395
29.41, 1.104, 0.2801
29.42, 1.103, -0.2199
29.43, 1.102, -0.2226
29.44, 1.101, 0.7787
29.45, 1.100, 0.4974
29.46, 1.099, 2.647
29.47, 1.098, 1.015
29.48, 1.097, 2.977
29.49, 1.096, 2.255
29.50, 1.095, 2.470
29.51, 1.094, 1.894
29.52, 1.093, 2.515
29.53, 1.092, 2.934
29.54, 1.091, 1.377
29.55, 1.090, 2.619
29.56, 1.089, 2.127
29.57, 1.088, 3.357
29.58, 1.087, 2.879
29.59, 1.086, 2.422
29.60, 1.085, 2.226
29.61, 1.084, 3.143
29.62, 1.083, 3.438
29.63, 1.082, 2.108
29.64, 1.081, 2.533
29.65, 1.080, 2.796
29.66, 1.079, 2.786
29.67, 1.078, 3.226
29.68, 1.077, 3.925
29.69, 1.076, 2.954
29.70, 1.075, 1.864
29.71, 1.074, 0.7731
29.72, 1.073, 0.4284
29.73, 1.072, -0.8315
29.74, 1.071, -0.4993
29.75, 1.070, 0.9277
29.76, 1.069, 1.188
29.77, 1.068, -0.2070
29.78, 1.067, -0.3858
29.79, 1.066, 1.825
29.80, 1.065, -0.2021
29.81, 1.064, 0.5444
29.82, 1.063, 1.746
29.83, 1.062, 1.092
29.84, 1.061, 0.02908
29.85, 1.060, 1.429
29.86, 1.059, 2.085
29.87, 1.058, 1.207
29.88, 1.057, -0.8138
29.89, 1.056, -0.8507
29.90, 1.055, 0.7476
29.91, 1.054, 0.5962
29.92, 1.053, 0.8332
29.93, 1.052, 1.845
29.94, 1.051, 2.204
29.95, 1.050, 0.4517
29.96, 1.049, 1.739
29.97, 1.048, -0.4108
29.98, 1.047, 0.6077
29.99, 1.046, -0.05504
30.00, 1.045, 1.803
30.01, 1.044, 1.924
30.02, 1.043, 1.044
30.03, 1.042, 0.6960
30.04, 1.041, -0.8047
30.05, 1.040, 2.012
30.06, 1.039, -0.4465
30.07, 1.038, -0.9302
30.08, 1.037, 0.6570
30.09, 1.036, 2.052
30.10, 1.035, -0.3589
30.11, 1.034, 1.489
30.12, 1.033, 0.1829
30.13, 1.032, 1.190
30.14, 1.031, 1.696
30.15, 1.030, 0.8470
30.16, 1.029, -0.2653
30.17, 1.028, -0.5562
30.18, 1.027, -0.7495
30.19, 1.026, -2.321
30.20, 1.025, -1.104
30.21, 1.024, -0.7725
30.22, 1.023, -0.6822
30.23, 1.022, -2.353
30.24, 1.021, -0.6067
30.25, 1.020, 1.658
30.26, 1.019, -0.8882
30.27, 1.018, -0.03390
30.28, 1.017, -0.2258
30.29, 1.016, -0.9940
30.30, 1.015, 0.4347
30.31, 1.014, -0.4316
30.32, 1.013, -0.09815
30.33, 1.012, -0.4448
30.34, 1.011, 1.511
30.35, 1.010, 0.5640
30.36, 1.009, 0.9383
30.37, 1.008, -0.1107
30.38, 1.007, 1.739
30.39, 1.006, 1.828
30.40, 1.005, 0.5274
30.41, 1.004, 0.7240
30.42, 1.003, 0.4673
30.43, 1.002, 0.5246
30.44, 1.001, -0.5648
30.45, 1.000, 0.7920
30.46, 0.9990, 0.01162
30.47, 0.9980, 1.543
30.48, 0.9970, 0.6328
30.49, 0.9960, -1.151
30.50, 0.9950, 0.4010
30.51, 0.9940, -1.435
30.52, 0.9930, 0.5992
30.53, 0.9920, 0.2135
30.54, 0.9910, 0.6026
30.55, 0.9900, -1.604
30.56, 0.9890, 0.8106
30.57, 0.9880, -0.1694
30.58, 0.9870, -1.895
30.59, 0.9860, -1.737
30.60, 0.9850, -2.926
30.61, 0.9840, -2.454
30.62, 0.9830, -1.064
30.63, 0.9820, -2.825
30.64, 0.9810, -0.6351
30.65, 0.9800, -1.703
30.66, 0.9790, -1.520
30.67, 0.9780, -1.172
30.68, 0.9770, -2.448
30.69, 0.9760, -1.285
30.70, 0.9750, -0.2861
30.71, 0.9740, -0.9739
30.72, 0.9730, -1.554
30.73, 0.9720, -0.6703
30.74, 0.9710, -0.1098
30.75, 0.9700, 0.8717
30.76, 0.9690, -1.316
30.77, 0.9680, -0.4461
30.78, 0.9670, -0.8741
30.79, 0.9660, 0.2522
30.80, 0.9650, 0.7087
30.81, 0.9640, -0.7563
30.82, 0.9630, -3.129
30.83, 0.9620, -1.794
30.84, 0.9610, 0.3451
30.85, 0.9600, -0.8317
30.86, 0.9590, -0.6239
30.87, 0.9580, -1.021
30.88, 0.9570, -1.657
30.89, 0.9560, -2.089
30.90, 0.9550, -0.8404
30.91, 0.9540, -1.308
30.92, 0.9530, -0.2224
30.93, 0.9520, 0.2340
30.94, 0.9510, -0.4562
30.95, 0.9500, -2.373
30.96, 0.9490, -1.202
30.97, 0.9480, 0.5694
30.98, 0.9470, -2.181
30.99, 0.9460, -0.1599
31.00, 0.9450, -0.1294
31.01, 0.9440, -3.115
31.02, 0.9430, -0.9046
31.03, 0.9420, -1.040
31.04, 0.9410, -2.173
31.05, 0.9400, -1.924
31.06, 0.9390, -0.4668
31.07, 0.9380, -0.9787
31.08, 0.9370, -1.636
31.09, 0.9360, -2.985
31.10, 0.9350, -1.730
31.11, 0.9340, -1.750
31.12, 0.9330, -1.890
31.13, 0.9320, -0.7558
31.14, 0.9310, -2.089
31.15, 0.9300, -2.442
31.16, 0.9290, -1.358
31.17, 0.9280, -0.2697
31.18, 0.9270, -0.8015
31.19, 0.9260, -2.329
31.20, 0.9250, 0.1445
31.21, 0.9240, -1.268
31.22, 0.9230, -0.1084
31.23, 0.9220, -0.4855
31.24, 0.9210, -1.572
31.25, 0.9200, -2.377
31.26, 0.9190, -1.414
31.27, 0.9180, -1.900
31.28, 0.9170, -2.246
31.29, 0.9160, -1.536
31.30, 0.9150, -1.950
31.31, 0.9140, -0.8153
31.32, 0.9130, -0.1079
31.33, 0.9120, 0.1882
31.34, 0.9110, -0.9254
31.35, 0.9100, 0.5393
31.36, 0.9090, -2.497
31.37, 0.9080, -0.7663
31.38, 0.9070, -1.209
31.39, 0.9060, -1.338
31.40, 0.9050, -1.745
31.41, 0.9040, -0.4400
31.42, 0.9030, -0.3525
31.43, 0.9020, -1.782
31.44, 0.9010, -1.761
31.45, 0.9000, -0.9828
31.46, 0.8990, -3.500
31.47, 0.8980, -1.559
31.48, 0.8970, -4.958
31.49, 0.8960, -3.771
31.50, 0.8950, -3.363
31.51, 0.8940, -4.111
31.52, 0.8930, -2.544
31.53, 0.8920, -2.033
31.54, 0.8910, -2.225
31.55, 0.8900, -2.871
31.56, 0.8890, -1.207
31.57, 0.8880, -1.808
31.58, 0.8870, -0.8223
31.59, 0.8860, -1.674
31.60, 0.8850, -3.254
31.61, 0.8840, -3.466
31.62, 0.8830, -1.467
31.63, 0.8820, -1.289
31.64, 0.8810, -2.335
31.65, 0.8800, -2.416
31.66, 0.8790, -0.6036
31.67, 0.8780, -2.411
31.68, 0.8770, -1.085
31.69, 0.8760, -0.1211
31.70, 0.8750, -1.321
31.71, 0.8740, -3.078
31.72, 0.8730, 0.5283
31.73, 0.8720, -2.323
31.74, 0.8710, -1.864
31.75, 0.8700, -2.743
31.76, 0.8690, -1.870
31.77, 0.8680, -3.017
31.78, 0.8670, -2.640
31.79, 0.8660, -1.118
31.80, 0.8650, -2.040
31.81, 0.8640, -2.493
31.82, 0.8630, 1.135
31.83, 0.8620, -2.335
31.84, 0.8610, -2.251
31.85, 0.8600, -1.520
31.86, 0.8590, -3.386
31.87, 0.8580, -3.204
31.88, 0.8570, -1.639
31.89, 0.8560, -1.594
31.90, 0.8550, -3.074
31.91, 0.8540, -3.030
31.92, 0.8530, -4.375
31.93, 0.8520, -2.022
31.94, 0.8510, -3.198
31.95, 0.8500, -4.102
31.96, 0.8490, -3.304
31.97, 0.8480, -4.329
31.98, 0.8470, -3.947
31.99, 0.8460, -2.973
32.00, 0.8450, -3.295
32.01, 0.8440, -0.8947
32.02, 0.8430, -2.250
32.03, 0.8420, -3.229
32.04, 0.8410, -1.087
32.05, 0.8400, -2.921
32.06, 0.8390, -1.142
32.07, 0.8380, -2.181
32.08, 0.8370, -2.379
32.09, 0.8360, -1.984
32.10, 0.8350, -2.082
32.11, 0.8340, -1.865
32.12, 0.8330, -1.552
32.13, 0.8320, -3.434
32.14, 0.8310, -1.759
32.15, 0.8300, -1.938
32.16, 0.8290, -1.315
32.17, 0.8280, -2.127
32.18, 0.8270, -1.669
32.19, 0.8260, -1.607
32.20, 0.8250, -3.223
32.21, 0.8240, -3.433
32.22, 0.8230, -2.589
32.23, 0.8220, -2.106
32.24, 0.8210, -0.9806
32.25, 0.8200, -2.314
32.26, 0.8190, -3.912
32.27, 0.8180, -2.397
32.28, 0.8170, -4.051
32.29, 0.8160, -3.998
32.30, 0.8150, -4.737
32.31, 0.8140, -2.518
32.32, 0.8130, -2.626
32.33, 0.8120, -1.052
32.34, 0.8110, -2.774
32.35, 0.8100, -1.793
32.36, 0.8090, -2.250
32.37, 0.8080, -1.461
32.38, 0.8070, -3.291
32.39, 0.8060, -2.963
32.40, 0.8050, -2.700
32.41, 0.8040, -3.348
32.42, 0.8030, -3.684
32.43, 0.8020, -1.902
32.44, 0.8010, -5.230
32.45, 0.8000, -3.234
32.46, 0.7990, -3.866
32.47, 0.7980, -2.977
32.48, 0.7970, -2.849
32.49, 0.7960, -1.160
32.50, 0.7950, -0.4742
32.51, 0.7940, -3.268
32.52, 0.7930, -2.306
32.53, 0.7920, -3.687
32.54, 0.7910, -1.748
32.55, 0.7900, -1.767
32.56, 0.7890, -2.822
32.57, 0.7880, -3.440
32.58, 0.7870, -4.080
32.59, 0.7860, -3.622
32.60, 0.7850, -3.756
32.61, 0.7840, -2.933
32.62, 0.7830, -2.579
32.63, 0.7820, -2.368
32.64, 0.7810, -2.106
32.65, 0.7800, -1.326
32.66, 0.7790, -2.771
32.67, 0.7780, -1.638
32.68, 0.7770, -3.391
32.69, 0.7760, -4.500
32.70, 0.7750, -2.767
32.71, 0.7740, -2.833
32.72, 0.7730, -2.734
32.73, 0.7720, -4.190
32.74, 0.7710, -5.140
32.75, 0.7700, -2.695
32.76, 0.7690, -2.672
32.77, 0.7680, -1.590
32.78, 0.7670, -3.635
32.79, 0.7660, -3.633
32.80, 0.7650, -3.573
32.81, 0.7640, -3.720
32.82, 0.7630, -3.258
32.83, 0.7620, -2.054
32.84, 0.7610, -4.294
32.85, 0.7600, -2.506
32.86, 0.7590, -3.159
32.87, 0.7580, -3.800
32.88, 0.7570, -3.123
32.89, 0.7560, -3.836
32.90, 0.7550, -3.255
32.91, 0.7540, -3.844
32.92, 0.7530, -2.946
32.93, 0.7520, -2.836
32.94, 0.7510, -2.947
32.95, 0.7500, -2.986
32.96, 0.7490, -4.622
32.97, 0.7480, -4.080
32.98, 0.7470, -2.872
32.99, 0.7460, -2.207
33.00, 0.7450, -3.320
33.01, 0.7440, -3.654
33.02, 0.7430, -2.918
33.03, 0.7420, -4.206
33.04, 0.7410, -3.538
33.05, 0.7400, -3.736
33.06, 0.7390, -3.969
33.07, 0.7380, -2.065
33.08, 0.7370, -3.412
33.09, 0.7360, -2.180
33.10, 0.7350, -2.531
33.11, 0.7340, -2.711
33.12, 0.7330, -3.250
33.13, 0.7320, -4.381
33.14, 0.7310, -3.303
33.15, 0.7300, -3.455
33.16, 0.7290, -3.609
33.17, 0.7280, -4.906
33.18, 0.7270, -3.390
33.19, 0.7260, -4.244
33.20, 0.7250, -3.392
33.21, 0.7240, -4.684
33.22, 0.7230, -2.439
33.23, 0.7220, -3.848
33.24, 0.7210, -3.154
33.25, 0.7200, -4.519
33.26, 0.7190, -4.361
33.27, 0.7180, -3.585
33.28, 0.7170, -5.075
33.29, 0.7160, -4.406
33.30, 0.7150, -5.326
33.31, 0.7140, -3.180
33.32, 0.7130, -3.339
33.33, 0.7120, -4.327
33.34, 0.7110, -3.252
33.35, 0.7100, -3.268
33.36, 0.7090, -3.726
33.37, 0.7080, -3.554
33.38, 0.7070, -2.891
33.39, 0.7060, -3.267
33.40, 0.7050, -4.609
33.41, 0.7040, -3.627
33.42, 0.7030, -3.709
33.43, 0.7020, -2.951
33.44, 0.7010, -2.545
33.45, 0.7000, -2.365
33.46, 0.6990, -2.639
33.47, 0.6980, -3.271
33.48, 0.6970, -4.937
33.49, 0.6960, -2.850
33.50, 0.6950, -3.165
33.51, 0.6940, -3.620
33.52, 0.6930, -5.447
33.53, 0.6920, -5.427
33.54, 0.6910, -4.220
33.55, 0.6900, -5.577
33.56, 0.6890, -4.998
33.57, 0.6880, -3.289
33.58, 0.6870, -4.501
33.59, 0.6860, -4.046
33.60, 0.6850, -4.469
33.61, 0.6840, -3.730
33.62, 0.6830, -5.140
33.63, 0.6820, -4.582
33.64, 0.6810, -5.338
33.65, 0.6800, -2.990
33.66, 0.6790, -4.131
33.67, 0.6780, -6.149
33.68, 0.6770, -4.291
33.69, 0.6760, -5.473
33.70, 0.6750, -4.655
33.71, 0.6740, -4.032
33.72, 0.6730, -5.266
33.73, 0.6720, -4.454
33.74, 0.6710, -2.609
33.75, 0.6700, -3.961
33.76, 0.6690, -2.536
33.77, 0.6680, -4.134
33.78, 0.6670, -4.685
33.79, 0.6660, -4.108
33.80, 0.6650, -4.125
33.81, 0.6640, -4.832
33.82, 0.6630, -4.771
33.83, 0.6620, -5.578
33.84, 0.6610, -4.737
33.85, 0.6600, -5.317
33.86, 0.6590, -4.763
33.87, 0.6580, -4.177
33.88, 0.6570, -3.545
33.89, 0.6560, -2.995
33.90, 0.6550, -2.546
33.91, 0.6540, -3.309
33.92, 0.6530, -2.649
33.93, 0.6520, -4.320
33.94, 0.6510, -3.586
33.95, 0.6500, -4.920
33.96, 0.6490, -4.800
33.97, 0.6480, -3.650
33.98, 0.6470, -4.115
33.99, 0.6460, -5.138
34.00, 0.6450, -4.452
34.01, 0.6440, -5.171
34.02, 0.6430, -4.994
34.03, 0.6420, -6.073
34.04, 0.6410, -4.244
34.05, 0.6400, -4.460
34.06, 0.6390, -4.496
34.07, 0.6380, -4.874
34.08, 0.6370, -3.231
34.09, 0.6360, -4.131
34.10, 0.6350, -3.323
34.11, 0.6340, -3.802
34.12, 0.6330, -4.304
34.13, 0.6320, -2.957
34.14, 0.6310, -5.008
34.15, 0.6300, -4.016
34.16, 0.6290, -5.436
34.17, 0.6280, -3.992
34.18, 0.6270, -4.120
34.19, 0.6260, -4.808
34.20, 0.6250, -4.615
34.21, 0.6240, -4.731
34.22, 0.6230, -5.044
34.23, 0.6220, -6.034
34.24, 0.6210, -3.583
34.25, 0.6200, -4.681
34.26, 0.6190, -3.667
34.27, 0.6180, -4.185
34.28, 0.6170, -5.170
34.29, 0.6160, -4.781
34.30, 0.6150, -4.206
34.31, 0.6140, -4.994
34.32, 0.6130, -3.909
34.33, 0.6120, -5.063
34.34, 0.6110, -3.968
34.35, 0.6100, -4.273
34.36, 0.6090, -5.925
34.37, 0.6080, -4.718
34.38, 0.6070, -6.220
34.39, 0.6060, -5.893
34.40, 0.6050, -6.325
34.41, 0.6040, -6.068
34.42, 0.6030, -6.910
34.43, 0.6020, -5.546
34.44, 0.6010, -5.308
34.45, 0.6000, -4.527
34.46, 0.5990, -5.875
34.47, 0.5980, -3.852
34.48, 0.5970, -4.274
34.49, 0.5960, -5.808
34.50, 0.5950, -5.330
34.51, 0.5940, -6.535
34.52, 0.5930, -4.635
34.53, 0.5920, -4.982
34.54, 0.5910, -5.838
34.55, 0.5900, -4.366
34.56, 0.5890, -3.456
34.57, 0.5880, -3.596
34.58, 0.5870, -5.600
34.59, 0.5860, -5.170
34.60, 0.5850, -5.693
34.61, 0.5840, -5.028
34.62, 0.5830, -4.862
34.63, 0.5820, -5.282
34.64, 0.5810, -5.626
34.65, 0.5800, -3.674
34.66, 0.5790, -5.533
34.67, 0.5780, -4.951
34.68, 0.5770, -4.179
34.69, 0.5760, -4.746
34.70, 0.5750, -5.853
34.71, 0.5740, -5.086
34.72, 0.5730, -5.622
34.73, 0.5720, -3.814
34.74, 0.5710, -4.560
34.75, 0.5700, -4.794
34.76, 0.5690, -7.097
34.77, 0.5680, -4.724
34.78, 0.5670, -4.680
34.79, 0.5660, -3.143
34.80, 0.5650, -5.275
34.81, 0.5640, -5.430
34.82, 0.5630, -5.155
34.83, 0.5620, -4.810
34.84, 0.5610, -6.241
34.85, 0.5600, -5.146
34.86, 0.5590, -5.984
34.87, 0.5580, -4.752
34.88, 0.5570, -4.950
34.89, 0.5560, -6.600
34.90, 0.5550, -4.566
34.91, 0.5540, -6.405
34.92, 0.5530, -4.870
34.93, 0.5520, -5.674
34.94, 0.5510, -4.834
34.95, 0.5500, -4.482
34.96, 0.5490, -6.517
34.97, 0.5480, -5.709
34.98, 0.5470, -4.843
34.99, 0.5460, -4.734
35.00, 0.5450, -5.706
35.01, 0.5440, -5.544
35.02, 0.5430, -5.061
35.03, 0.5420, -4.739
35.04, 0.5410, -4.777
35.05, 0.5400, -6.526
35.06, 0.5390, -5.636
35.07, 0.5380, -4.496
35.08, 0.5370, -5.890
35.09, 0.5360, -3.952
35.10, 0.5350, -5.239
35.11, 0.5340, -5.645
35.12, 0.5330, -4.729
35.13, 0.5320, -4.211
35.14, 0.5310, -5.637
35.15, 0.5300, -4.909
35.16, 0.5290, -5.211
35.17, 0.5280, -5.027
35.18, 0.5270, -5.269
35.19, 0.5260, -4.565
35.20, 0.5250, -5.063
35.21, 0.5240, -5.965
35.22, 0.5230, -4.728
35.23, 0.5220, -6.314
35.24, 0.5210, -6.004
35.25, 0.5200, -6.640
35.26, 0.5190, -5.979
35.27, 0.5180, -5.264
35.28, 0.5170, -6.541
35.29, 0.5160, -5.066
35.30, 0.5150, -4.988
35.31, 0.5140, -5.915
35.32, 0.5130, -4.090
35.33, 0.5120, -5.574
35.34, 0.5110, -5.080
35.35, 0.5100, -6.911
35.36, 0.5090, -6.190
35.37, 0.5080, -5.828
35.38, 0.5070, -4.692
35.39, 0.5060, -6.356
35.40, 0.5050, -4.389
35.41, 0.5040, -6.303
35.42, 0.5030, -4.927
35.43, 0.5020, -5.610
35.44, 0.5010, -5.380
35.45, 0.5000, -4.962
35.46, 0.4990, -4.234
35.47, 0.4980, -5.498
35.48, 0.4970, -5.775
35.49, 0.4960, -5.559
35.50, 0.4950, -4.676
35.51, 0.4940, -6.286
35.52, 0.4930, -4.914
35.53, 0.4920, -6.034
35.54, 0.4910, -6.250
35.55, 0.4900, -4.285
35.56, 0.4890, -5.771
35.57, 0.4880, -4.800
35.58, 0.4870, -5.451
35.59, 0.4860, -5.979
35.60, 0.4850, -4.313
35.61, 0.4840, -5.976
35.62, 0.4830, -4.584
35.63, 0.4820, -6.573
35.64, 0.4810, -5.909
35.65, 0.4800, -6.574
35.66, 0.4790, -5.927
35.67, 0.4780, -7.708
35.68, 0.4770, -5.015
35.69, 0.4760, -6.283
35.70, 0.4750, -5.167
35.71, 0.4740, -4.901
35.72, 0.4730, -6.784
35.73, 0.4720, -6.209
35.74, 0.4710, -6.467
35.75, 0.4700, -5.451
35.76, 0.4690, -4.791
35.77, 0.4680, -7.319
35.78, 0.4670, -6.963
35.79, 0.4660, -7.266
35.80, 0.4650, -6.321
35.81, 0.4640, -5.117
35.82, 0.4630, -4.371
35.83, 0.4620, -6.207
35.84, 0.4610, -6.561
35.85, 0.4600, -7.136
35.86, 0.4590, -5.902
35.87, 0.4580, -6.500
35.88, 0.4570, -5.076
35.89, 0.4560, -5.571
35.90, 0.4550, -5.216
35.91, 0.4540, -6.120
35.92, 0.4530, -4.465
35.93, 0.4520, -5.478
35.94, 0.4510, -6.756
35.95, 0.4500, -6.207
35.96, 0.4490, -4.166
35.97, 0.4480, -6.961
35.98, 0.4470, -4.530
35.99, 0.4460, -6.626
36.00, 0.4450, -6.271
36.01, 0.4440, -6.031
36.02, 0.4430, -5.684
36.03, 0.4420, -5.220
36.04, 0.4410, -6.448
36.05, 0.4400, -5.488
36.06, 0.4390, -7.278
36.07, 0.4380, -7.057
36.08, 0.4370, -8.086
36.09, 0.4360, -7.362
36.10, 0.4350, -6.001
36.11, 0.4340, -8.068
36.12, 0.4330, -7.074
36.13, 0.4320, -5.660
36.14, 0.4310, -6.073
36.15, 0.4300, -6.177
36.16, 0.4290, -7.185
36.17, 0.4280, -6.263
36.18, 0.4270, -7.009
36.19, 0.4260, -7.412
36.20, 0.4250, -6.130
36.21, 0.4240, -5.479
36.22, 0.4230, -6.095
36.23, 0.4220, -5.773
36.24, 0.4210, -7.311
36.25, 0.4200, -6.592
36.26, 0.4190, -5.758
36.27, 0.4180, -7.254
36.28, 0.4170, -7.205
36.29, 0.4160, -7.375
36.30, 0.4150, -6.560
36.31, 0.4140, -5.535
36.32, 0.4130, -6.906
36.33, 0.4120, -5.348
36.34, 0.4110, -5.063
36.35, 0.4100, -4.742
36.36, 0.4090, -7.362
36.37, 0.4080, -5.327
36.38, 0.4070, -4.909
36.39, 0.4060, -4.660
36.40, 0.4050, -5.639
36.41, 0.4040, -7.232
36.42, 0.4030, -6.593
36.43, 0.4020, -6.093
36.44, 0.4010, -5.892
36.45, 0.4000, -5.056
36.46, 0.3990, -5.694
36.47, 0.3980, -6.356
36.48, 0.3970, -6.658
36.49, 0.3960, -5.171
36.50, 0.3950, -6.138
36.51, 0.3940, -6.982
36.52, 0.3930, -7.247
36.53, 0.3920, -6.380
36.54, 0.3910, -7.216
36.55, 0.3900, -7.082
36.56, 0.3890, -7.435
36.57, 0.3880, -7.328
36.58, 0.3870, -6.753
36.59, 0.3860, -5.387
36.60, 0.3850, -6.013
36.61, 0.3840, -7.043
36.62, 0.3830, -6.108
36.63, 0.3820, -6.244
36.64, 0.3810, -6.810
36.65, 0.3800, -5.544
36.66, 0.3790, -6.307
36.67, 0.3780, -6.254
36.68, 0.3770, -6.561
36.69, 0.3760, -6.244
36.70, 0.3750, -7.122
36.71, 0.3740, -5.888
36.72, 0.3730, -6.304
36.73, 0.3720, -4.813
36.74, 0.3710, -6.547
36.75, 0.3700, -6.179
36.76, 0.3690, -8.153
36.77, 0.3680, -6.506
36.78, 0.3670, -6.511
36.79, 0.3660, -7.099
36.80, 0.3650, -6.573
36.81, 0.3640, -6.430
36.82, 0.3630, -6.866
36.83, 0.3620, -7.447
36.84, 0.3610, -5.795
36.85, 0.3600, -6.359
36.86, 0.3590, -7.402
36.87, 0.3580, -5.968
36.88, 0.3570, -6.956
36.89, 0.3560, -7.630
36.90, 0.3550, -6.614
36.91, 0.3540, -7.518
36.92, 0.3530, -8.078
36.93, 0.3520, -7.761
36.94, 0.3510, -8.225
36.95, 0.3500, -6.696
36.96, 0.3490, -7.195
36.97, 0.3480, -6.984
36.98, 0.3470, -6.591
36.99, 0.3460, -5.941
37.00, 0.3450, -6.304
37.01, 0.3440, -7.826
37.02, 0.3430, -6.958
37.03, 0.3420, -7.249
37.04, 0.3410, -7.777
37.05, 0.3400, -7.818
37.06, 0.3390, -7.447
37.07, 0.3380, -7.373
37.08, 0.3370, -7.451
37.09, 0.3360, -8.373
37.10, 0.3350, -5.748
37.11, 0.3340, -5.670
37.12, 0.3330, -6.281
37.13, 0.3320, -7.387
37.14, 0.3310, -7.817
37.15, 0.3300, -6.141
37.16, 0.3290, -7.498
37.17, 0.3280, -6.679
37.18, 0.3270, -7.634
37.19, 0.3260, -7.576
37.20, 0.3250, -7.340
37.21, 0.3240, -8.253
37.22, 0.3230, -7.267
37.23, 0.3220, -7.196
37.24, 0.3210, -6.754
37.25, 0.3200, -6.971
37.26, 0.3190, -5.530
37.27, 0.3180, -7.457
37.28, 0.3170, -8.063
37.29, 0.3160, -6.992
37.30, 0.3150, -8.190
37.31, 0.3140, -6.600
37.32, 0.3130, -6.854
37.33, 0.3120, -8.563
37.34, 0.3110, -7.152
37.35, 0.3100, -8.142
37.36, 0.3090, -7.405
37.37, 0.3080, -9.016
37.38, 0.3070, -8.444
37.39, 0.3060, -7.594
37.40, 0.3050, -6.635
37.41, 0.3040, -6.647
37.42, 0.3030, -9.247
37.43, 0.3020, -8.418
37.44, 0.3010, -7.527
37.45, 0.3000, -9.322
37.46, 0.2990, -7.876
37.47, 0.2980, -7.300
37.48, 0.2970, -8.805
37.49, 0.2960, -8.674
37.50, 0.2950, -8.250
37.51, 0.2940, -7.880
37.52, 0.2930, -7.937
37.53, 0.2920, -9.538
37.54, 0.2910, -8.115
37.55, 0.2900, -6.902
37.56, 0.2890, -7.075
37.57, 0.2880, -6.634
37.58, 0.2870, -7.311
37.59, 0.2860, -8.517
37.60, 0.2850, -7.646
37.61, 0.2840, -6.800
37.62, 0.2830, -8.311
37.63, 0.2820, -8.403
37.64, 0.2810, -7.645
37.65, 0.2800, -8.308
37.66, 0.2790, -6.858
37.67, 0.2780, -7.908
37.68, 0.2770, -6.304
37.69, 0.2760, -7.040
37.70, 0.2750, -7.074
37.71, 0.2740, -7.516
37.72, 0.2730, -7.464
37.73, 0.2720, -7.630
37.74, 0.2710, -7.564
37.75, 0.2700, -7.482
37.76, 0.2690, -8.004
37.77, 0.2680, -8.692
37.78, 0.2670, -9.334
37.79, 0.2660, -9.238
37.80, 0.2650, -9.771
37.81, 0.2640, -8.652
37.82, 0.2630, -9.164
37.83, 0.2620, -7.634
37.84, 0.2610, -8.248
37.85, 0.2600, -8.081
37.86, 0.2590, -8.131
37.87, 0.2580, -7.949
37.88, 0.2570, -7.591
37.89, 0.2560, -7.861
37.90, 0.2550, -8.185
37.91, 0.2540, -9.059
37.92, 0.2530, -7.659
37.93, 0.2520, -9.999
37.94, 0.2510, -8.070
37.95, 0.2500, -6.690
37.96, 0.2490, -6.613
37.97, 0.2480, -6.405
37.98, 0.2470, -7.260
37.99, 0.2460, -6.246
38.00, 0.2450, -7.393
38.01, 0.2440, -8.160
38.02, 0.2430, -6.504
38.03, 0.2420, -8.150
38.04, 0.2410, -6.976
38.05, 0.2400, -6.737
38.06, 0.2390, -7.356
38.07, 0.2380, -7.021
38.08, 0.2370, -8.169
38.09, 0.2360, -7.375
38.10, 0.2350, -7.218
38.11, 0.2340, -7.902
38.12, 0.2330, -7.668
38.13, 0.2320, -8.291
38.14, 0.2310, -7.783
38.15, 0.2300, -7.870
38.16, 0.2290, -7.880
38.17, 0.2280, -8.403
38.18, 0.2270, -7.576
38.19, 0.2260, -7.663
38.20, 0.2250, -9.061
38.21, 0.2240, -8.340
38.22, 0.2230, -8.158
38.23, 0.2220, -9.200
38.24, 0.2210, -8.040
38.25, 0.2200, -7.855
38.26, 0.2190, -9.141
38.27, 0.2180, -9.943
38.28, 0.2170, -9.051
38.29, 0.2160, -7.997
38.30, 0.2150, -8.398
38.31, 0.2140, -8.314
38.32, 0.2130, -8.525
38.33, 0.2120, -7.824
38.34, 0.2110, -6.972
38.35, 0.2100, -7.842
38.36, 0.2090, -7.959
38.37, 0.2080, -7.668
38.38, 0.2070, -7.366
38.39, 0.2060, -7.961
38.40, 0.2050, -7.293
38.41, 0.2040, -7.642
38.42, 0.2030, -7.594
38.43, 0.2020, -8.213
38.44, 0.2010, -7.363
38.45, 0.2000, -8.295
38.46, 0.1990, -8.147
38.47, 0.1980, -7.269
38.48, 0.1970, -6.889
38.49, 0.1960, -6.646
38.50, 0.1950, -8.399
38.51, 0.1940, -7.696
38.52, 0.1930, -7.563
38.53, 0.1920, -8.063
38.54, 0.1910, -9.154
38.55, 0.1900, -9.074
38.56, 0.1890, -8.590
38.57, 0.1880, -8.567
38.58, 0.1870, -7.443
38.59, 0.1860, -8.660
38.60, 0.1850, -7.806
38.61, 0.1840, -8.505
38.62, 0.1830, -9.073
38.63, 0.1820, -6.722
38.64, 0.1810, -8.564
38.65, 0.1800, -8.985
38.66, 0.1790, -8.276
38.67, 0.1780, -8.213
38.68, 0.1770, -7.903
38.69, 0.1760, -7.860
38.70, 0.1750, -8.288
38.71, 0.1740, -9.896
38.72, 0.1730, -8.622
38.73, 0.1720, -8.933
38.74, 0.1710, -9.660
38.75, 0.1700, -8.781
38.76, 0.1690, -7.774
38.77, 0.1680, -7.192
38.78, 0.1670, -8.420
38.79, 0.1660, -7.211
38.80, 0.1650, -8.815
38.81, 0.1640, -8.840
38.82, 0.1630, -9.613
38.83, 0.1620, -8.006
38.84, 0.1610, -7.449
38.85, 0.1600, -8.853
38.86, 0.1590, -8.296
38.87, 0.1580, -8.557
38.88, 0.1570, -8.525
38.89, 0.1560, -8.772
38.90, 0.1550, -7.225
38.91, 0.1540, -8.756
38.92, 0.1530, -8.694
38.93, 0.1520, -7.231
38.94, 0.1510, -8.930
38.95, 0.1500, -8.140
38.96, 0.1490, -8.598
38.97, 0.1480, -7.718
38.98, 0.1470, -7.956
38.99, 0.1460, -9.882
39.00, 0.1450, -8.578
39.01, 0.1440, -9.207
39.02, 0.1430, -10.03
39.03, 0.1420, -9.308
39.04, 0.1410, -8.610
39.05, 0.1400, -9.782
39.06, 0.1390, -9.465
39.07, 0.1380, -10.48
39.08, 0.1370, -9.039
39.09, 0.1360, -8.793
39.10, 0.1350, -9.666
39.11, 0.1340, -9.990
39.12, 0.1330, -8.813
39.13, 0.1320, -9.460
39.14, 0.1310, -8.389
39.15, 0.1300, -9.392
39.16, 0.1290, -7.763
39.17, 0.1280, -8.887
39.18, 0.1270, -7.960
39.19, 0.1260, -9.100
39.20, 0.1250, -8.247
39.21, 0.1240, -8.355
39.22, 0.1230, -8.457
39.23, 0.1220, -8.622
39.24, 0.1210, -7.695
39.25, 0.1200, -8.388
39.26, 0.1190, -8.211
39.27, 0.1180, -9.640
39.28, 0.1170, -8.438
39.29, 0.1160, -7.806
39.30, 0.1150, -10.39
39.31, 0.1140, -9.998
39.32, 0.1130, -8.809
39.33, 0.1120, -10.55
39.34, 0.1110, -8.421
39.35, 0.1100, -8.741
39.36, 0.1090, -9.764
39.37, 0.1080, -9.643
39.38, 0.1070, -9.407
39.39, 0.1060, -8.139
39.40, 0.1050, -9.700
39.41, 0.1040, -8.094
39.42, 0.1030, -7.417
39.43, 0.1020, -10.04
39.44, 0.1010, -9.882
39.45, 0.1000, -9.139
39.46, 0.09900, -9.561
39.47, 0.09800, -8.815
39.48, 0.09700, -8.933
39.49, 0.09600, -8.832
39.50, 0.09500, -9.514
39.51, 0.09400, -9.332
39.52, 0.09300, -10.08
39.53, 0.09200, -9.645
39.54, 0.09100, -9.543
39.55, 0.09000, -8.937
39.56, 0.08900, -9.681
39.57, 0.08800, -10.33
39.58, 0.08700, -9.533
39.59, 0.08600, -8.475
39.60, 0.08500, -8.629
39.61, 0.08400, -7.934
39.62, 0.08300, -8.884
39.63, 0.08200, -10.17
39.64, 0.08100, -9.843
39.65, 0.08000, -8.398
39.66, 0.07900, -10.13
39.67, 0.07800, -9.326
39.68, 0.07700, -10.50
39.69, 0.07600, -9.287
39.70, 0.07500, -9.490
39.71, 0.07400, -9.032
39.72, 0.07300, -8.175
39.73, 0.07200, -9.678
39.74, 0.07100, -8.494
39.75, 0.07000, -8.956
39.76, 0.06900, -8.946
39.77, 0.06800, -8.748
39.78, 0.06700, -7.874
39.79, 0.06600, -8.945
39.80, 0.06500, -8.676
39.81, 0.06400, -9.897
39.82, 0.06300, -9.775
39.83, 0.06200, -9.669
39.84, 0.06100, -9.461
39.85, 0.06000, -10.92
39.86, 0.05900, -9.698
39.87, 0.05800, -9.383
39.88, 0.05700, -9.674
39.89, 0.05600, -10.47
39.90, 0.05500, -9.836
39.91, 0.05400, -10.44
39.92, 0.05300, -10.17
39.93, 0.05200, -10.13
39.94, 0.05100, -10.20
39.95, 0.05000, -9.907
39.96, 0.04900, -10.68
39.97, 0.04800, -8.778
39.98, 0.04700, -10.10
39.99, 0.04600, -10.11
40.00, 0.04500, -9.339
40.01, 0.04400, -9.243
40.02, 0.04300, -10.41
40.03, 0.04200, -10.97
40.04, 0.04100, -9.078
40.05, 0.04000, -9.157
40.06, 0.03900, -10.41
40.07, 0.03800, -10.76
40.08, 0.03700, -9.871
40.09, 0.03600, -9.870
40.10, 0.03500, -9.083
40.11, 0.03400, -9.634
40.12, 0.03300, -10.35
40.13, 0.03200, -8.779
40.14, 0.03100, -10.36
40.15, 0.03000, -9.307
40.16, 0.02900, -9.814
40.17, 0.02800, -9.477
40.18, 0.02700, -8.447
40.19, 0.02600, -10.25
40.20, 0.02500, -9.258
40.21, 0.02400, -11.70
40.22, 0.02300, -9.565
40.23, 0.02200, -9.223
40.24, 0.02100, -8.503
40.25, 0.02000, -10.19
40.26, 0.01900, -10.36
40.27, 0.01800, -9.216
40.28, 0.01700, -8.942
40.29, 0.01600, -10.63
40.30, 0.01500, -10.50
40.31, 0.01400, -11.48
40.32, 0.01300, -10.64
40.33, 0.01200, -10.29
40.34, 0.01100, -10.77
40.35, 0.01000, -10.43
40.36, 0.009000, -9.266
40.37, 0.008000, -10.45
40.38, 0.007000, -11.29
40.39, 0.006000, -10.95
40.40, 0.005000, -10.36
40.41, 0.004000, -9.181
40.42, 0.003000, -10.22
40.43, 0.002000, -10.75
40.44, 0.001000, -10.12
40.45, 0.000, -8.896
