0.01000, -0.8000, -69.80
0.02000, -0.8000, -41.26
0.03000, -0.8000, -35.44
0.04000, -0.8000, -35.28
0.05000, -0.8000, -25.00
0.06000, -0.8000, -22.78
0.07000, -0.8000, -21.82
0.08000, -0.8000, -20.99
0.09000, -0.8000, -19.10
0.1000, -0.8000, -18.58
0.1100, -0.8000, -18.86
0.1200, -0.8000, -17.97
0.1300, -0.8000, -17.26
0.1400, -0.8000, -17.30
0.1500, -0.8000, -17.18
0.1600, -0.8000, -17.21
0.1700, -0.8000, -18.13
0.1800, -0.8000, -17.86
0.1900, -0.8000, -16.32
0.2000, -0.8000, -15.73
0.2100, -0.8000, -15.42
0.2200, -0.8000, -15.79
0.2300, -0.8000, -15.89
0.2400, -0.8000, -14.92
0.2500, -0.8000, -15.13
0.2600, -0.8000, -14.77
0.2700, -0.8000, -14.50
0.2800, -0.8000, -14.62
0.2900, -0.8000, -14.38
0.3000, -0.8000, -14.52
0.3100, -0.8000, -13.22
0.3200, -0.8000, -13.92
0.3300, -0.8000, -14.06
0.3400, -0.8000, -14.63
0.3500, -0.8000, -13.53
0.3600, -0.8000, -13.68
0.3700, -0.8000, -15.24
0.3800, -0.8000, -13.17
0.3900, -0.8000, -13.83
0.4000, -0.8000, -13.03
0.4100, -0.8000, -13.13
0.4200, -0.8000, -13.10
0.4300, -0.8000, -13.85
0.4400, -0.8000, -13.18
0.4500, 0.2450, -12.93
0.4600, 0.2460, 35.10
0.4700, 0.2470, 16.06
0.4800, 0.2480, 10.19
0.4900, 0.2490, 5.963
0.5000, 0.2500, 6.008
0.5100, 0.2510, 3.766
0.5200, 0.2520, 2.274
0.5300, 0.2530, 4.098
0.5400, 0.2540, -0.2436
0.5500, 0.2550, 0.6102
0.5600, 0.2560, 1.153
0.5700, 0.2570, 0.3520
0.5800, 0.2580, 1.729
0.5900, 0.2590, 0.4558
0.6000, 0.2600, 2.639
0.6100, 0.2610, -1.892
0.6200, 0.2620, 0.03713
0.6300, 0.2630, 0.1469
0.6400, 0.2640, -1.193
0.6500, 0.2650, -2.257
0.6600, 0.2660, -0.6009
0.6700, 0.2670, -1.588
0.6800, 0.2680, -2.301
0.6900, 0.2690, -1.551
0.7000, 0.2700, -0.8757
0.7100, 0.2710, -0.6643
0.7200, 0.2720, -2.073
0.7300, 0.2730, -2.341
0.7400, 0.2740, -2.279
0.7500, 0.2750, -1.100
0.7600, 0.2760, -1.166
0.7700, 0.2770, -1.646
0.7800, 0.2780, -1.376
0.7900, 0.2790, -1.192
0.8000, 0.2800, -1.606
0.8100, 0.2810, -0.2887
0.8200, 0.2820, -1.119
0.8300, 0.2830, -2.317
0.8400, 0.2840, -2.815
0.8500, 0.2850, -1.465
0.8600, 0.2860, -2.239
0.8700, 0.2870, -2.054
0.8800, 0.2880, -0.9469
0.8900, 0.2890, -2.069
0.9000, 0.2900, -0.6785
0.9100, 0.2910, -2.395
0.9200, 0.2920, -1.691
0.9300, 0.2930, -0.2386
0.9400, 0.2940, -2.488
0.9500, 0.2950, -1.453
0.9600, 0.2960, -1.233
0.9700, 0.2970, -1.285
0.9800, 0.2980, -1.222
0.9900, 0.2990, -2.871
1.000, 0.3000, -1.546
1.010, 0.3010, -2.295
1.020, 0.3020, -2.721
1.030, 0.3030, -1.911
1.040, 0.3040, -2.693
1.050, 0.3050, -1.966
1.060, 0.3060, -0.9984
1.070, 0.3070, -1.045
1.080, 0.3080, -1.315
1.090, 0.3090, -0.8331
1.100, 0.3100, -1.552
1.110, 0.3110, -1.002
1.120, 0.3120, -2.629
1.130, 0.3130, -0.06542
1.140, 0.3140, -2.528
1.150, 0.3150, -0.7192
1.160, 0.3160, -0.5992
1.170, 0.3170, -2.182
1.180, 0.3180, -1.916
1.190, 0.3190, -1.172
1.200, 0.3200, -1.210
1.210, 0.3210, -0.9586
1.220, 0.3220, -1.216
1.230, 0.3230, -0.6260
1.240, 0.3240, -0.2173
1.250, 0.3250, 0.2318
1.260, 0.3260, -0.8869
1.270, 0.3270, -2.244
1.280, 0.3280, -0.2290
1.290, 0.3290, -1.649
1.300, 0.3300, -0.3128
1.310, 0.3310, -1.100
1.320, 0.3320, -1.892
1.330, 0.3330, -0.6252
1.340, 0.3340, -1.658
1.350, 0.3350, -1.472
1.360, 0.3360, -0.7809
1.370, 0.3370, -0.9522
1.380, 0.3380, -0.7181
1.390, 0.3390, -1.083
1.400, 0.3400, -0.6444
1.410, 0.3410, -1.642
1.420, 0.3420, -1.367
1.430, 0.3430, 0.6298
1.440, 0.3440, -1.103
1.450, 0.3450, -1.148
1.460, 0.3460, 0.6707
1.470, 0.3470, -1.482
1.480, 0.3480, 0.4024
1.490, 0.3490, -0.1727
1.500, 0.3500, -0.5400
1.510, 0.3510, -0.5339
1.520, 0.3520, -0.5129
1.530, 0.3530, -2.277
1.540, 0.3540, -0.4154
1.550, 0.3550, -1.449
1.560, 0.3560, 1.371
1.570, 0.3570, -0.3984
1.580, 0.3580, 0.9096
1.590, 0.3590, 1.159
1.600, 0.3600, 0.5983
1.610, 0.3610, -0.6079
1.620, 0.3620, -1.107
1.630, 0.3630, -0.3928
1.640, 0.3640, 1.088
1.650, 0.3650, 0.6047
1.660, 0.3660, 0.1972
1.670, 0.3670, 2.426
1.680, 0.3680, 0.3110
1.690, 0.3690, 0.9758
1.700, 0.3700, 1.597
1.710, 0.3710, 1.634
1.720, 0.3720, 0.8061
1.730, 0.3730, 1.286
1.740, 0.3740, 1.768
1.750, 0.3750, 2.173
1.760, 0.3760, 1.584
1.770, 0.3770, 1.230
1.780, 0.3780, 1.921
1.790, 0.3790, 2.730
1.800, 0.3800, 1.490
1.810, 0.3810, -0.009378
1.820, 0.3820, 2.537
1.830, 0.3830, 0.9131
1.840, 0.3840, 1.440
1.850, 0.3850, 2.457
1.860, 0.3860, 1.800
1.870, 0.3870, 2.124
1.880, 0.3880, 2.314
1.890, 0.3890, 3.305
1.900, 0.3900, 1.779
1.910, 0.3910, 2.789
1.920, 0.3920, 2.285
1.930, 0.3930, 1.334
1.940, 0.3940, 2.424
1.950, 0.3950, 0.01627
1.960, 0.3960, 2.741
1.970, 0.3970, 1.087
1.980, 0.3980, 2.130
1.990, 0.3990, 1.883
2.000, 0.4000, 2.482
2.010, 0.4010, 2.377
2.020, 0.4020, 0.8820
2.030, 0.4030, 2.639
2.040, 0.4040, 3.053
2.050, 0.4050, 3.958
2.060, 0.4060, 3.054
2.070, 0.4070, 3.697
2.080, 0.4080, 2.969
2.090, 0.4090, 2.369
2.100, 0.4100, 2.924
2.110, 0.4110, 3.329
2.120, 0.4120, 4.680
2.130, 0.4130, 3.486
2.140, 0.4140, 3.455
2.150, 0.4150, 3.827
2.160, 0.4160, 2.383
2.170, 0.4170, 2.036
2.180, 0.4180, 3.077
2.190, 0.4190, 2.327
2.200, 0.4200, 3.289
2.210, 0.4210, 4.346
2.220, 0.4220, 5.514
2.230, 0.4230, 3.894
2.240, 0.4240, 5.329
2.250, 0.4250, 4.685
2.260, 0.4260, 4.437
2.270, 0.4270, 3.058
2.280, 0.4280, 3.942
2.290, 0.4290, 4.672
2.300, 0.4300, 4.521
2.310, 0.4310, 4.165
2.320, 0.4320, 5.008
2.330, 0.4330, 3.870
2.340, 0.4340, 4.697
2.350, 0.4350, 4.398
2.360, 0.4360, 4.282
2.370, 0.4370, 5.716
2.380, 0.4380, 3.884
2.390, 0.4390, 4.483
2.400, 0.4400, 5.438
2.410, 0.4410, 3.387
2.420, 0.4420, 4.729
2.430, 0.4430, 5.930
2.440, 0.4440, 6.095
2.450, 0.4450, 4.168
2.460, 0.4460, 6.102
2.470, 0.4470, 3.961
2.480, 0.4480, 4.259
2.490, 0.4490, 5.157
2.500, 0.4500, 5.789
2.510, 0.4510, 5.605
2.520, 0.4520, 5.717
2.530, 0.4530, 5.284
2.540, 0.4540, 6.134
2.550, 0.4550, 6.393
2.560, 0.4560, 5.595
2.570, 0.4570, 5.377
2.580, 0.4580, 5.204
2.590, 0.4590, 6.404
2.600, 0.4600, 6.262
2.610, 0.4610, 7.437
2.620, 0.4620, 5.817
2.630, 0.4630, 6.349
2.640, 0.4640, 6.056
2.650, 0.4650, 6.959
2.660, 0.4660, 7.196
2.670, 0.4670, 7.627
2.680, 0.4680, 6.991
2.690, 0.4690, 7.345
2.700, 0.4700, 6.607
2.710, 0.4710, 5.899
2.720, 0.4720, 7.360
2.730, 0.4730, 5.659
2.740, 0.4740, 7.364
2.750, 0.4750, 4.965
2.760, 0.4760, 8.335
2.770, 0.4770, 8.247
2.780, 0.4780, 8.581
2.790, 0.4790, 7.713
2.800, 0.4800, 7.607
2.810, 0.4810, 7.728
2.820, 0.4820, 8.068
2.830, 0.4830, 7.549
2.840, 0.4840, 8.087
2.850, 0.4850, 8.360
2.860, 0.4860, 7.265
2.870, 0.4870, 8.293
2.880, 0.4880, 8.057
2.890, 0.4890, 7.501
2.900, 0.4900, 8.310
2.910, 0.4910, 8.137
2.920, 0.4920, 8.030
2.930, 0.4930, 10.41
2.940, 0.4940, 8.416
2.950, 0.4950, 8.473
2.960, 0.4960, 8.856
2.970, 0.4970, 8.549
2.980, 0.4980, 9.089
2.990, 0.4990, 9.541
3.000, 0.5000, 11.33
3.010, 0.5010, 8.434
3.020, 0.5020, 9.167
3.030, 0.5030, 8.763
3.040, 0.5040, 8.197
3.050, 0.5050, 10.56
3.060, 0.5060, 9.042
3.070, 0.5070, 9.724
3.080, 0.5080, 9.611
3.090, 0.5090, 9.299
3.100, 0.5100, 11.25
3.110, 0.5110, 8.937
3.120, 0.5120, 8.959
3.130, 0.5130, 10.21
3.140, 0.5140, 9.893
3.150, 0.5150, 11.22
3.160, 0.5160, 11.55
3.170, 0.5170, 9.390
3.180, 0.5180, 10.67
3.190, 0.5190, 10.94
3.200, 0.5200, 9.166
3.210, 0.5210, 9.534
3.220, 0.5220, 10.57
3.230, 0.5230, 9.192
3.240, 0.5240, 10.21
3.250, 0.5250, 9.992
3.260, 0.5260, 10.63
3.270, 0.5270, 12.71
3.280, 0.5280, 9.470
3.290, 0.5290, 10.62
3.300, 0.5300, 11.11
3.310, 0.5310, 11.37
3.320, 0.5320, 12.88
3.330, 0.5330, 10.68
3.340, 0.5340, 11.72
3.350, 0.5350, 11.70
3.360, 0.5360, 12.74
3.370, 0.5370, 12.11
3.380, 0.5380, 11.95
3.390, 0.5390, 11.77
3.400, 0.5400, 11.62
3.410, 0.5410, 10.06
3.420, 0.5420, 10.93
3.430, 0.5430, 10.99
3.440, 0.5440, 12.79
3.450, 0.5450, 11.00
3.460, 0.5460, 12.97
3.470, 0.5470, 11.40
3.480, 0.5480, 13.41
3.490, 0.5490, 12.07
3.500, 0.5500, 11.97
3.510, 0.5510, 12.06
3.520, 0.5520, 10.56
3.530, 0.5530, 12.19
3.540, 0.5540, 11.70
3.550, 0.5550, 12.76
3.560, 0.5560, 12.86
3.570, 0.5570, 12.48
3.580, 0.5580, 13.10
3.590, 0.5590, 12.33
3.600, 0.5600, 12.96
3.610, 0.5610, 13.38
3.620, 0.5620, 12.01
3.630, 0.5630, 12.60
3.640, 0.5640, 11.67
3.650, 0.5650, 13.10
3.660, 0.5660, 13.25
3.670, 0.5670, 13.61
3.680, 0.5680, 13.09
3.690, 0.5690, 13.13
3.700, 0.5700, 12.62
3.710, 0.5710, 13.52
3.720, 0.5720, 13.05
3.730, 0.5730, 14.84
3.740, 0.5740, 14.34
3.750, 0.5750, 14.07
3.760, 0.5760, 13.91
3.770, 0.5770, 14.07
3.780, 0.5780, 13.83
3.790, 0.5790, 14.19
3.800, 0.5800, 13.35
3.810, 0.5810, 14.30
3.820, 0.5820, 13.45
3.830, 0.5830, 14.44
3.840, 0.5840, 14.33
3.850, 0.5850, 13.47
3.860, 0.5860, 13.76
3.870, 0.5870, 13.87
3.880, 0.5880, 14.31
3.890, 0.5890, 13.39
3.900, 0.5900, 14.13
3.910, 0.5910, 14.86
3.920, 0.5920, 14.58
3.930, 0.5930, 14.00
3.940, 0.5940, 14.43
3.950, 0.5950, 14.63
3.960, 0.5960, 14.09
3.970, 0.5970, 14.96
3.980, 0.5980, 13.64
3.990, 0.5990, 13.50
4.000, 0.6000, 14.31
4.010, 0.6010, 14.77
4.020, 0.6020, 15.07
4.030, 0.6030, 14.49
4.040, 0.6040, 14.05
4.050, 0.6050, 14.29
4.060, 0.6060, 14.24
4.070, 0.6070, 14.42
4.080, 0.6080, 13.22
4.090, 0.6090, 14.18
4.100, 0.6100, 14.40
4.110, 0.6110, 13.94
4.120, 0.6120, 14.85
4.130, 0.6130, 15.45
4.140, 0.6140, 14.43
4.150, 0.6150, 15.54
4.160, 0.6160, 15.10
4.170, 0.6170, 15.28
4.180, 0.6180, 15.63
4.190, 0.6190, 15.88
4.200, 0.6200, 14.45
4.210, 0.6210, 15.21
4.220, 0.6220, 16.00
4.230, 0.6230, 15.46
4.240, 0.6240, 15.28
4.250, 0.6250, 15.12
4.260, 0.6260, 15.74
4.270, 0.6270, 14.95
4.280, 0.6280, 15.70
4.290, 0.6290, 15.60
4.300, 0.6300, 15.42
4.310, 0.6310, 14.79
4.320, 0.6320, 15.20
4.330, 0.6330, 13.95
4.340, 0.6340, 15.93
4.350, 0.6350, 14.80
4.360, 0.6360, 14.58
4.370, 0.6370, 14.66
4.380, 0.6380, 14.97
4.390, 0.6390, 15.72
4.400, 0.6400, 15.23
4.410, 0.6410, 14.47
4.420, 0.6420, 15.95
4.430, 0.6430, 15.49
4.440, 0.6440, 16.89
4.450, 0.6450, 15.72
4.460, 0.6460, 14.13
4.470, 0.6470, 15.12
4.480, 0.6480, 14.73
4.490, 0.6490, 15.29
4.500, 0.6500, 16.44
4.510, 0.6510, 16.24
4.520, 0.6520, 14.91
4.530, 0.6530, 15.16
4.540, 0.6540, 15.07
4.550, 0.6550, 16.15
4.560, 0.6560, 15.63
4.570, 0.6570, 17.06
4.580, 0.6580, 16.05
4.590, 0.6590, 15.94
4.600, 0.6600, 16.93
4.610, 0.6610, 16.23
4.620, 0.6620, 16.30
4.630, 0.6630, 16.65
4.640, 0.6640, 16.05
4.650, 0.6650, 15.88
4.660, 0.6660, 15.79
4.670, 0.6670, 15.44
4.680, 0.6680, 15.70
4.690, 0.6690, 16.97
4.700, 0.6700, 15.32
4.710, 0.6710, 16.00
4.720, 0.6720, 15.20
4.730, 0.6730, 15.12
4.740, 0.6740, 16.05
4.750, 0.6750, 15.75
4.760, 0.6760, 15.89
4.770, 0.6770, 16.74
4.780, 0.6780, 16.34
4.790, 0.6790, 13.47
4.800, 0.6800, 16.36
4.810, 0.6810, 15.29
4.820, 0.6820, 15.29
4.830, 0.6830, 14.34
4.840, 0.6840, 16.58
4.850, 0.6850, 16.63
4.860, 0.6860, 14.05
4.870, 0.6870, 15.48
4.880, 0.6880, 16.30
4.890, 0.6890, 15.83
4.900, 0.6900, 16.18
4.910, 0.6910, 16.37
4.920, 0.6920, 15.98
4.930, 0.6930, 15.34
4.940, 0.6940, 14.96
4.950, 0.6950, 17.04
4.960, 0.6960, 16.93
4.970, 0.6970, 15.27
4.980, 0.6980, 16.18
4.990, 0.6990, 16.55
5.000, 0.7000, 16.61
5.010, 0.7010, 15.84
5.020, 0.7020, 16.53
5.030, 0.7030, 16.86
5.040, 0.7040, 15.29
5.050, 0.7050, 15.79
5.060, 0.7060, 16.17
5.070, 0.7070, 16.59
5.080, 0.7080, 15.40
5.090, 0.7090, 16.88
5.100, 0.7100, 17.15
5.110, 0.7110, 16.71
5.120, 0.7120, 15.96
5.130, 0.7130, 15.58
5.140, 0.7140, 16.31
5.150, 0.7150, 17.35
5.160, 0.7160, 17.30
5.170, 0.7170, 16.77
5.180, 0.7180, 16.67
5.190, 0.7190, 16.40
5.200, 0.7200, 16.45
5.210, 0.7210, 15.85
5.220, 0.7220, 15.77
5.230, 0.7230, 16.70
5.240, 0.7240, 17.14
5.250, 0.7250, 16.53
5.260, 0.7260, 16.71
5.270, 0.7270, 15.75
5.280, 0.7280, 16.62
5.290, 0.7290, 17.37
5.300, 0.7300, 17.69
5.310, 0.7310, 18.43
5.320, 0.7320, 17.74
5.330, 0.7330, 16.16
5.340, 0.7340, 15.71
5.350, 0.7350, 16.11
5.360, 0.7360, 16.43
5.370, 0.7370, 17.58
5.380, 0.7380, 17.02
5.390, 0.7390, 16.47
5.400, 0.7400, 16.52
5.410, 0.7410, 17.08
5.420, 0.7420, 17.97
5.430, 0.7430, 17.42
5.440, 0.7440, 17.56
5.450, 0.7450, 16.60
5.460, 0.7460, 17.26
5.470, 0.7470, 16.72
5.480, 0.7480, 18.08
5.490, 0.7490, 17.56
5.500, 0.7500, 17.50
5.510, 0.7510, 17.03
5.520, 0.7520, 18.16
5.530, 0.7530, 17.77
5.540, 0.7540, 16.96
5.550, 0.7550, 17.43
5.560, 0.7560, 17.78
5.570, 0.7570, 17.99
5.580, 0.7580, 16.86
5.590, 0.7590, 17.15
5.600, 0.7600, 17.47
5.610, 0.7610, 17.13
5.620, 0.7620, 15.57
5.630, 0.7630, 17.20
5.640, 0.7640, 16.36
5.650, 0.7650, 16.68
5.660, 0.7660, 15.92
5.670, 0.7670, 17.67
5.680, 0.7680, 17.93
5.690, 0.7690, 16.69
5.700, 0.7700, 17.72
5.710, 0.7710, 16.55
5.720, 0.7720, 16.58
5.730, 0.7730, 15.84
5.740, 0.7740, 16.71
5.750, 0.7750, 17.20
5.760, 0.7760, 16.64
5.770, 0.7770, 16.94
5.780, 0.7780, 16.36
5.790, 0.7790, 17.70
5.800, 0.7800, 17.55
5.810, 0.7810, 16.50
5.820, 0.7820, 16.57
5.830, 0.7830, 17.39
5.840, 0.7840, 16.55
5.850, 0.7850, 17.26
5.860, 0.7860, 17.25
5.870, 0.7870, 17.26
5.880, 0.7880, 16.85
5.890, 0.7890, 16.70
5.900, 0.7900, 17.46
5.910, 0.7910, 15.58
5.920, 0.7920, 16.27
5.930, 0.7930, 18.16
5.940, 0.7940, 16.54
5.950, 0.7950, 16.38
5.960, 0.7960, 18.29
5.970, 0.7970, 17.77
5.980, 0.7980, 17.27
5.990, 0.7990, 16.04
6.000, 0.8000, 16.20
6.010, 0.8010, 16.14
6.020, 0.8020, 17.43
6.030, 0.8030, 17.70
6.040, 0.8040, 16.67
6.050, 0.8050, 17.33
6.060, 0.8060, 17.81
6.070, 0.8070, 17.84
6.080, 0.8080, 17.07
6.090, 0.8090, 16.19
6.100, 0.8100, 17.54
6.110, 0.8110, 16.90
6.120, 0.8120, 17.27
6.130, 0.8130, 17.46
6.140, 0.8140, 17.77
6.150, 0.8150, 15.86
6.160, 0.8160, 17.87
6.170, 0.8170, 17.71
6.180, 0.8180, 17.19
6.190, 0.8190, 17.72
6.200, 0.8200, 16.55
6.210, 0.8210, 16.25
6.220, 0.8220, 18.31
6.230, 0.8230, 17.18
6.240, 0.8240, 17.48
6.250, 0.8250, 17.78
6.260, 0.8260, 18.62
6.270, 0.8270, 18.23
6.280, 0.8280, 17.36
6.290, 0.8290, 18.16
6.300, 0.8300, 17.82
6.310, 0.8310, 17.02
6.320, 0.8320, 17.62
6.330, 0.8330, 16.70
6.340, 0.8340, 16.19
6.350, 0.8350, 17.59
6.360, 0.8360, 17.15
6.370, 0.8370, 16.61
6.380, 0.8380, 17.28
6.390, 0.8390, 16.32
6.400, 0.8400, 16.03
6.410, 0.8410, 17.27
6.420, 0.8420, 16.33
6.430, 0.8430, 16.58
6.440, 0.8440, 16.43
6.450, 0.8450, 16.40
6.460, 0.8460, 17.24
6.470, 0.8470, 16.34
6.480, 0.8480, 15.91
6.490, 0.8490, 16.27
6.500, 0.8500, 17.29
6.510, 0.8510, 16.12
6.520, 0.8520, 16.96
6.530, 0.8530, 17.25
6.540, 0.8540, 16.30
6.550, 0.8550, 16.50
6.560, 0.8560, 15.45
6.570, 0.8570, 16.88
6.580, 0.8580, 16.06
6.590, 0.8590, 15.98
6.600, 0.8600, 16.93
6.610, 0.8610, 16.95
6.620, 0.8620, 16.40
6.630, 0.8630, 15.08
6.640, 0.8640, 17.78
6.650, 0.8650, 16.89
6.660, 0.8660, 15.85
6.670, 0.8670, 17.53
6.680, 0.8680, 17.49
6.690, 0.8690, 16.53
6.700, 0.8700, 17.29
6.710, 0.8710, 16.79
6.720, 0.8720, 17.39
6.730, 0.8730, 17.32
6.740, 0.8740, 16.45
6.750, 0.8750, 17.53
6.760, 0.8760, 16.25
6.770, 0.8770, 16.73
6.780, 0.8780, 17.68
6.790, 0.8790, 15.48
6.800, 0.8800, 14.45
6.810, 0.8810, 16.84
6.820, 0.8820, 16.40
6.830, 0.8830, 16.06
6.840, 0.8840, 16.16
6.850, 0.8850, 17.85
6.860, 0.8860, 17.59
6.870, 0.8870, 16.22
6.880, 0.8880, 15.95
6.890, 0.8890, 17.14
6.900, 0.8900, 16.61
6.910, 0.8910, 16.76
6.920, 0.8920, 15.70
6.930, 0.8930, 15.82
6.940, 0.8940, 16.36
6.950, 0.8950, 15.55
6.960, 0.8960, 16.38
6.970, 0.8970, 16.01
6.980, 0.8980, 15.90
6.990, 0.8990, 16.83
7.000, 0.9000, 15.73
7.010, 0.9010, 16.18
7.020, 0.9020, 17.12
7.030, 0.9030, 16.12
7.040, 0.9040, 15.92
7.050, 0.9050, 16.47
7.060, 0.9060, 17.57
7.070, 0.9070, 16.10
7.080, 0.9080, 17.07
7.090, 0.9090, 17.16
7.100, 0.9100, 18.33
7.110, 0.9110, 17.14
7.120, 0.9120, 17.51
7.130, 0.9130, 17.00
7.140, 0.9140, 17.89
7.150, 0.9150, 16.83
7.160, 0.9160, 18.01
7.170, 0.9170, 17.22
7.180, 0.9180, 17.28
7.190, 0.9190, 16.35
7.200, 0.9200, 16.14
7.210, 0.9210, 16.71
7.220, 0.9220, 16.30
7.230, 0.9230, 14.91
7.240, 0.9240, 18.35
7.250, 0.9250, 16.64
7.260, 0.9260, 17.05
7.270, 0.9270, 17.66
7.280, 0.9280, 15.29
7.290, 0.9290, 17.23
7.300, 0.9300, 15.83
7.310, 0.9310, 17.71
7.320, 0.9320, 16.30
7.330, 0.9330, 16.57
7.340, 0.9340, 17.18
7.350, 0.9350, 17.10
7.360, 0.9360, 16.45
7.370, 0.9370, 17.06
7.380, 0.9380, 17.98
7.390, 0.9390, 16.78
7.400, 0.9400, 16.70
7.410, 0.9410, 16.89
7.420, 0.9420, 16.98
7.430, 0.9430, 16.50
7.440, 0.9440, 17.06
7.450, 0.9450, 16.14
7.460, 0.9460, 15.61
7.470, 0.9470, 16.99
7.480, 0.9480, 17.28
7.490, 0.9490, 17.30
7.500, 0.9500, 18.68
7.510, 0.9510, 17.64
7.520, 0.9520, 18.32
7.530, 0.9530, 16.79
7.540, 0.9540, 16.74
7.550, 0.9550, 17.40
7.560, 0.9560, 17.56
7.570, 0.9570, 17.82
7.580, 0.9580, 17.00
7.590, 0.9590, 16.66
7.600, 0.9600, 17.13
7.610, 0.9610, 17.59
7.620, 0.9620, 16.71
7.630, 0.9630, 16.46
7.640, 0.9640, 17.09
7.650, 0.9650, 17.42
7.660, 0.9660, 17.07
7.670, 0.9670, 17.85
7.680, 0.9680, 16.54
7.690, 0.9690, 16.78
7.700, 0.9700, 16.99
7.710, 0.9710, 17.09
7.720, 0.9720, 16.37
7.730, 0.9730, 17.52
7.740, 0.9740, 16.98
7.750, 0.9750, 16.27
7.760, 0.9760, 16.70
7.770, 0.9770, 16.49
7.780, 0.9780, 16.33
7.790, 0.9790, 17.26
7.800, 0.9800, 18.15
7.810, 0.9810, 16.24
7.820, 0.9820, 18.21
7.830, 0.9830, 17.31
7.840, 0.9840, 17.61
7.850, 0.9850, 16.52
7.860, 0.9860, 18.24
7.870, 0.9870, 17.13
7.880, 0.9880, 17.60
7.890, 0.9890, 18.33
7.900, 0.9900, 17.38
7.910, 0.9910, 16.75
7.920, 0.9920, 17.54
7.930, 0.9930, 17.94
7.940, 0.9940, 17.50
7.950, 0.9950, 17.70
7.960, 0.9960, 15.72
7.970, 0.9970, 17.14
7.980, 0.9980, 18.15
7.990, 0.9990, 17.68
8.000, 1.000, 17.62
8.010, 1.001, 15.58
8.020, 1.002, 15.06
8.030, 1.003, 16.92
8.040, 1.004, 17.36
8.050, 1.005, 16.78
8.060, 1.006, 17.61
8.070, 1.007, 16.47
8.080, 1.008, 16.39
8.090, 1.009, 17.91
8.100, 1.010, 16.92
8.110, 1.011, 18.11
8.120, 1.012, 17.73
8.130, 1.013, 16.89
8.140, 1.014, 16.61
8.150, 1.015, 17.50
8.160, 1.016, 18.25
8.170, 1.017, 16.42
8.180, 1.018, 17.98
8.190, 1.019, 18.05
8.200, 1.020, 17.45
8.210, 1.021, 18.22
8.220, 1.022, 18.31
8.230, 1.023, 17.83
8.240, 1.024, 18.06
8.250, 1.025, 17.29
8.260, 1.026, 17.78
8.270, 1.027, 18.67
8.280, 1.028, 15.87
8.290, 1.029, 18.15
8.300, 1.030, 16.51
8.310, 1.031, 18.46
8.320, 1.032, 16.38
8.330, 1.033, 18.24
8.340, 1.034, 18.62
8.350, 1.035, 18.24
8.360, 1.036, 17.85
8.370, 1.037, 18.36
8.380, 1.038, 18.39
8.390, 1.039, 18.17
8.400, 1.040, 18.33
8.410, 1.041, 19.14
8.420, 1.042, 18.92
8.430, 1.043, 17.45
8.440, 1.044, 18.34
8.450, 1.045, 18.27
8.460, 1.046, 17.81
8.470, 1.047, 19.17
8.480, 1.048, 18.90
8.490, 1.049, 18.39
8.500, 1.050, 19.08
8.510, 1.051, 19.30
8.520, 1.052, 17.74
8.530, 1.053, 19.38
8.540, 1.054, 17.66
8.550, 1.055, 18.78
8.560, 1.056, 18.02
8.570, 1.057, 20.14
8.580, 1.058, 18.79
8.590, 1.059, 18.58
8.600, 1.060, 18.17
8.610, 1.061, 18.55
8.620, 1.062, 19.26
8.630, 1.063, 18.94
8.640, 1.064, 19.05
8.650, 1.065, 19.16
8.660, 1.066, 18.30
8.670, 1.067, 20.29
8.680, 1.068, 18.95
8.690, 1.069, 18.40
8.700, 1.070, 18.80
8.710, 1.071, 18.21
8.720, 1.072, 17.81
8.730, 1.073, 17.95
8.740, 1.074, 17.89
8.750, 1.075, 19.09
8.760, 1.076, 19.33
8.770, 1.077, 18.63
8.780, 1.078, 18.80
8.790, 1.079, 18.93
8.800, 1.080, 19.12
8.810, 1.081, 19.92
8.820, 1.082, 18.81
8.830, 1.083, 20.27
8.840, 1.084, 18.81
8.850, 1.085, 19.04
8.860, 1.086, 19.24
8.870, 1.087, 19.46
8.880, 1.088, 18.57
8.890, 1.089, 20.49
8.900, 1.090, 20.55
8.910, 1.091, 19.23
8.920, 1.092, 19.39
8.930, 1.093, 20.24
8.940, 1.094, 17.98
8.950, 1.095, 19.17
8.960, 1.096, 19.07
8.970, 1.097, 19.46
8.980, 1.098, 18.47
8.990, 1.099, 18.78
9.000, 1.100, 19.40
9.010, 1.101, 19.42
9.020, 1.102, 20.00
9.030, 1.103, 20.56
9.040, 1.104, 19.88
9.050, 1.105, 20.10
9.060, 1.106, 19.73
9.070, 1.107, 21.14
9.080, 1.108, 21.62
9.090, 1.109, 21.23
9.100, 1.110, 20.94
9.110, 1.111, 19.99
9.120, 1.112, 18.92
9.130, 1.113, 21.37
9.140, 1.114, 21.25
9.150, 1.115, 21.57
9.160, 1.116, 20.38
9.170, 1.117, 20.27
9.180, 1.118, 20.25
9.190, 1.119, 20.68
9.200, 1.120, 20.59
9.210, 1.121, 20.95
9.220, 1.122, 20.07
9.230, 1.123, 20.78
9.240, 1.124, 20.13
9.250, 1.125, 21.47
9.260, 1.126, 21.01
9.270, 1.127, 20.78
9.280, 1.128, 20.47
9.290, 1.129, 20.16
9.300, 1.130, 20.92
9.310, 1.131, 21.15
9.320, 1.132, 20.54
9.330, 1.133, 21.39
9.340, 1.134, 20.61
9.350, 1.135, 21.21
9.360, 1.136, 22.44
9.370, 1.137, 21.57
9.380, 1.138, 21.00
9.390, 1.139, 22.13
9.400, 1.140, 20.67
9.410, 1.141, 20.81
9.420, 1.142, 22.70
9.430, 1.143, 21.84
9.440, 1.144, 21.46
9.450, 1.145, 21.36
9.460, 1.146, 21.47
9.470, 1.147, 20.72
9.480, 1.148, 21.65
9.490, 1.149, 22.36
9.500, 1.150, 21.73
9.510, 1.151, 21.55
9.520, 1.152, 22.30
9.530, 1.153, 21.43
9.540, 1.154, 22.28
9.550, 1.155, 22.12
9.560, 1.156, 21.53
9.570, 1.157, 21.22
9.580, 1.158, 21.44
9.590, 1.159, 22.29
9.600, 1.160, 22.48
9.610, 1.161, 21.43
9.620, 1.162, 23.48
9.630, 1.163, 23.60
9.640, 1.164, 20.91
9.650, 1.165, 23.10
9.660, 1.166, 22.33
9.670, 1.167, 22.98
9.680, 1.168, 23.46
9.690, 1.169, 22.59
9.700, 1.170, 24.04
9.710, 1.171, 22.60
9.720, 1.172, 22.39
9.730, 1.173, 22.05
9.740, 1.174, 22.80
9.750, 1.175, 23.61
9.760, 1.176, 21.73
9.770, 1.177, 25.34
9.780, 1.178, 22.76
9.790, 1.179, 23.53
9.800, 1.180, 24.84
9.810, 1.181, 22.53
9.820, 1.182, 23.82
9.830, 1.183, 22.89
9.840, 1.184, 23.11
9.850, 1.185, 24.22
9.860, 1.186, 24.38
9.870, 1.187, 23.03
9.880, 1.188, 25.59
9.890, 1.189, 23.24
9.900, 1.190, 24.12
9.910, 1.191, 22.68
9.920, 1.192, 25.28
9.930, 1.193, 24.09
9.940, 1.194, 24.53
9.950, 1.195, 25.38
9.960, 1.196, 25.33
9.970, 1.197, 23.93
9.980, 1.198, 23.94
9.990, 1.199, 24.95
10.00, 1.200, 24.74
10.01, 1.201, 24.26
10.02, 1.202, 26.42
10.03, 1.203, 26.42
10.04, 1.204, 25.04
10.05, 1.205, 26.00
10.06, 1.206, 26.00
10.07, 1.207, 26.11
10.08, 1.208, 25.92
10.09, 1.209, 26.08
10.10, 1.210, 26.41
10.11, 1.211, 26.76
10.12, 1.212, 26.18
10.13, 1.213, 28.13
10.14, 1.214, 27.57
10.15, 1.215, 28.39
10.16, 1.216, 27.48
10.17, 1.217, 27.48
10.18, 1.218, 28.03
10.19, 1.219, 26.52
10.20, 1.220, 27.66
10.21, 1.221, 26.63
10.22, 1.222, 27.04
10.23, 1.223, 28.53
10.24, 1.224, 27.77
10.25, 1.225, 28.13
10.26, 1.226, 27.90
10.27, 1.227, 28.50
10.28, 1.228, 28.82
10.29, 1.229, 29.04
10.30, 1.230, 28.69
10.31, 1.231, 29.01
10.32, 1.232, 29.44
10.33, 1.233, 30.42
10.34, 1.234, 28.49
10.35, 1.235, 30.46
10.36, 1.236, 29.02
10.37, 1.237, 29.91
10.38, 1.238, 29.51
10.39, 1.239, 29.60
10.40, 1.240, 30.25
10.41, 1.241, 28.51
10.42, 1.242, 30.10
10.43, 1.243, 30.29
10.44, 1.244, 30.22
10.45, 1.245, 30.75
10.46, 1.246, 30.48
10.47, 1.247, 30.70
10.48, 1.248, 33.05
10.49, 1.249, 31.88
10.50, 1.250, 31.75
10.51, 1.251, 31.01
10.52, 1.252, 31.92
10.53, 1.253, 32.42
10.54, 1.254, 31.66
10.55, 1.255, 31.76
10.56, 1.256, 32.39
10.57, 1.257, 32.72
10.58, 1.258, 33.91
10.59, 1.259, 31.98
10.60, 1.260, 32.41
10.61, 1.261, 33.61
10.62, 1.262, 33.18
10.63, 1.263, 33.15
10.64, 1.264, 34.25
10.65, 1.265, 33.54
10.66, 1.266, 33.04
10.67, 1.267, 33.49
10.68, 1.268, 33.64
10.69, 1.269, 33.46
10.70, 1.270, 34.02
10.71, 1.271, 33.27
10.72, 1.272, 33.25
10.73, 1.273, 34.61
10.74, 1.274, 35.38
10.75, 1.275, 34.76
10.76, 1.276, 35.12
10.77, 1.277, 36.01
10.78, 1.278, 36.52
10.79, 1.279, 37.26
10.80, 1.280, 37.70
10.81, 1.281, 36.96
10.82, 1.282, 37.01
10.83, 1.283, 36.91
10.84, 1.284, 36.58
10.85, 1.285, 37.12
10.86, 1.286, 37.23
10.87, 1.287, 37.99
10.88, 1.288, 37.58
10.89, 1.289, 38.64
10.90, 1.290, 39.15
10.91, 1.291, 39.36
10.92, 1.292, 40.52
10.93, 1.293, 39.45
10.94, 1.294, 41.31
10.95, 1.295, 38.47
10.96, 1.296, 40.62
10.97, 1.297, 41.36
10.98, 1.298, 41.75
10.99, 1.299, 41.30
11.00, 1.300, 42.04
11.01, 1.301, 41.46
11.02, 1.302, 41.58
11.03, 1.303, 42.66
11.04, 1.304, 42.77
11.05, 1.305, 41.78
11.06, 1.306, 40.76
11.07, 1.307, 43.98
11.08, 1.308, 43.89
11.09, 1.309, 43.48
11.10, 1.310, 43.43
11.11, 1.311, 44.27
11.12, 1.312, 43.54
11.13, 1.313, 44.21
11.14, 1.314, 43.83
11.15, 1.315, 44.64
11.16, 1.316, 45.36
11.17, 1.317, 44.18
11.18, 1.318, 45.86
11.19, 1.319, 43.83
11.20, 1.320, 45.40
11.21, 1.321, 47.14
11.22, 1.322, 46.22
11.23, 1.323, 46.17
11.24, 1.324, 46.54
11.25, 1.325, 47.88
11.26, 1.326, 47.05
11.27, 1.327, 48.14
11.28, 1.328, 47.37
11.29, 1.329, 48.03
11.30, 1.330, 51.11
11.31, 1.331, 48.81
11.32, 1.332, 49.92
11.33, 1.333, 50.12
11.34, 1.334, 49.30
11.35, 1.335, 49.91
11.36, 1.336, 50.35
11.37, 1.337, 50.28
11.38, 1.338, 50.01
11.39, 1.339, 50.27
11.40, 1.340, 52.47
11.41, 1.341, 51.46
11.42, 1.342, 51.94
11.43, 1.343, 51.97
11.44, 1.344, 52.56
11.45, 1.345, 52.54
11.46, 1.346, 53.11
11.47, 1.347, 53.70
11.48, 1.348, 54.82
11.49, 1.349, 54.00
11.50, 1.350, 53.97
11.51, 1.351, 55.19
11.52, 1.352, 55.57
11.53, 1.353, 54.49
11.54, 1.354, 55.48
11.55, 1.355, 55.71
11.56, 1.356, 57.06
11.57, 1.357, 56.70
11.58, 1.358, 57.35
11.59, 1.359, 56.98
11.60, 1.360, 56.10
11.61, 1.361, 56.99
11.62, 1.362, 56.35
11.63, 1.363, 57.29
11.64, 1.364, 57.78
11.65, 1.365, 58.31
11.66, 1.366, 59.14
11.67, 1.367, 57.57
11.68, 1.368, 58.28
11.69, 1.369, 59.70
11.70, 1.370, 58.65
11.71, 1.371, 57.38
11.72, 1.372, 58.78
11.73, 1.373, 58.42
11.74, 1.374, 59.08
11.75, 1.375, 60.18
11.76, 1.376, 59.93
11.77, 1.377, 58.37
11.78, 1.378, 60.41
11.79, 1.379, 60.42
11.80, 1.380, 59.44
11.81, 1.381, 60.63
11.82, 1.382, 58.94
11.83, 1.383, 61.07
11.84, 1.384, 59.99
11.85, 1.385, 60.52
11.86, 1.386, 61.88
11.87, 1.387, 60.91
11.88, 1.388, 58.90
11.89, 1.389, 62.23
11.90, 1.390, 62.29
11.91, 1.391, 60.79
11.92, 1.392, 62.25
11.93, 1.393, 60.55
11.94, 1.394, 62.71
11.95, 1.395, 59.69
11.96, 1.396, 61.97
11.97, 1.397, 62.25
11.98, 1.398, 63.25
11.99, 1.399, 62.70
12.00, 1.400, 63.72
12.01, 1.401, 62.51
12.02, 1.402, 61.25
12.03, 1.403, 63.17
12.04, 1.404, 63.34
12.05, 1.405, 63.88
12.06, 1.406, 64.29
12.07, 1.407, 63.43
12.08, 1.408, 63.55
12.09, 1.409, 62.39
12.10, 1.410, 63.10
12.11, 1.411, 62.47
12.12, 1.412, 63.26
12.13, 1.413, 64.05
12.14, 1.414, 64.38
12.15, 1.415, 64.83
12.16, 1.416, 63.71
12.17, 1.417, 64.65
12.18, 1.418, 66.09
12.19, 1.419, 64.18
12.20, 1.420, 64.65
12.21, 1.421, 64.69
12.22, 1.422, 65.14
12.23, 1.423, 65.24
12.24, 1.424, 65.23
12.25, 1.425, 63.18
12.26, 1.426, 65.50
12.27, 1.427, 65.38
12.28, 1.428, 64.70
12.29, 1.429, 66.59
12.30, 1.430, 65.00
12.31, 1.431, 64.78
12.32, 1.432, 65.46
12.33, 1.433, 66.13
12.34, 1.434, 66.32
12.35, 1.435, 67.24
12.36, 1.436, 66.23
12.37, 1.437, 67.79
12.38, 1.438, 67.39
12.39, 1.439, 65.76
12.40, 1.440, 65.25
12.41, 1.441, 67.62
12.42, 1.442, 65.17
12.43, 1.443, 65.56
12.44, 1.444, 65.32
12.45, 1.445, 66.29
12.46, 1.446, 66.39
12.47, 1.447, 65.83
12.48, 1.448, 65.75
12.49, 1.449, 65.41
12.50, 1.450, 65.56
12.51, 1.451, 67.37
12.52, 1.452, 65.59
12.53, 1.453, 66.19
12.54, 1.454, 67.53
12.55, 1.455, 66.38
12.56, 1.456, 66.60
12.57, 1.457, 68.89
12.58, 1.458, 67.52
12.59, 1.459, 67.11
12.60, 1.460, 67.89
12.61, 1.461, 67.13
12.62, 1.462, 66.16
12.63, 1.463, 68.68
12.64, 1.464, 67.37
12.65, 1.465, 67.43
12.66, 1.466, 67.03
12.67, 1.467, 66.44
12.68, 1.468, 66.97
12.69, 1.469, 67.06
12.70, 1.470, 67.57
12.71, 1.471, 67.26
12.72, 1.472, 66.74
12.73, 1.473, 67.64
12.74, 1.474, 66.98
12.75, 1.475, 67.39
12.76, 1.476, 69.18
12.77, 1.477, 68.29
12.78, 1.478, 67.33
12.79, 1.479, 67.36
12.80, 1.480, 68.18
12.81, 1.481, 68.12
12.82, 1.482, 67.49
12.83, 1.483, 68.24
12.84, 1.484, 68.30
12.85, 1.485, 69.29
12.86, 1.486, 68.90
12.87, 1.487, 69.86
12.88, 1.488, 69.10
12.89, 1.489, 68.55
12.90, 1.490, 68.19
12.91, 1.491, 66.72
12.92, 1.492, 68.75
12.93, 1.493, 68.01
12.94, 1.494, 66.51
12.95, 1.495, 67.56
12.96, 1.496, 68.12
12.97, 1.497, 69.57
12.98, 1.498, 68.21
12.99, 1.499, 69.88
13.00, 1.500, 69.08
13.01, 1.501, 69.03
13.02, 1.502, 68.51
13.03, 1.503, 69.29
13.04, 1.504, 69.31
13.05, 1.505, 69.66
13.06, 1.506, 71.01
13.07, 1.507, 69.63
13.08, 1.508, 69.92
13.09, 1.509, 69.51
13.10, 1.510, 68.57
13.11, 1.511, 68.83
13.12, 1.512, 69.84
13.13, 1.513, 70.47
13.14, 1.514, 69.64
13.15, 1.515, 69.46
13.16, 1.516, 71.11
13.17, 1.517, 70.58
13.18, 1.518, 70.49
13.19, 1.519, 71.64
13.20, 1.520, 70.81
13.21, 1.521, 71.29
13.22, 1.522, 73.53
13.23, 1.523, 71.82
13.24, 1.524, 71.78
13.25, 1.525, 72.48
13.26, 1.526, 71.38
13.27, 1.527, 71.32
13.28, 1.528, 70.12
13.29, 1.529, 72.23
13.30, 1.530, 71.96
13.31, 1.531, 72.90
13.32, 1.532, 71.60
13.33, 1.533, 73.02
13.34, 1.534, 71.34
13.35, 1.535, 73.64
13.36, 1.536, 72.20
13.37, 1.537, 70.71
13.38, 1.538, 72.56
13.39, 1.539, 74.50
13.40, 1.540, 74.50
13.41, 1.541, 74.46
13.42, 1.542, 74.68
13.43, 1.543, 74.40
13.44, 1.544, 73.38
13.45, 1.545, 75.73
13.46, 1.546, 75.20
13.47, 1.547, 76.50
13.48, 1.548, 75.45
13.49, 1.549, 75.44
13.50, 1.550, 74.38
13.51, 1.551, 74.19
13.52, 1.552, 75.92
13.53, 1.553, 74.46
13.54, 1.554, 76.10
13.55, 1.555, 76.15
13.56, 1.556, 75.00
13.57, 1.557, 77.27
13.58, 1.558, 76.78
13.59, 1.559, 77.55
13.60, 1.560, 76.47
13.61, 1.561, 76.12
13.62, 1.562, 77.63
13.63, 1.563, 77.35
13.64, 1.564, 76.63
13.65, 1.565, 77.71
13.66, 1.566, 77.43
13.67, 1.567, 79.53
13.68, 1.568, 77.84
13.69, 1.569, 77.12
13.70, 1.570, 78.12
13.71, 1.571, 79.68
13.72, 1.572, 78.24
13.73, 1.573, 77.52
13.74, 1.574, 79.44
13.75, 1.575, 79.35
13.76, 1.576, 80.24
13.77, 1.577, 80.21
13.78, 1.578, 79.29
13.79, 1.579, 80.64
13.80, 1.580, 81.17
13.81, 1.581, 81.92
13.82, 1.582, 81.11
13.83, 1.583, 80.87
13.84, 1.584, 82.15
13.85, 1.585, 82.86
13.86, 1.586, 82.18
13.87, 1.587, 82.71
13.88, 1.588, 82.73
13.89, 1.589, 82.91
13.90, 1.590, 82.63
13.91, 1.591, 83.97
13.92, 1.592, 83.21
13.93, 1.593, 82.91
13.94, 1.594, 83.85
13.95, 1.595, 83.95
13.96, 1.596, 83.70
13.97, 1.597, 85.82
13.98, 1.598, 86.06
13.99, 1.599, 87.51
14.00, 1.600, 87.18
14.01, 1.601, 89.10
14.02, 1.602, 87.94
14.03, 1.603, 88.43
14.04, 1.604, 87.49
14.05, 1.605, 88.72
14.06, 1.606, 88.68
14.07, 1.607, 88.96
14.08, 1.608, 89.63
14.09, 1.609, 91.65
14.10, 1.610, 91.31
14.11, 1.611, 89.63
14.12, 1.612, 92.02
14.13, 1.613, 92.28
14.14, 1.614, 93.28
14.15, 1.615, 95.04
14.16, 1.616, 95.34
14.17, 1.617, 96.17
14.18, 1.618, 94.34
14.19, 1.619, 95.00
14.20, 1.620, 96.57
14.21, 1.621, 97.81
14.22, 1.622, 98.22
14.23, 1.623, 99.47
14.24, 1.624, 98.33
14.25, 1.625, 99.94
14.26, 1.626, 100.1
14.27, 1.627, 100.3
14.28, 1.628, 100.7
14.29, 1.629, 100.7
14.30, 1.630, 101.8
14.31, 1.631, 101.7
14.32, 1.632, 104.3
14.33, 1.633, 103.9
14.34, 1.634, 104.4
14.35, 1.635, 104.3
14.36, 1.636, 105.4
14.37, 1.637, 106.5
14.38, 1.638, 106.5
14.39, 1.639, 107.0
14.40, 1.640, 108.2
14.41, 1.641, 109.1
14.42, 1.642, 109.0
14.43, 1.643, 109.8
14.44, 1.644, 109.4
14.45, 1.645, 109.8
14.46, 1.646, 110.3
14.47, 1.647, 109.8
14.48, 1.648, 111.7
14.49, 1.649, 111.6
14.50, 1.650, 112.6
14.51, 1.651, 113.6
14.52, 1.652, 112.7
14.53, 1.653, 113.9
14.54, 1.654, 115.9
14.55, 1.655, 115.3
14.56, 1.656, 115.5
14.57, 1.657, 117.2
14.58, 1.658, 117.9
14.59, 1.659, 116.4
14.60, 1.660, 119.1
14.61, 1.661, 119.8
14.62, 1.662, 119.1
14.63, 1.663, 121.0
14.64, 1.664, 121.3
14.65, 1.665, 121.6
14.66, 1.666, 124.0
14.67, 1.667, 124.3
14.68, 1.668, 124.6
14.69, 1.669, 126.5
14.70, 1.670, 127.5
14.71, 1.671, 126.1
14.72, 1.672, 127.9
14.73, 1.673, 128.1
14.74, 1.674, 128.2
14.75, 1.675, 128.7
14.76, 1.676, 128.6
14.77, 1.677, 130.3
14.78, 1.678, 131.1
14.79, 1.679, 132.3
14.80, 1.680, 133.2
14.81, 1.681, 132.9
14.82, 1.682, 134.6
14.83, 1.683, 134.6
14.84, 1.684, 134.2
14.85, 1.685, 135.5
14.86, 1.686, 137.1
14.87, 1.687, 139.5
14.88, 1.688, 139.7
14.89, 1.689, 138.9
14.90, 1.690, 140.5
14.91, 1.691, 140.3
14.92, 1.692, 140.9
14.93, 1.693, 141.1
14.94, 1.694, 142.9
14.95, 1.695, 143.8
14.96, 1.696, 144.1
14.97, 1.697, 145.6
14.98, 1.698, 145.6
14.99, 1.699, 146.2
15.00, 1.700, 146.7
15.01, 1.701, 146.0
15.02, 1.702, 148.9
15.03, 1.703, 150.1
15.04, 1.704, 151.3
15.05, 1.705, 151.9
15.06, 1.706, 153.2
15.07, 1.707, 153.0
15.08, 1.708, 155.3
15.09, 1.709, 155.7
15.10, 1.710, 157.1
15.11, 1.711, 158.3
15.12, 1.712, 157.7
15.13, 1.713, 160.5
15.14, 1.714, 158.8
15.15, 1.715, 162.0
15.16, 1.716, 160.4
15.17, 1.717, 163.4
15.18, 1.718, 163.6
15.19, 1.719, 165.5
15.20, 1.720, 166.3
15.21, 1.721, 168.0
15.22, 1.722, 168.9
15.23, 1.723, 169.5
15.24, 1.724, 171.3
15.25, 1.725, 171.8
15.26, 1.726, 172.5
15.27, 1.727, 174.6
15.28, 1.728, 175.0
15.29, 1.729, 175.6
15.30, 1.730, 176.6
15.31, 1.731, 178.8
15.32, 1.732, 178.5
15.33, 1.733, 181.3
15.34, 1.734, 180.1
15.35, 1.735, 183.6
15.36, 1.736, 183.1
15.37, 1.737, 183.6
15.38, 1.738, 187.8
15.39, 1.739, 189.3
15.40, 1.740, 190.0
15.41, 1.741, 190.5
15.42, 1.742, 191.9
15.43, 1.743, 193.1
15.44, 1.744, 195.0
15.45, 1.745, 194.9
15.46, 1.746, 195.6
15.47, 1.747, 196.8
15.48, 1.748, 197.9
15.49, 1.749, 198.8
15.50, 1.750, 200.4
15.51, 1.751, 200.7
15.52, 1.752, 201.7
15.53, 1.753, 202.7
15.54, 1.754, 204.7
15.55, 1.755, 205.0
15.56, 1.756, 207.7
15.57, 1.757, 209.2
15.58, 1.758, 210.6
15.59, 1.759, 212.1
15.60, 1.760, 213.3
15.61, 1.761, 213.2
15.62, 1.762, 214.5
15.63, 1.763, 214.7
15.64, 1.764, 215.2
15.65, 1.765, 216.9
15.66, 1.766, 218.2
15.67, 1.767, 219.5
15.68, 1.768, 219.4
15.69, 1.769, 220.2
15.70, 1.770, 220.7
15.71, 1.771, 222.7
15.72, 1.772, 222.9
15.73, 1.773, 226.1
15.74, 1.774, 227.5
15.75, 1.775, 227.7
15.76, 1.776, 229.3
15.77, 1.777, 229.9
15.78, 1.778, 231.3
15.79, 1.779, 230.9
15.80, 1.780, 231.4
15.81, 1.781, 233.6
15.82, 1.782, 234.8
15.83, 1.783, 235.3
15.84, 1.784, 236.7
15.85, 1.785, 235.9
15.86, 1.786, 239.0
15.87, 1.787, 239.3
15.88, 1.788, 240.1
15.89, 1.789, 242.3
15.90, 1.790, 244.0
15.91, 1.791, 245.2
15.92, 1.792, 244.8
15.93, 1.793, 246.0
15.94, 1.794, 250.0
15.95, 1.795, 250.5
15.96, 1.796, 252.2
15.97, 1.797, 253.4
15.98, 1.798, 253.8
15.99, 1.799, 255.9
16.00, 1.800, 255.8
16.01, 1.801, 257.8
16.02, 1.802, 256.7
16.03, 1.803, 259.9
16.04, 1.804, 259.3
16.05, 1.805, 259.8
16.06, 1.806, 260.5
16.07, 1.807, 262.8
16.08, 1.808, 264.3
16.09, 1.809, 265.9
16.10, 1.810, 266.9
16.11, 1.811, 267.4
16.12, 1.812, 268.8
16.13, 1.813, 270.2
16.14, 1.814, 271.1
16.15, 1.815, 272.3
16.16, 1.816, 273.0
16.17, 1.817, 274.0
16.18, 1.818, 272.2
16.19, 1.819, 276.2
16.20, 1.820, 276.3
16.21, 1.821, 277.7
16.22, 1.822, 279.7
16.23, 1.823, 279.7
16.24, 1.824, 280.2
16.25, 1.825, 282.7
16.26, 1.826, 283.7
16.27, 1.827, 285.0
16.28, 1.828, 284.9
16.29, 1.829, 289.1
16.30, 1.830, 288.6
16.31, 1.831, 287.7
16.32, 1.832, 288.9
16.33, 1.833, 291.8
16.34, 1.834, 293.4
16.35, 1.835, 294.3
16.36, 1.836, 297.5
16.37, 1.837, 297.2
16.38, 1.838, 295.7
16.39, 1.839, 299.4
16.40, 1.840, 300.7
16.41, 1.841, 302.2
16.42, 1.842, 304.1
16.43, 1.843, 303.7
16.44, 1.844, 306.0
16.45, 1.845, 306.6
16.46, 1.846, 304.2
16.47, 1.847, 306.3
16.48, 1.848, 310.0
16.49, 1.849, 308.7
16.50, 1.850, 312.4
16.51, 1.851, 314.0
16.52, 1.852, 313.4
16.53, 1.853, 315.9
16.54, 1.854, 317.7
16.55, 1.855, 317.6
16.56, 1.856, 318.3
16.57, 1.857, 321.3
16.58, 1.858, 324.0
16.59, 1.859, 324.3
16.60, 1.860, 326.0
16.61, 1.861, 326.8
16.62, 1.862, 327.8
16.63, 1.863, 326.6
16.64, 1.864, 329.6
16.65, 1.865, 330.4
16.66, 1.866, 332.8
16.67, 1.867, 333.2
16.68, 1.868, 334.9
16.69, 1.869, 337.8
16.70, 1.870, 339.3
16.71, 1.871, 339.4
16.72, 1.872, 340.1
16.73, 1.873, 341.3
16.74, 1.874, 344.2
16.75, 1.875, 345.9
16.76, 1.876, 346.2
16.77, 1.877, 348.2
16.78, 1.878, 351.8
16.79, 1.879, 352.6
16.80, 1.880, 354.1
16.81, 1.881, 356.3
16.82, 1.882, 358.1
16.83, 1.883, 359.7
16.84, 1.884, 362.4
16.85, 1.885, 362.0
16.86, 1.886, 364.5
16.87, 1.887, 365.5
16.88, 1.888, 366.8
16.89, 1.889, 368.1
16.90, 1.890, 370.3
16.91, 1.891, 369.6
16.92, 1.892, 370.8
16.93, 1.893, 371.0
16.94, 1.894, 372.6
16.95, 1.895, 375.2
16.96, 1.896, 374.6
16.97, 1.897, 378.9
16.98, 1.898, 378.7
16.99, 1.899, 379.8
17.00, 1.900, 380.6
17.01, 1.901, 383.9
17.02, 1.902, 382.6
17.03, 1.903, 385.8
17.04, 1.904, 387.1
17.05, 1.905, 388.8
17.06, 1.906, 389.4
17.07, 1.907, 389.7
17.08, 1.908, 391.6
17.09, 1.909, 392.2
17.10, 1.910, 393.8
17.11, 1.911, 397.0
17.12, 1.912, 396.5
17.13, 1.913, 396.1
17.14, 1.914, 398.6
17.15, 1.915, 400.9
17.16, 1.916, 401.6
17.17, 1.917, 402.9
17.18, 1.918, 405.4
17.19, 1.919, 404.4
17.20, 1.920, 406.7
17.21, 1.921, 410.7
17.22, 1.922, 410.3
17.23, 1.923, 411.5
17.24, 1.924, 413.9
17.25, 1.925, 414.8
17.26, 1.926, 415.9
17.27, 1.927, 417.8
17.28, 1.928, 418.3
17.29, 1.929, 420.4
17.30, 1.930, 421.9
17.31, 1.931, 422.8
17.32, 1.932, 424.9
17.33, 1.933, 426.9
17.34, 1.934, 428.1
17.35, 1.935, 429.3
17.36, 1.936, 431.7
17.37, 1.937, 431.4
17.38, 1.938, 434.7
17.39, 1.939, 433.4
17.40, 1.940, 435.9
17.41, 1.941, 437.6
17.42, 1.942, 439.8
17.43, 1.943, 440.4
17.44, 1.944, 444.2
17.45, 1.945, 444.4
17.46, 1.946, 445.5
17.47, 1.947, 446.9
17.48, 1.948, 448.6
17.49, 1.949, 450.4
17.50, 1.950, 451.6
17.51, 1.951, 453.3
17.52, 1.952, 453.2
17.53, 1.953, 454.5
17.54, 1.954, 457.2
17.55, 1.955, 455.7
17.56, 1.956, 459.9
17.57, 1.957, 461.5
17.58, 1.958, 461.5
17.59, 1.959, 462.9
17.60, 1.960, 466.6
17.61, 1.961, 469.9
17.62, 1.962, 470.3
17.63, 1.963, 473.7
17.64, 1.964, 474.9
17.65, 1.965, 476.3
17.66, 1.966, 476.2
17.67, 1.967, 477.1
17.68, 1.968, 479.5
17.69, 1.969, 480.4
17.70, 1.970, 479.2
17.71, 1.971, 483.6
17.72, 1.972, 483.2
17.73, 1.973, 484.7
17.74, 1.974, 488.2
17.75, 1.975, 488.2
17.76, 1.976, 490.0
17.77, 1.977, 492.6
17.78, 1.978, 492.9
17.79, 1.979, 494.3
17.80, 1.980, 495.0
17.81, 1.981, 496.0
17.82, 1.982, 495.4
17.83, 1.983, 497.8
17.84, 1.984, 501.6
17.85, 1.985, 503.7
17.86, 1.986, 502.8
17.87, 1.987, 503.2
17.88, 1.988, 504.9
17.89, 1.989, 504.8
17.90, 1.990, 505.7
17.91, 1.991, 507.4
17.92, 1.992, 506.8
17.93, 1.993, 507.1
17.94, 1.994, 508.0
17.95, 1.995, 508.8
17.96, 1.996, 507.6
17.97, 1.997, 508.8
17.98, 1.998, 509.1
17.99, 1.999, 510.7
18.00, 2.000, 510.3
18.01, 1.999, 510.1
18.02, 1.998, 508.8
18.03, 1.997, 509.6
18.04, 1.996, 512.1
18.05, 1.995, 511.7
18.06, 1.994, 510.2
18.07, 1.993, 512.3
18.08, 1.992, 512.7
18.09, 1.991, 513.4
18.10, 1.990, 514.1
18.11, 1.989, 517.0
18.12, 1.988, 516.7
18.13, 1.987, 515.5
18.14, 1.986, 517.5
18.15, 1.985, 516.2
18.16, 1.984, 517.8
18.17, 1.983, 518.1
18.18, 1.982, 518.5
18.19, 1.981, 517.4
18.20, 1.980, 514.6
18.21, 1.979, 515.2
18.22, 1.978, 515.4
18.23, 1.977, 515.6
18.24, 1.976, 513.7
18.25, 1.975, 513.5
18.26, 1.974, 511.0
18.27, 1.973, 512.2
18.28, 1.972, 509.9
18.29, 1.971, 508.0
18.30, 1.970, 510.2
18.31, 1.969, 506.3
18.32, 1.968, 507.4
18.33, 1.967, 504.1
18.34, 1.966, 508.0
18.35, 1.965, 506.3
18.36, 1.964, 505.0
18.37, 1.963, 502.1
18.38, 1.962, 501.3
18.39, 1.961, 502.3
18.40, 1.960, 499.0
18.41, 1.959, 497.8
18.42, 1.958, 496.8
18.43, 1.957, 498.7
18.44, 1.956, 497.0
18.45, 1.955, 495.7
18.46, 1.954, 495.1
18.47, 1.953, 493.0
18.48, 1.952, 492.4
18.49, 1.951, 491.7
18.50, 1.950, 489.8
18.51, 1.949, 488.0
18.52, 1.948, 488.4
18.53, 1.947, 485.5
18.54, 1.946, 485.2
18.55, 1.945, 487.0
18.56, 1.944, 484.3
18.57, 1.943, 485.6
18.58, 1.942, 483.8
18.59, 1.941, 482.0
18.60, 1.940, 481.8
18.61, 1.939, 480.3
18.62, 1.938, 480.7
18.63, 1.937, 481.1
18.64, 1.936, 478.3
18.65, 1.935, 478.5
18.66, 1.934, 477.5
18.67, 1.933, 475.6
18.68, 1.932, 474.0
18.69, 1.931, 474.0
18.70, 1.930, 474.0
18.71, 1.929, 471.9
18.72, 1.928, 470.9
18.73, 1.927, 468.3
18.74, 1.926, 468.6
18.75, 1.925, 467.3
18.76, 1.924, 468.3
18.77, 1.923, 466.5
18.78, 1.922, 465.8
18.79, 1.921, 463.0
18.80, 1.920, 464.4
18.81, 1.919, 461.0
18.82, 1.918, 461.9
18.83, 1.917, 460.7
18.84, 1.916, 460.7
18.85, 1.915, 458.2
18.86, 1.914, 458.7
18.87, 1.913, 457.0
18.88, 1.912, 454.1
18.89, 1.911, 454.9
18.90, 1.910, 452.4
18.91, 1.909, 450.9
18.92, 1.908, 449.4
18.93, 1.907, 450.3
18.94, 1.906, 447.6
18.95, 1.905, 445.4
18.96, 1.904, 445.7
18.97, 1.903, 445.5
18.98, 1.902, 444.9
18.99, 1.901, 443.2
19.00, 1.900, 442.2
19.01, 1.899, 440.5
19.02, 1.898, 438.1
19.03, 1.897, 436.2
19.04, 1.896, 436.5
19.05, 1.895, 434.5
19.06, 1.894, 435.8
19.07, 1.893, 433.9
19.08, 1.892, 431.9
19.09, 1.891, 431.6
19.10, 1.890, 430.2
19.11, 1.889, 428.6
19.12, 1.888, 428.4
19.13, 1.887, 428.5
19.14, 1.886, 427.7
19.15, 1.885, 425.4
19.16, 1.884, 424.8
19.17, 1.883, 423.7
19.18, 1.882, 423.8
19.19, 1.881, 420.9
19.20, 1.880, 420.3
19.21, 1.879, 418.6
19.22, 1.878, 416.8
19.23, 1.877, 415.5
19.24, 1.876, 416.0
19.25, 1.875, 415.7
19.26, 1.874, 414.0
19.27, 1.873, 413.4
19.28, 1.872, 412.3
19.29, 1.871, 411.2
19.30, 1.870, 408.8
19.31, 1.869, 407.9
19.32, 1.868, 406.7
19.33, 1.867, 406.4
19.34, 1.866, 404.8
19.35, 1.865, 402.3
19.36, 1.864, 402.9
19.37, 1.863, 401.7
19.38, 1.862, 398.8
19.39, 1.861, 397.7
19.40, 1.860, 399.4
19.41, 1.859, 396.5
19.42, 1.858, 396.2
19.43, 1.857, 394.7
19.44, 1.856, 392.4
19.45, 1.855, 393.0
19.46, 1.854, 391.7
19.47, 1.853, 388.6
19.48, 1.852, 387.5
19.49, 1.851, 389.4
19.50, 1.850, 385.1
19.51, 1.849, 384.3
19.52, 1.848, 386.5
19.53, 1.847, 382.9
19.54, 1.846, 382.9
19.55, 1.845, 381.5
19.56, 1.844, 381.3
19.57, 1.843, 380.3
19.58, 1.842, 377.5
19.59, 1.841, 376.3
19.60, 1.840, 377.9
19.61, 1.839, 373.3
19.62, 1.838, 374.2
19.63, 1.837, 372.3
19.64, 1.836, 372.1
19.65, 1.835, 370.7
19.66, 1.834, 371.2
19.67, 1.833, 368.3
19.68, 1.832, 366.9
19.69, 1.831, 366.1
19.70, 1.830, 364.8
19.71, 1.829, 364.1
19.72, 1.828, 361.4
19.73, 1.827, 361.2
19.74, 1.826, 358.5
19.75, 1.825, 357.9
19.76, 1.824, 356.8
19.77, 1.823, 356.1
19.78, 1.822, 354.0
19.79, 1.821, 353.5
19.80, 1.820, 352.2
19.81, 1.819, 350.9
19.82, 1.818, 349.7
19.83, 1.817, 349.3
19.84, 1.816, 347.5
19.85, 1.815, 345.6
19.86, 1.814, 344.9
19.87, 1.813, 344.4
19.88, 1.812, 343.0
19.89, 1.811, 343.2
19.90, 1.810, 341.7
19.91, 1.809, 341.5
19.92, 1.808, 340.9
19.93, 1.807, 339.5
19.94, 1.806, 339.0
19.95, 1.805, 337.5
19.96, 1.804, 337.1
19.97, 1.803, 335.2
19.98, 1.802, 335.1
19.99, 1.801, 334.0
20.00, 1.800, 331.6
20.01, 1.799, 331.4
20.02, 1.798, 329.2
20.03, 1.797, 329.3
20.04, 1.796, 326.2
20.05, 1.795, 327.5
20.06, 1.794, 326.1
20.07, 1.793, 324.4
20.08, 1.792, 324.0
20.09, 1.791, 323.2
20.10, 1.790, 322.7
20.11, 1.789, 320.8
20.12, 1.788, 318.5
20.13, 1.787, 319.1
20.14, 1.786, 319.2
20.15, 1.785, 315.6
20.16, 1.784, 317.2
20.17, 1.783, 314.2
20.18, 1.782, 311.6
20.19, 1.781, 311.2
20.20, 1.780, 310.9
20.21, 1.779, 308.5
20.22, 1.778, 309.7
20.23, 1.777, 309.8
20.24, 1.776, 306.7
20.25, 1.775, 306.5
20.26, 1.774, 308.0
20.27, 1.773, 305.5
20.28, 1.772, 303.1
20.29, 1.771, 302.5
20.30, 1.770, 300.6
20.31, 1.769, 299.0
20.32, 1.768, 299.1
20.33, 1.767, 298.0
20.34, 1.766, 295.7
20.35, 1.765, 297.3
20.36, 1.764, 298.0
20.37, 1.763, 296.6
20.38, 1.762, 293.1
20.39, 1.761, 294.0
20.40, 1.760, 292.0
20.41, 1.759, 291.4
20.42, 1.758, 289.9
20.43, 1.757, 290.7
20.44, 1.756, 286.1
20.45, 1.755, 287.9
20.46, 1.754, 284.5
20.47, 1.753, 282.0
20.48, 1.752, 282.1
20.49, 1.751, 283.3
20.50, 1.750, 284.3
20.51, 1.749, 280.2
20.52, 1.748, 280.1
20.53, 1.747, 279.7
20.54, 1.746, 276.9
20.55, 1.745, 277.7
20.56, 1.744, 276.4
20.57, 1.743, 272.2
20.58, 1.742, 271.0
20.59, 1.741, 272.4
20.60, 1.740, 269.5
20.61, 1.739, 268.7
20.62, 1.738, 267.6
20.63, 1.737, 265.8
20.64, 1.736, 265.2
20.65, 1.735, 265.0
20.66, 1.734, 264.1
20.67, 1.733, 262.3
20.68, 1.732, 261.9
20.69, 1.731, 259.9
20.70, 1.730, 258.8
20.71, 1.729, 259.1
20.72, 1.728, 257.3
20.73, 1.727, 256.9
20.74, 1.726, 255.0
20.75, 1.725, 257.1
20.76, 1.724, 254.1
20.77, 1.723, 252.1
20.78, 1.722, 253.2
20.79, 1.721, 249.8
20.80, 1.720, 247.5
20.81, 1.719, 249.7
20.82, 1.718, 248.5
20.83, 1.717, 244.7
20.84, 1.716, 246.0
20.85, 1.715, 246.1
20.86, 1.714, 243.3
20.87, 1.713, 242.0
20.88, 1.712, 241.0
20.89, 1.711, 240.6
20.90, 1.710, 236.3
20.91, 1.709, 239.1
20.92, 1.708, 235.7
20.93, 1.707, 233.5
20.94, 1.706, 233.0
20.95, 1.705, 234.1
20.96, 1.704, 231.4
20.97, 1.703, 228.3
20.98, 1.702, 229.7
20.99, 1.701, 229.3
21.00, 1.700, 226.0
21.01, 1.699, 226.1
21.02, 1.698, 225.6
21.03, 1.697, 224.0
21.04, 1.696, 221.0
21.05, 1.695, 221.9
21.06, 1.694, 220.6
21.07, 1.693, 221.1
21.08, 1.692, 216.8
21.09, 1.691, 219.3
21.10, 1.690, 217.4
21.11, 1.689, 215.8
21.12, 1.688, 215.9
21.13, 1.687, 214.7
21.14, 1.686, 214.3
21.15, 1.685, 210.7
21.16, 1.684, 211.0
21.17, 1.683, 210.6
21.18, 1.682, 207.8
21.19, 1.681, 208.0
21.20, 1.680, 207.0
21.21, 1.679, 206.7
21.22, 1.678, 205.1
21.23, 1.677, 203.6
21.24, 1.676, 202.1
21.25, 1.675, 202.5
21.26, 1.674, 200.2
21.27, 1.673, 199.5
21.28, 1.672, 198.9
21.29, 1.671, 199.8
21.30, 1.670, 195.8
21.31, 1.669, 196.3
21.32, 1.668, 196.5
21.33, 1.667, 194.5
21.34, 1.666, 193.2
21.35, 1.665, 190.6
21.36, 1.664, 191.7
21.37, 1.663, 189.9
21.38, 1.662, 190.2
21.39, 1.661, 186.9
21.40, 1.660, 188.3
21.41, 1.659, 186.3
21.42, 1.658, 184.3
21.43, 1.657, 182.6
21.44, 1.656, 182.7
21.45, 1.655, 181.0
21.46, 1.654, 180.3
21.47, 1.653, 178.2
21.48, 1.652, 177.6
21.49, 1.651, 177.1
21.50, 1.650, 174.9
21.51, 1.649, 173.8
21.52, 1.648, 172.7
21.53, 1.647, 172.8
21.54, 1.646, 171.8
21.55, 1.645, 170.5
21.56, 1.644, 170.3
21.57, 1.643, 170.3
21.58, 1.642, 170.1
21.59, 1.641, 165.9
21.60, 1.640, 166.6
21.61, 1.639, 168.2
21.62, 1.638, 164.9
21.63, 1.637, 162.7
21.64, 1.636, 162.6
21.65, 1.635, 162.5
21.66, 1.634, 160.7
21.67, 1.633, 159.7
21.68, 1.632, 159.5
21.69, 1.631, 157.6
21.70, 1.630, 157.5
21.71, 1.629, 154.5
21.72, 1.628, 156.0
21.73, 1.627, 153.9
21.74, 1.626, 152.5
21.75, 1.625, 153.7
21.76, 1.624, 152.5
21.77, 1.623, 149.3
21.78, 1.622, 151.7
21.79, 1.621, 148.4
21.80, 1.620, 146.7
21.81, 1.619, 149.0
21.82, 1.618, 146.2
21.83, 1.617, 145.6
21.84, 1.616, 144.2
21.85, 1.615, 145.4
21.86, 1.614, 142.7
21.87, 1.613, 142.9
21.88, 1.612, 141.4
21.89, 1.611, 140.7
21.90, 1.610, 139.4
21.91, 1.609, 138.0
21.92, 1.608, 138.7
21.93, 1.607, 137.7
21.94, 1.606, 135.1
21.95, 1.605, 136.6
21.96, 1.604, 135.6
21.97, 1.603, 134.0
21.98, 1.602, 133.4
21.99, 1.601, 133.3
22.00, 1.600, 130.6
22.01, 1.599, 130.5
22.02, 1.598, 129.6
22.03, 1.597, 127.7
22.04, 1.596, 127.1
22.05, 1.595, 125.2
22.06, 1.594, 125.4
22.07, 1.593, 126.3
22.08, 1.592, 127.2
22.09, 1.591, 124.8
22.10, 1.590, 124.8
22.11, 1.589, 123.5
22.12, 1.588, 122.9
22.13, 1.587, 122.8
22.14, 1.586, 124.8
22.15, 1.585, 121.0
22.16, 1.584, 119.7
22.17, 1.583, 119.9
22.18, 1.582, 117.1
22.19, 1.581, 117.3
22.20, 1.580, 117.7
22.21, 1.579, 116.6
22.22, 1.578, 114.0
22.23, 1.577, 112.7
22.24, 1.576, 113.3
22.25, 1.575, 111.5
22.26, 1.574, 110.8
22.27, 1.573, 109.8
22.28, 1.572, 109.5
22.29, 1.571, 108.2
22.30, 1.570, 107.1
22.31, 1.569, 106.4
22.32, 1.568, 104.7
22.33, 1.567, 104.7
22.34, 1.566, 103.3
22.35, 1.565, 104.3
22.36, 1.564, 101.0
22.37, 1.563, 103.1
22.38, 1.562, 102.5
22.39, 1.561, 101.1
22.40, 1.560, 102.1
22.41, 1.559, 100.4
22.42, 1.558, 99.32
22.43, 1.557, 99.16
22.44, 1.556, 98.31
22.45, 1.555, 95.36
22.46, 1.554, 94.70
22.47, 1.553, 94.88
22.48, 1.552, 95.16
22.49, 1.551, 92.18
22.50, 1.550, 93.97
22.51, 1.549, 91.11
22.52, 1.548, 91.94
22.53, 1.547, 91.94
22.54, 1.546, 91.44
22.55, 1.545, 91.38
22.56, 1.544, 89.96
22.57, 1.543, 87.78
22.58, 1.542, 87.64
22.59, 1.541, 87.26
22.60, 1.540, 84.65
22.61, 1.539, 86.87
22.62, 1.538, 86.13
22.63, 1.537, 85.26
22.64, 1.536, 84.95
22.65, 1.535, 81.53
22.66, 1.534, 82.36
22.67, 1.533, 81.34
22.68, 1.532, 80.65
22.69, 1.531, 79.62
22.70, 1.530, 79.97
22.71, 1.529, 75.74
22.72, 1.528, 78.69
22.73, 1.527, 77.37
22.74, 1.526, 75.69
22.75, 1.525, 75.36
22.76, 1.524, 75.44
22.77, 1.523, 74.06
22.78, 1.522, 74.61
22.79, 1.521, 73.54
22.80, 1.520, 73.82
22.81, 1.519, 72.19
22.82, 1.518, 71.53
22.83, 1.517, 71.99
22.84, 1.516, 71.00
22.85, 1.515, 70.06
22.86, 1.514, 69.89
22.87, 1.513, 70.39
22.88, 1.512, 68.31
22.89, 1.511, 66.23
22.90, 1.510, 68.04
22.91, 1.509, 67.37
22.92, 1.508, 68.64
22.93, 1.507, 65.16
22.94, 1.506, 66.03
22.95, 1.505, 65.82
22.96, 1.504, 65.35
22.97, 1.503, 63.39
22.98, 1.502, 62.10
22.99, 1.501, 62.52
23.00, 1.500, 64.35
23.01, 1.499, 62.64
23.02, 1.498, 62.96
23.03, 1.497, 61.32
23.04, 1.496, 61.00
23.05, 1.495, 60.72
23.06, 1.494, 59.77
23.07, 1.493, 58.75
23.08, 1.492, 57.75
23.09, 1.491, 56.57
23.10, 1.490, 55.09
23.11, 1.489, 56.38
23.12, 1.488, 54.29
23.13, 1.487, 54.60
23.14, 1.486, 55.40
23.15, 1.485, 54.70
23.16, 1.484, 53.61
23.17, 1.483, 52.03
23.18, 1.482, 52.48
23.19, 1.481, 52.50
23.20, 1.480, 50.97
23.21, 1.479, 52.07
23.22, 1.478, 51.37
23.23, 1.477, 52.28
23.24, 1.476, 50.71
23.25, 1.475, 49.40
23.26, 1.474, 50.39
23.27, 1.473, 48.96
23.28, 1.472, 47.79
23.29, 1.471, 48.69
23.30, 1.470, 48.81
23.31, 1.469, 47.23
23.32, 1.468, 47.69
23.33, 1.467, 46.91
23.34, 1.466, 47.21
23.35, 1.465, 46.03
23.36, 1.464, 45.10
23.37, 1.463, 43.52
23.38, 1.462, 45.22
23.39, 1.461, 45.66
23.40, 1.460, 44.33
23.41, 1.459, 43.27
23.42, 1.458, 44.98
23.43, 1.457, 43.65
23.44, 1.456, 43.63
23.45, 1.455, 43.63
23.46, 1.454, 41.09
23.47, 1.453, 44.06
23.48, 1.452, 41.58
23.49, 1.451, 42.51
23.50, 1.450, 40.99
23.51, 1.449, 39.85
23.52, 1.448, 39.27
23.53, 1.447, 39.54
23.54, 1.446, 36.98
23.55, 1.445, 37.34
23.56, 1.444, 37.99
23.57, 1.443, 36.93
23.58, 1.442, 37.01
23.59, 1.441, 37.31
23.60, 1.440, 38.00
23.61, 1.439, 37.10
23.62, 1.438, 38.35
23.63, 1.437, 38.66
23.64, 1.436, 37.66
23.65, 1.435, 36.98
23.66, 1.434, 36.67
23.67, 1.433, 35.61
23.68, 1.432, 36.98
23.69, 1.431, 35.66
23.70, 1.430, 35.37
23.71, 1.429, 34.47
23.72, 1.428, 36.79
23.73, 1.427, 34.95
23.74, 1.426, 34.60
23.75, 1.425, 35.14
23.76, 1.424, 33.01
23.77, 1.423, 33.09
23.78, 1.422, 32.30
23.79, 1.421, 32.85
23.80, 1.420, 31.40
23.81, 1.419, 33.89
23.82, 1.418, 31.99
23.83, 1.417, 33.54
23.84, 1.416, 30.95
23.85, 1.415, 31.54
23.86, 1.414, 31.52
23.87, 1.413, 29.56
23.88, 1.412, 28.88
23.89, 1.411, 32.12
23.90, 1.410, 30.66
23.91, 1.409, 31.03
23.92, 1.408, 29.83
23.93, 1.407, 28.29
23.94, 1.406, 29.44
23.95, 1.405, 28.26
23.96, 1.404, 27.59
23.97, 1.403, 27.45
23.98, 1.402, 27.08
23.99, 1.401, 28.58
24.00, 1.400, 26.92
24.01, 1.399, 25.44
24.02, 1.398, 27.89
24.03, 1.397, 26.53
24.04, 1.396, 25.33
24.05, 1.395, 26.44
24.06, 1.394, 26.60
24.07, 1.393, 25.00
24.08, 1.392, 24.37
24.09, 1.391, 25.27
24.10, 1.390, 25.49
24.11, 1.389, 26.06
24.12, 1.388, 25.57
24.13, 1.387, 25.27
24.14, 1.386, 26.97
24.15, 1.385, 25.86
24.16, 1.384, 24.46
24.17, 1.383, 25.24
24.18, 1.382, 24.37
24.19, 1.381, 24.19
24.20, 1.380, 23.30
24.21, 1.379, 25.86
24.22, 1.378, 23.08
24.23, 1.377, 21.96
24.24, 1.376, 24.20
24.25, 1.375, 24.51
24.26, 1.374, 22.12
24.27, 1.373, 23.58
24.28, 1.372, 22.69
24.29, 1.371, 23.55
24.30, 1.370, 23.04
24.31, 1.369, 22.97
24.32, 1.368, 22.14
24.33, 1.367, 22.10
24.34, 1.366, 21.70
24.35, 1.365, 20.34
24.36, 1.364, 21.17
24.37, 1.363, 19.86
24.38, 1.362, 20.28
24.39, 1.361, 20.56
24.40, 1.360, 20.44
24.41, 1.359, 21.27
24.42, 1.358, 20.17
24.43, 1.357, 20.31
24.44, 1.356, 21.19
24.45, 1.355, 18.97
24.46, 1.354, 20.01
24.47, 1.353, 20.33
24.48, 1.352, 19.19
24.49, 1.351, 18.85
24.50, 1.350, 18.43
24.51, 1.349, 20.42
24.52, 1.348, 20.00
24.53, 1.347, 18.85
24.54, 1.346, 18.66
24.55, 1.345, 18.25
24.56, 1.344, 19.82
24.57, 1.343, 16.61
24.58, 1.342, 17.88
24.59, 1.341, 17.26
24.60, 1.340, 16.90
24.61, 1.339, 19.23
24.62, 1.338, 17.69
24.63, 1.337, 18.08
24.64, 1.336, 19.49
24.65, 1.335, 16.15
24.66, 1.334, 16.75
24.67, 1.333, 17.96
24.68, 1.332, 18.73
24.69, 1.331, 17.67
24.70, 1.330, 16.90
24.71, 1.329, 16.84
24.72, 1.328, 16.91
24.73, 1.327, 13.15
24.74, 1.326, 17.76
24.75, 1.325, 14.65
24.76, 1.324, 16.47
24.77, 1.323, 17.08
24.78, 1.322, 14.98
24.79, 1.321, 15.00
24.80, 1.320, 16.31
24.81, 1.319, 15.48
24.82, 1.318, 16.16
24.83, 1.317, 14.90
24.84, 1.316, 14.64
24.85, 1.315, 14.19
24.86, 1.314, 14.57
24.87, 1.313, 16.41
24.88, 1.312, 14.76
24.89, 1.311, 15.00
24.90, 1.310, 15.91
24.91, 1.309, 15.27
24.92, 1.308, 14.96
24.93, 1.307, 15.05
24.94, 1.306, 15.05
24.95, 1.305, 13.95
24.96, 1.304, 15.57
24.97, 1.303, 15.63
24.98, 1.302, 14.88
24.99, 1.301, 14.56
25.00, 1.300, 13.70
25.01, 1.299, 13.79
25.02, 1.298, 14.49
25.03, 1.297, 13.81
25.04, 1.296, 12.36
25.05, 1.295, 13.84
25.06, 1.294, 14.26
25.07, 1.293, 13.90
25.08, 1.292, 12.10
25.09, 1.291, 14.33
25.10, 1.290, 12.66
25.11, 1.289, 12.92
25.12, 1.288, 12.77
25.13, 1.287, 12.63
25.14, 1.286, 12.67
25.15, 1.285, 13.90
25.16, 1.284, 10.91
25.17, 1.283, 12.91
25.18, 1.282, 11.91
25.19, 1.281, 12.09
25.20, 1.280, 10.80
25.21, 1.279, 12.36
25.22, 1.278, 12.54
25.23, 1.277, 12.28
25.24, 1.276, 10.19
25.25, 1.275, 11.86
25.26, 1.274, 12.97
25.27, 1.273, 11.61
25.28, 1.272, 11.67
25.29, 1.271, 11.80
25.30, 1.270, 12.42
25.31, 1.269, 10.16
25.32, 1.268, 11.74
25.33, 1.267, 14.02
25.34, 1.266, 11.12
25.35, 1.265, 10.40
25.36, 1.264, 12.51
25.37, 1.263, 12.46
25.38, 1.262, 10.54
25.39, 1.261, 12.26
25.40, 1.260, 8.742
25.41, 1.259, 10.63
25.42, 1.258, 10.16
25.43, 1.257, 12.26
25.44, 1.256, 9.015
25.45, 1.255, 10.91
25.46, 1.254, 9.494
25.47, 1.253, 10.28
25.48, 1.252, 10.32
25.49, 1.251, 8.946
25.50, 1.250, 10.20
25.51, 1.249, 11.05
25.52, 1.248, 10.36
25.53, 1.247, 11.58
25.54, 1.246, 11.61
25.55, 1.245, 10.80
25.56, 1.244, 11.16
25.57, 1.243, 10.37
25.58, 1.242, 9.425
25.59, 1.241, 10.30
25.60, 1.240, 10.92
25.61, 1.239, 9.260
25.62, 1.238, 8.627
25.63, 1.237, 8.630
25.64, 1.236, 7.276
25.65, 1.235, 9.303
25.66, 1.234, 9.589
25.67, 1.233, 8.880
25.68, 1.232, 9.210
25.69, 1.231, 9.247
25.70, 1.230, 7.499
25.71, 1.229, 10.09
25.72, 1.228, 6.705
25.73, 1.227, 9.761
25.74, 1.226, 10.08
25.75, 1.225, 9.390
25.76, 1.224, 8.298
25.77, 1.223, 9.609
25.78, 1.222, 8.775
25.79, 1.221, 8.343
25.80, 1.220, 8.535
25.81, 1.219, 8.349
25.82, 1.218, 8.725
25.83, 1.217, 9.565
25.84, 1.216, 7.628
25.85, 1.215, 7.999
25.86, 1.214, 7.000
25.87, 1.213, 7.238
25.88, 1.212, 7.432
25.89, 1.211, 8.768
25.90, 1.210, 6.728
25.91, 1.209, 7.148
25.92, 1.208, 8.586
25.93, 1.207, 8.127
25.94, 1.206, 7.273
25.95, 1.205, 8.581
25.96, 1.204, 6.650
25.97, 1.203, 7.666
25.98, 1.202, 8.576
25.99, 1.201, 5.529
26.00, 1.200, 6.960
26.01, 1.199, 7.610
26.02, 1.198, 6.856
26.03, 1.197, 6.821
26.04, 1.196, 5.647
26.05, 1.195, 4.474
26.06, 1.194, 6.581
26.07, 1.193, 5.461
26.08, 1.192, 4.991
26.09, 1.191, 5.925
26.10, 1.190, 3.779
26.11, 1.189, 3.491
26.12, 1.188, 5.790
26.13, 1.187, 5.762
26.14, 1.186, 4.169
26.15, 1.185, 5.179
26.16, 1.184, 4.693
26.17, 1.183, 6.150
26.18, 1.182, 6.564
26.19, 1.181, 7.100
26.20, 1.180, 6.544
26.21, 1.179, 7.163
26.22, 1.178, 4.849
26.23, 1.177, 6.091
26.24, 1.176, 6.438
26.25, 1.175, 4.908
26.26, 1.174, 6.170
26.27, 1.173, 5.003
26.28, 1.172, 5.703
26.29, 1.171, 3.254
26.30, 1.170, 5.920
26.31, 1.169, 5.241
26.32, 1.168, 4.824
26.33, 1.167, 4.787
26.34, 1.166, 5.397
26.35, 1.165, 5.618
26.36, 1.164, 2.992
26.37, 1.163, 4.866
26.38, 1.162, 4.062
26.39, 1.161, 3.923
26.40, 1.160, 5.169
26.41, 1.159, 5.284
26.42, 1.158, 3.935
26.43, 1.157, 4.597
26.44, 1.156, 3.246
26.45, 1.155, 6.193
26.46, 1.154, 4.201
26.47, 1.153, 5.003
26.48, 1.152, 4.158
26.49, 1.151, 4.466
26.50, 1.150, 4.742
26.51, 1.149, 2.113
26.52, 1.148, 3.952
26.53, 1.147, 1.026
26.54, 1.146, 2.139
26.55, 1.145, 4.496
26.56, 1.144, 4.019
26.57, 1.143, 3.776
26.58, 1.142, 3.751
26.59, 1.141, 3.715
26.60, 1.140, 2.475
26.61, 1.139, 1.634
26.62, 1.138, 4.201
26.63, 1.137, 3.883
26.64, 1.136, 4.895
26.65, 1.135, 4.754
26.66, 1.134, 6.176
26.67, 1.133, 5.853
26.68, 1.132, 4.555
26.69, 1.131, 4.342
26.70, 1.130, 3.663
26.71, 1.129, 4.307
26.72, 1.128, 5.389
26.73, 1.127, 6.020
26.74, 1.126, 3.843
26.75, 1.125, 5.483
26.76, 1.124, 5.043
26.77, 1.123, 4.827
26.78, 1.122, 3.789
26.79, 1.121, 5.337
26.80, 1.120, 2.930
26.81, 1.119, 5.926
26.82, 1.118, 4.290
26.83, 1.117, 3.806
26.84, 1.116, 4.826
26.85, 1.115, 6.201
26.86, 1.114, 3.692
26.87, 1.113, 4.903
26.88, 1.112, 4.456
26.89, 1.111, 2.664
26.90, 1.110, 3.295
26.91, 1.109, 2.983
26.92, 1.108, 0.9922
26.93, 1.107, 1.431
26.94, 1.106, 2.612
26.95, 1.105, 0.6119
26.96, 1.104, 3.493
26.97, 1.103, 3.129
26.98, 1.102, 2.994
26.99, 1.101, 2.636
27.00, 1.100, 2.618
27.01, 1.099, 2.906
27.02, 1.098, 1.906
27.03, 1.097, 3.108
27.04, 1.096, 1.797
27.05, 1.095, 2.983
27.06, 1.094, 4.419
27.07, 1.093, 2.436
27.08, 1.092, 2.061
27.09, 1.091, 2.081
27.10, 1.090, 1.331
27.11, 1.089, 3.239
27.12, 1.088, 2.679
27.13, 1.087, 3.190
27.14, 1.086, 3.648
27.15, 1.085, 3.353
27.16, 1.084, 1.558
27.17, 1.083, 4.220
27.18, 1.082, 1.364
27.19, 1.081, 1.789
27.20, 1.080, 4.097
27.21, 1.079, 1.965
27.22, 1.078, 1.958
27.23, 1.077, 3.413
27.24, 1.076, 3.342
27.25, 1.075, 3.771
27.26, 1.074, 3.035
27.27, 1.073, 1.766
27.28, 1.072, 0.1505
27.29, 1.071, 2.782
27.30, 1.070, 0.1117
27.31, 1.069, 1.533
27.32, 1.068, 1.169
27.33, 1.067, 0.6075
27.34, 1.066, 2.230
27.35, 1.065, 3.267
27.36, 1.064, 1.566
27.37, 1.063, 3.535
27.38, 1.062, 0.7107
27.39, 1.061, 1.484
27.40, 1.060, 2.293
27.41, 1.059, 3.990
27.42, 1.058, 2.412
27.43, 1.057, 0.9449
27.44, 1.056, -0.4213
27.45, 1.055, 2.957
27.46, 1.054, 3.939
27.47, 1.053, 1.501
27.48, 1.052, 2.136
27.49, 1.051, 2.979
27.50, 1.050, 2.421
27.51, 1.049, 2.917
27.52, 1.048, 2.217
27.53, 1.047, 0.7300
27.54, 1.046, 3.254
27.55, 1.045, 2.688
27.56, 1.044, 2.059
27.57, 1.043, 2.150
27.58, 1.042, 3.152
27.59, 1.041, 3.458
27.60, 1.040, 2.226
27.61, 1.039, 4.099
27.62, 1.038, 3.111
27.63, 1.037, 2.096
27.64, 1.036, 0.7403
27.65, 1.035, 1.025
27.66, 1.034, 2.823
27.67, 1.033, 3.797
27.68, 1.032, 2.987
27.69, 1.031, 3.816
27.70, 1.030, 1.619
27.71, 1.029, 1.125
27.72, 1.028, 2.052
27.73, 1.027, 1.940
27.74, 1.026, 0.4204
27.75, 1.025, 1.263
27.76, 1.024, 3.591
27.77, 1.023, 2.092
27.78, 1.022, 2.545
27.79, 1.021, 1.570
27.80, 1.020, 1.054
27.81, 1.019, 0.7533
27.82, 1.018, 1.920
27.83, 1.017, 1.802
27.84, 1.016, 2.079
27.85, 1.015, 2.643
27.86, 1.014, 0.5245
27.87, 1.013, 1.735
27.88, 1.012, 0.6546
27.89, 1.011, 0.8022
27.90, 1.010, 1.567
27.91, 1.009, 0.9772
27.92, 1.008, -0.04947
27.93, 1.007, 1.813
27.94, 1.006, -0.8221
27.95, 1.005, 1.538
27.96, 1.004, 0.4701
27.97, 1.003, 0.6685
27.98, 1.002, 2.018
27.99, 1.001, 2.079
28.00, 1.000, 1.419
28.01, 0.9990, 1.971
28.02, 0.9980, 1.173
28.03, 0.9970, 2.002
28.04, 0.9960, 1.048
28.05, 0.9950, 2.245
28.06, 0.9940, 1.252
28.07, 0.9930, 2.214
28.08, 0.9920, 1.350
28.09, 0.9910, 2.226
28.10, 0.9900, 1.983
28.11, 0.9890, 1.902
28.12, 0.9880, -1.361
28.13, 0.9870, 1.045
28.14, 0.9860, 0.2940
28.15, 0.9850, 1.431
28.16, 0.9840, 0.3398
28.17, 0.9830, -1.437
28.18, 0.9820, 1.319
28.19, 0.9810, -0.2834
28.20, 0.9800, -0.5386
28.21, 0.9790, 0.05329
28.22, 0.9780, -0.5173
28.23, 0.9770, -0.7482
28.24, 0.9760, -1.058
28.25, 0.9750, 1.658
28.26, 0.9740, -0.4696
28.27, 0.9730, 1.470
28.28, 0.9720, 0.09492
28.29, 0.9710, 0.02004
28.30, 0.9700, 0.9603
28.31, 0.9690, 1.062
28.32, 0.9680, -1.211
28.33, 0.9670, 1.079
28.34, 0.9660, -0.7274
28.35, 0.9650, 0.9626
28.36, 0.9640, -0.8869
28.37, 0.9630, -1.971
28.38, 0.9620, 1.524
28.39, 0.9610, -0.8204
28.40, 0.9600, 1.154
28.41, 0.9590, 0.1429
28.42, 0.9580, -1.643
28.43, 0.9570, 0.7295
28.44, 0.9560, -1.330
28.45, 0.9550, 0.2343
28.46, 0.9540, 1.024
28.47, 0.9530, 0.07591
28.48, 0.9520, 0.5632
28.49, 0.9510, 1.220
28.50, 0.9500, 0.09216
28.51, 0.9490, 1.744
28.52, 0.9480, -0.6211
28.53, 0.9470, 1.016
28.54, 0.9460, 2.022
28.55, 0.9450, 0.08647
28.56, 0.9440, -0.1397
28.57, 0.9430, -1.556
28.58, 0.9420, 0.7543
28.59, 0.9410, -0.7502
28.60, 0.9400, -1.333
28.61, 0.9390, 0.3836
28.62, 0.9380, 0.3413
28.63, 0.9370, -0.9222
28.64, 0.9360, 2.372
28.65, 0.9350, -0.6509
28.66, 0.9340, -0.4968
28.67, 0.9330, 1.094
28.68, 0.9320, -0.8629
28.69, 0.9310, -0.6168
28.70, 0.9300, -0.4993
28.71, 0.9290, -0.3715
28.72, 0.9280, -0.1077
28.73, 0.9270, -1.222
28.74, 0.9260, 0.2326
28.75, 0.9250, -0.5163
28.76, 0.9240, -0.4125
28.77, 0.9230, -0.8867
28.78, 0.9220, 0.4025
28.79, 0.9210, -0.3930
28.80, 0.9200, 2.202
28.81, 0.9190, -0.8714
28.82, 0.9180, 2.290
28.83, 0.9170, -0.7331
28.84, 0.9160, 0.4706
28.85, 0.9150, -0.6972
28.86, 0.9140, -1.650
28.87, 0.9130, -0.5939
28.88, 0.9120, 1.040
28.89, 0.9110, -0.2152
28.90, 0.9100, 0.8441
28.91, 0.9090, -1.024
28.92, 0.9080, 0.2624
28.93, 0.9070, -1.803
28.94, 0.9060, 1.295
28.95, 0.9050, -0.7854
28.96, 0.9040, -0.7119
28.97, 0.9030, 0.8324
28.98, 0.9020, -1.597
28.99, 0.9010, -2.628
29.00, 0.9000, -1.571
29.01, 0.8990, -3.980
29.02, 0.8980, -1.999
29.03, 0.8970, -3.452
29.04, 0.8960, -0.4601
29.05, 0.8950, -1.555
29.06, 0.8940, -1.503
29.07, 0.8930, -0.9509
29.08, 0.8920, -2.794
29.09, 0.8910, -2.734
29.10, 0.8900, -2.275
29.11, 0.8890, 0.1918
29.12, 0.8880, -0.6455
29.13, 0.8870, -1.708
29.14, 0.8860, 1.399
29.15, 0.8850, -0.9858
29.16, 0.8840, -2.401
29.17, 0.8830, -2.493
29.18, 0.8820, -2.139
29.19, 0.8810, -2.213
29.20, 0.8800, -1.158
29.21, 0.8790, -0.5804
29.22, 0.8780, -0.3565
29.23, 0.8770, 0.08996
29.24, 0.8760, 0.2135
29.25, 0.8750, -1.645
29.26, 0.8740, 1.384
29.27, 0.8730, -1.134
29.28, 0.8720, -0.5697
29.29, 0.8710, -0.3931
29.30, 0.8700, -1.793
29.31, 0.8690, -0.8763
29.32, 0.8680, -1.052
29.33, 0.8670, -0.7370
29.34, 0.8660, 0.3913
29.35, 0.8650, -1.952
29.36, 0.8640, 1.115
29.37, 0.8630, -0.3447
29.38, 0.8620, -1.130
29.39, 0.8610, -2.576
29.40, 0.8600, 0.06598
29.41, 0.8590, -0.8451
29.42, 0.8580, -1.143
29.43, 0.8570, -1.220
29.44, 0.8560, -2.224
29.45, 0.8550, -2.498
29.46, 0.8540, -2.667
29.47, 0.8530, -1.978
29.48, 0.8520, -1.620
29.49, 0.8510, -2.341
29.50, 0.8500, -0.04712
29.51, 0.8490, -0.9992
29.52, 0.8480, -0.4289
29.53, 0.8470, -0.8550
29.54, 0.8460, 0.05610
29.55, 0.8450, -1.308
29.56, 0.8440, -0.1624
29.57, 0.8430, -1.721
29.58, 0.8420, -2.853
29.59, 0.8410, -2.314
29.60, 0.8400, -2.022
29.61, 0.8390, -2.451
29.62, 0.8380, -0.2984
29.63, 0.8370, -1.452
29.64, 0.8360, -1.381
29.65, 0.8350, -0.9120
29.66, 0.8340, -0.4169
29.67, 0.8330, -2.411
29.68, 0.8320, 0.02742
29.69, 0.8310, -3.180
29.70, 0.8300, -2.373
29.71, 0.8290, -4.257
29.72, 0.8280, -2.359
29.73, 0.8270, -1.200
29.74, 0.8260, 0.06349
29.75, 0.8250, -2.387
29.76, 0.8240, -1.046
29.77, 0.8230, -0.3315
29.78, 0.8220, -1.044
29.79, 0.8210, -1.538
29.80, 0.8200, -1.314
29.81, 0.8190, -1.006
29.82, 0.8180, -1.439
29.83, 0.8170, -1.497
29.84, 0.8160, -2.219
29.85, 0.8150, -2.582
29.86, 0.8140, -2.236
29.87, 0.8130, -0.9659
29.88, 0.8120, -3.685
29.89, 0.8110, -2.175
29.90, 0.8100, -3.382
29.91, 0.8090, -1.640
29.92, 0.8080, -1.160
29.93, 0.8070, -2.949
29.94, 0.8060, -1.996
29.95, 0.8050, -1.564
29.96, 0.8040, -3.018
29.97, 0.8030, -0.7608
29.98, 0.8020, -2.880
29.99, 0.8010, -1.738
30.00, 0.8000, -3.320
30.01, 0.7990, -1.315
30.02, 0.7980, -0.9969
30.03, 0.7970, -1.876
30.04, 0.7960, -0.8941
30.05, 0.7950, -0.6671
30.06, 0.7940, -2.412
30.07, 0.7930, -1.533
30.08, 0.7920, -3.049
30.09, 0.7910, -0.9417
30.10, 0.7900, -1.748
30.11, 0.7890, -1.659
30.12, 0.7880, -2.000
30.13, 0.7870, -1.788
30.14, 0.7860, -1.515
30.15, 0.7850, -2.810
30.16, 0.7840, -0.6397
30.17, 0.7830, -2.646
30.18, 0.7820, -4.495
30.19, 0.7810, -0.9896
30.20, 0.7800, -2.717
30.21, 0.7790, -3.915
30.22, 0.7780, -2.748
30.23, 0.7770, -1.262
30.24, 0.7760, -1.878
30.25, 0.7750, -3.583
30.26, 0.7740, -2.481
30.27, 0.7730, -4.202
30.28, 0.7720, -3.961
30.29, 0.7710, -2.705
30.30, 0.7700, -2.878
30.31, 0.7690, -3.999
30.32, 0.7680, -3.316
30.33, 0.7670, -3.175
30.34, 0.7660, -2.921
30.35, 0.7650, -3.263
30.36, 0.7640, -4.438
30.37, 0.7630, -2.514
30.38, 0.7620, -2.682
30.39, 0.7610, -3.784
30.40, 0.7600, -1.555
30.41, 0.7590, -3.639
30.42, 0.7580, -2.144
30.43, 0.7570, -2.036
30.44, 0.7560, -2.956
30.45, 0.7550, -2.069
30.46, 0.7540, -3.552
30.47, 0.7530, -1.382
30.48, 0.7520, -3.650
30.49, 0.7510, -0.3449
30.50, 0.7500, -2.509
30.51, 0.7490, -3.258
30.52, 0.7480, -2.336
30.53, 0.7470, -2.906
30.54, 0.7460, -1.365
30.55, 0.7450, -4.102
30.56, 0.7440, -2.968
30.57, 0.7430, -4.309
30.58, 0.7420, -1.550
30.59, 0.7410, -3.280
30.60, 0.7400, -3.596
30.61, 0.7390, -3.288
30.62, 0.7380, -2.167
30.63, 0.7370, -2.519
30.64, 0.7360, -2.007
30.65, 0.7350, -2.576
30.66, 0.7340, -1.098
30.67, 0.7330, -2.652
30.68, 0.7320, -1.133
30.69, 0.7310, -2.906
30.70, 0.7300, -2.455
30.71, 0.7290, -4.349
30.72, 0.7280, -4.317
30.73, 0.7270, -4.339
30.74, 0.7260, -4.189
30.75, 0.7250, -3.210
30.76, 0.7240, -3.534
30.77, 0.7230, -0.7947
30.78, 0.7220, -2.452
30.79, 0.7210, -3.021
30.80, 0.7200, -0.8568
30.81, 0.7190, -3.494
30.82, 0.7180, -2.994
30.83, 0.7170, -2.991
30.84, 0.7160, -4.129
30.85, 0.7150, -3.072
30.86, 0.7140, -3.123
30.87, 0.7130, -3.656
30.88, 0.7120, -4.478
30.89, 0.7110, -1.662
30.90, 0.7100, -3.132
30.91, 0.7090, -3.806
30.92, 0.7080, -3.052
30.93, 0.7070, -3.295
30.94, 0.7060, -5.537
30.95, 0.7050, -2.276
30.96, 0.7040, -4.411
30.97, 0.7030, -3.139
30.98, 0.7020, -2.894
30.99, 0.7010, -3.297
31.00, 0.7000, -2.844
31.01, 0.6990, -2.223
31.02, 0.6980, -3.848
31.03, 0.6970, -2.724
31.04, 0.6960, -3.796
31.05, 0.6950, -3.852
31.06, 0.6940, -2.786
31.07, 0.6930, -2.567
31.08, 0.6920, -6.000
31.09, 0.6910, -1.940
31.10, 0.6900, -3.358
31.11, 0.6890, -4.413
31.12, 0.6880, -4.822
31.13, 0.6870, -3.767
31.14, 0.6860, -4.460
31.15, 0.6850, -5.986
31.16, 0.6840, -2.429
31.17, 0.6830, -3.857
31.18, 0.6820, -3.088
31.19, 0.6810, -5.006
31.20, 0.6800, -5.269
31.21, 0.6790, -3.605
31.22, 0.6780, -5.119
31.23, 0.6770, -5.801
31.24, 0.6760, -2.921
31.25, 0.6750, -3.458
31.26, 0.6740, -3.635
31.27, 0.6730, -2.818
31.28, 0.6720, -4.386
31.29, 0.6710, -3.602
31.30, 0.6700, -4.714
31.31, 0.6690, -5.322
31.32, 0.6680, -4.392
31.33, 0.6670, -5.061
31.34, 0.6660, -4.532
31.35, 0.6650, -4.790
31.36, 0.6640, -2.857
31.37, 0.6630, -4.558
31.38, 0.6620, -3.061
31.39, 0.6610, -3.487
31.40, 0.6600, -4.351
31.41, 0.6590, -5.254
31.42, 0.6580, -5.476
31.43, 0.6570, -3.434
31.44, 0.6560, -3.073
31.45, 0.6550, -3.374
31.46, 0.6540, -4.148
31.47, 0.6530, -3.366
31.48, 0.6520, -3.878
31.49, 0.6510, -4.897
31.50, 0.6500, -4.608
31.51, 0.6490, -5.007
31.52, 0.6480, -4.034
31.53, 0.6470, -4.415
31.54, 0.6460, -5.301
31.55, 0.6450, -4.632
31.56, 0.6440, -4.617
31.57, 0.6430, -4.685
31.58, 0.6420, -3.756
31.59, 0.6410, -4.510
31.60, 0.6400, -3.790
31.61, 0.6390, -3.699
31.62, 0.6380, -5.500
31.63, 0.6370, -3.789
31.64, 0.6360, -4.071
31.65, 0.6350, -4.826
31.66, 0.6340, -3.544
31.67, 0.6330, -3.095
31.68, 0.6320, -4.283
31.69, 0.6310, -2.914
31.70, 0.6300, -3.774
31.71, 0.6290, -4.515
31.72, 0.6280, -4.451
31.73, 0.6270, -3.085
31.74, 0.6260, -0.9521
31.75, 0.6250, -3.093
31.76, 0.6240, -3.506
31.77, 0.6230, -3.803
31.78, 0.6220, -4.129
31.79, 0.6210, -4.020
31.80, 0.6200, -2.909
31.81, 0.6190, -3.817
31.82, 0.6180, -4.781
31.83, 0.6170, -3.947
31.84, 0.6160, -4.118
31.85, 0.6150, -4.953
31.86, 0.6140, -4.424
31.87, 0.6130, -4.746
31.88, 0.6120, -3.781
31.89, 0.6110, -3.445
31.90, 0.6100, -4.310
31.91, 0.6090, -3.392
31.92, 0.6080, -3.501
31.93, 0.6070, -4.277
31.94, 0.6060, -4.191
31.95, 0.6050, -4.618
31.96, 0.6040, -4.531
31.97, 0.6030, -4.923
31.98, 0.6020, -3.900
31.99, 0.6010, -5.105
32.00, 0.6000, -3.379
32.01, 0.5990, -2.840
32.02, 0.5980, -4.656
32.03, 0.5970, -4.468
32.04, 0.5960, -3.561
32.05, 0.5950, -4.113
32.06, 0.5940, -2.689
32.07, 0.5930, -5.294
32.08, 0.5920, -4.129
32.09, 0.5910, -4.252
32.10, 0.5900, -4.576
32.11, 0.5890, -4.778
32.12, 0.5880, -4.965
32.13, 0.5870, -4.199
32.14, 0.5860, -5.602
32.15, 0.5850, -4.620
32.16, 0.5840, -2.633
32.17, 0.5830, -4.751
32.18, 0.5820, -4.501
32.19, 0.5810, -4.264
32.20, 0.5800, -4.322
32.21, 0.5790, -4.261
32.22, 0.5780, -4.998
32.23, 0.5770, -4.368
32.24, 0.5760, -5.587
32.25, 0.5750, -5.209
32.26, 0.5740, -5.161
32.27, 0.5730, -4.953
32.28, 0.5720, -3.268
32.29, 0.5710, -3.254
32.30, 0.5700, -4.679
32.31, 0.5690, -4.306
32.32, 0.5680, -3.852
32.33, 0.5670, -6.370
32.34, 0.5660, -5.107
32.35, 0.5650, -3.715
32.36, 0.5640, -6.380
32.37, 0.5630, -3.440
32.38, 0.5620, -4.603
32.39, 0.5610, -8.143
32.40, 0.5600, -7.033
32.41, 0.5590, -5.370
32.42, 0.5580, -5.001
32.43, 0.5570, -4.656
32.44, 0.5560, -3.872
32.45, 0.5550, -3.766
32.46, 0.5540, -4.457
32.47, 0.5530, -5.487
32.48, 0.5520, -4.502
32.49, 0.5510, -4.405
32.50, 0.5500, -4.926
32.51, 0.5490, -4.929
32.52, 0.5480, -2.874
32.53, 0.5470, -4.197
32.54, 0.5460, -4.691
32.55, 0.5450, -4.828
32.56, 0.5440, -4.924
32.57, 0.5430, -3.778
32.58, 0.5420, -4.687
32.59, 0.5410, -6.902
32.60, 0.5400, -4.701
32.61, 0.5390, -6.500
32.62, 0.5380, -5.154
32.63, 0.5370, -6.683
32.64, 0.5360, -6.678
32.65, 0.5350, -5.997
32.66, 0.5340, -3.993
32.67, 0.5330, -5.349
32.68, 0.5320, -6.369
32.69, 0.5310, -5.276
32.70, 0.5300, -4.731
32.71, 0.5290, -4.537
32.72, 0.5280, -3.522
32.73, 0.5270, -5.940
32.74, 0.5260, -4.163
32.75, 0.5250, -3.873
32.76, 0.5240, -4.978
32.77, 0.5230, -4.254
32.78, 0.5220, -3.985
32.79, 0.5210, -4.131
32.80, 0.5200, -7.253
32.81, 0.5190, -5.598
32.82, 0.5180, -5.183
32.83, 0.5170, -9.469
32.84, 0.5160, -5.373
32.85, 0.5150, -5.568
32.86, 0.5140, -6.001
32.87, 0.5130, -6.320
32.88, 0.5120, -5.198
32.89, 0.5110, -5.103
32.90, 0.5100, -5.078
32.91, 0.5090, -5.471
32.92, 0.5080, -4.464
32.93, 0.5070, -5.790
32.94, 0.5060, -5.316
32.95, 0.5050, -6.076
32.96, 0.5040, -5.396
32.97, 0.5030, -4.923
32.98, 0.5020, -4.751
32.99, 0.5010, -4.676
33.00, 0.5000, -4.896
33.01, 0.4990, -5.547
33.02, 0.4980, -6.653
33.03, 0.4970, -4.481
33.04, 0.4960, -5.183
33.05, 0.4950, -6.447
33.06, 0.4940, -5.093
33.07, 0.4930, -5.508
33.08, 0.4920, -5.294
33.09, 0.4910, -4.180
33.10, 0.4900, -5.292
33.11, 0.4890, -5.378
33.12, 0.4880, -5.113
33.13, 0.4870, -6.872
33.14, 0.4860, -5.162
33.15, 0.4850, -4.838
33.16, 0.4840, -4.500
33.17, 0.4830, -4.586
33.18, 0.4820, -5.719
33.19, 0.4810, -5.739
33.20, 0.4800, -6.346
33.21, 0.4790, -6.373
33.22, 0.4780, -6.174
33.23, 0.4770, -7.863
33.24, 0.4760, -7.122
33.25, 0.4750, -6.135
33.26, 0.4740, -5.093
33.27, 0.4730, -5.266
33.28, 0.4720, -5.273
33.29, 0.4710, -5.796
33.30, 0.4700, -4.973
33.31, 0.4690, -4.680
33.32, 0.4680, -5.542
33.33, 0.4670, -6.130
33.34, 0.4660, -5.700
33.35, 0.4650, -3.305
33.36, 0.4640, -6.067
33.37, 0.4630, -6.213
33.38, 0.4620, -4.860
33.39, 0.4610, -5.632
33.40, 0.4600, -4.742
33.41, 0.4590, -4.895
33.42, 0.4580, -5.632
33.43, 0.4570, -5.610
33.44, 0.4560, -6.317
33.45, 0.4550, -7.739
33.46, 0.4540, -5.336
33.47, 0.4530, -5.017
33.48, 0.4520, -5.642
33.49, 0.4510, -6.295
33.50, 0.4500, -5.045
33.51, 0.4490, -4.865
33.52, 0.4480, -4.939
33.53, 0.4470, -5.361
33.54, 0.4460, -4.657
33.55, 0.4450, -5.381
33.56, 0.4440, -4.926
33.57, 0.4430, -5.954
33.58, 0.4420, -3.946
33.59, 0.4410, -5.293
33.60, 0.4400, -5.190
33.61, 0.4390, -5.409
33.62, 0.4380, -6.199
33.63, 0.4370, -6.671
33.64, 0.4360, -8.124
33.65, 0.4350, -6.390
33.66, 0.4340, -6.103
33.67, 0.4330, -5.648
33.68, 0.4320, -6.273
33.69, 0.4310, -6.788
33.70, 0.4300, -7.460
33.71, 0.4290, -6.729
33.72, 0.4280, -5.935
33.73, 0.4270, -5.030
33.74, 0.4260, -5.698
33.75, 0.4250, -6.784
33.76, 0.4240, -5.760
33.77, 0.4230, -4.719
33.78, 0.4220, -6.990
33.79, 0.4210, -4.997
33.80, 0.4200, -5.418
33.81, 0.4190, -6.108
33.82, 0.4180, -6.128
33.83, 0.4170, -5.554
33.84, 0.4160, -6.261
33.85, 0.4150, -4.686
33.86, 0.4140, -6.328
33.87, 0.4130, -4.320
33.88, 0.4120, -6.054
33.89, 0.4110, -6.938
33.90, 0.4100, -5.971
33.91, 0.4090, -5.721
33.92, 0.4080, -7.247
33.93, 0.4070, -6.218
33.94, 0.4060, -6.571
33.95, 0.4050, -5.780
33.96, 0.4040, -6.872
33.97, 0.4030, -6.384
33.98, 0.4020, -5.982
33.99, 0.4010, -6.455
34.00, 0.4000, -5.727
34.01, 0.3990, -5.598
34.02, 0.3980, -5.832
34.03, 0.3970, -7.794
34.04, 0.3960, -5.186
34.05, 0.3950, -6.323
34.06, 0.3940, -8.423
34.07, 0.3930, -7.161
34.08, 0.3920, -5.207
34.09, 0.3910, -6.738
34.10, 0.3900, -6.750
34.11, 0.3890, -6.094
34.12, 0.3880, -6.223
34.13, 0.3870, -5.226
34.14, 0.3860, -5.854
34.15, 0.3850, -6.915
34.16, 0.3840, -5.542
34.17, 0.3830, -5.950
34.18, 0.3820, -4.316
34.19, 0.3810, -6.799
34.20, 0.3800, -6.491
34.21, 0.3790, -4.730
34.22, 0.3780, -5.835
34.23, 0.3770, -5.866
34.24, 0.3760, -4.801
34.25, 0.3750, -5.375
34.26, 0.3740, -6.589
34.27, 0.3730, -5.514
34.28, 0.3720, -5.653
34.29, 0.3710, -5.716
34.30, 0.3700, -5.428
34.31, 0.3690, -6.653
34.32, 0.3680, -7.163
34.33, 0.3670, -5.422
34.34, 0.3660, -7.817
34.35, 0.3650, -6.549
34.36, 0.3640, -6.254
34.37, 0.3630, -5.904
34.38, 0.3620, -5.947
34.39, 0.3610, -5.931
34.40, 0.3600, -6.153
34.41, 0.3590, -7.333
34.42, 0.3580, -6.671
34.43, 0.3570, -5.896
34.44, 0.3560, -6.292
34.45, 0.3550, -6.556
34.46, 0.3540, -7.584
34.47, 0.3530, -7.182
34.48, 0.3520, -7.306
34.49, 0.3510, -8.538
34.50, 0.3500, -7.983
34.51, 0.3490, -7.938
34.52, 0.3480, -8.167
34.53, 0.3470, -6.612
34.54, 0.3460, -6.452
34.55, 0.3450, -7.431
34.56, 0.3440, -6.176
34.57, 0.3430, -7.200
34.58, 0.3420, -7.685
34.59, 0.3410, -7.075
34.60, 0.3400, -6.452
34.61, 0.3390, -7.317
34.62, 0.3380, -7.730
34.63, 0.3370, -6.897
34.64, 0.3360, -6.459
34.65, 0.3350, -6.672
34.66, 0.3340, -7.270
34.67, 0.3330, -6.572
34.68, 0.3320, -7.453
34.69, 0.3310, -6.298
34.70, 0.3300, -7.098
34.71, 0.3290, -7.007
34.72, 0.3280, -5.814
34.73, 0.3270, -7.937
34.74, 0.3260, -7.644
34.75, 0.3250, -6.652
34.76, 0.3240, -5.712
34.77, 0.3230, -6.893
34.78, 0.3220, -5.601
34.79, 0.3210, -6.759
34.80, 0.3200, -6.232
34.81, 0.3190, -7.963
34.82, 0.3180, -6.245
34.83, 0.3170, -5.910
34.84, 0.3160, -7.208
34.85, 0.3150, -6.332
34.86, 0.3140, -4.998
34.87, 0.3130, -7.245
34.88, 0.3120, -8.178
34.89, 0.3110, -6.477
34.90, 0.3100, -8.231
34.91, 0.3090, -8.013
34.92, 0.3080, -8.472
34.93, 0.3070, -8.704
34.94, 0.3060, -6.258
34.95, 0.3050, -7.669
34.96, 0.3040, -7.816
34.97, 0.3030, -6.211
34.98, 0.3020, -7.895
34.99, 0.3010, -7.369
35.00, 0.3000, -6.248
35.01, 0.2990, -7.450
35.02, 0.2980, -7.362
35.03, 0.2970, -7.334
35.04, 0.2960, -8.440
35.05, 0.2950, -5.722
35.06, 0.2940, -7.433
35.07, 0.2930, -6.482
35.08, 0.2920, -6.977
35.09, 0.2910, -8.248
35.10, 0.2900, -8.154
35.11, 0.2890, -7.846
35.12, 0.2880, -8.356
35.13, 0.2870, -6.887
35.14, 0.2860, -7.195
35.15, 0.2850, -7.725
35.16, 0.2840, -6.651
35.17, 0.2830, -8.122
35.18, 0.2820, -8.023
35.19, 0.2810, -7.864
35.20, 0.2800, -7.721
35.21, 0.2790, -7.007
35.22, 0.2780, -6.153
35.23, 0.2770, -7.191
35.24, 0.2760, -6.388
35.25, 0.2750, -8.696
35.26, 0.2740, -6.226
35.27, 0.2730, -6.310
35.28, 0.2720, -6.494
35.29, 0.2710, -5.958
35.30, 0.2700, -5.436
35.31, 0.2690, -8.371
35.32, 0.2680, -7.858
35.33, 0.2670, -8.239
35.34, 0.2660, -7.558
35.35, 0.2650, -8.584
35.36, 0.2640, -7.858
35.37, 0.2630, -7.963
35.38, 0.2620, -8.589
35.39, 0.2610, -7.331
35.40, 0.2600, -7.374
35.41, 0.2590, -6.600
35.42, 0.2580, -7.762
35.43, 0.2570, -9.189
35.44, 0.2560, -7.917
35.45, 0.2550, -7.885
35.46, 0.2540, -6.434
35.47, 0.2530, -7.300
35.48, 0.2520, -9.062
35.49, 0.2510, -6.068
35.50, 0.2500, -7.857
35.51, 0.2490, -7.150
35.52, 0.2480, -6.737
35.53, 0.2470, -7.551
35.54, 0.2460, -6.052
35.55, 0.2450, -7.882
