0.01000, -0.8000, -24.55
0.02000, -0.8000, -16.25
0.03000, -0.8000, -15.03
0.04000, -0.8000, -13.39
0.05000, -0.8000, -12.26
0.06000, -0.8000, -11.89
0.07000, -0.8000, -11.57
0.08000, -0.8000, -10.93
0.09000, -0.8000, -11.62
0.1000, -0.8000, -12.34
0.1100, -0.8000, -10.34
0.1200, -0.8000, -10.90
0.1300, -0.8000, -11.11
0.1400, -0.8000, -9.439
0.1500, -0.8000, -10.27
0.1600, -0.8000, -11.61
0.1700, -0.8000, -9.965
0.1800, -0.8000, -10.68
0.1900, -0.8000, -9.975
0.2000, -0.8000, -9.860
0.2100, -0.8000, -9.187
0.2200, -0.8000, -9.680
0.2300, -0.8000, -10.04
0.2400, -0.8000, -10.58
0.2500, -0.8000, -9.795
0.2600, -0.8000, -9.997
0.2700, -0.8000, -10.14
0.2800, -0.8000, -9.487
0.2900, -0.8000, -10.10
0.3000, -0.8000, -9.181
0.3100, -0.8000, -9.566
0.3200, -0.8000, -8.422
0.3300, -0.8000, -8.871
0.3400, -0.8000, -8.879
0.3500, -0.8000, -8.556
0.3600, -0.8000, -8.181
0.3700, -0.8000, -8.042
0.3800, -0.8000, -7.761
0.3900, -0.8000, -8.246
0.4000, -0.8000, -8.555
0.4100, -0.8000, -7.857
0.4200, -0.8000, -10.01
0.4300, -0.8000, -9.323
0.4400, -0.8000, -8.493
0.4500, 0.000, -8.330
0.4600, 0.001000, 11.60
0.4700, 0.002000, 1.953
0.4800, 0.003000, 1.368
0.4900, 0.004000, 0.2203
0.5000, 0.005000, -1.963
0.5100, 0.006000, -2.577
0.5200, 0.007000, -1.667
0.5300, 0.008000, -0.9699
0.5400, 0.009000, -1.486
0.5500, 0.01000, -2.667
0.5600, 0.01100, -2.372
0.5700, 0.01200, -3.401
0.5800, 0.01300, -3.266
0.5900, 0.01400, -2.830
0.6000, 0.01500, -3.723
0.6100, 0.01600, -3.996
0.6200, 0.01700, -3.741
0.6300, 0.01800, -3.593
0.6400, 0.01900, -3.864
0.6500, 0.02000, -4.212
0.6600, 0.02100, -2.508
0.6700, 0.02200, -4.443
0.6800, 0.02300, -3.734
0.6900, 0.02400, -2.869
0.7000, 0.02500, -3.629
0.7100, 0.02600, -3.068
0.7200, 0.02700, -2.507
0.7300, 0.02800, -3.591
0.7400, 0.02900, -2.742
0.7500, 0.03000, -4.054
0.7600, 0.03100, -3.595
0.7700, 0.03200, -4.346
0.7800, 0.03300, -2.965
0.7900, 0.03400, -5.004
0.8000, 0.03500, -3.314
0.8100, 0.03600, -5.989
0.8200, 0.03700, -3.627
0.8300, 0.03800, -3.901
0.8400, 0.03900, -4.338
0.8500, 0.04000, -3.437
0.8600, 0.04100, -1.589
0.8700, 0.04200, -3.447
0.8800, 0.04300, -4.835
0.8900, 0.04400, -4.610
0.9000, 0.04500, -3.665
0.9100, 0.04600, -4.637
0.9200, 0.04700, -3.877
0.9300, 0.04800, -3.160
0.9400, 0.04900, -3.948
0.9500, 0.05000, -3.498
0.9600, 0.05100, -3.541
0.9700, 0.05200, -3.204
0.9800, 0.05300, -5.188
0.9900, 0.05400, -3.881
1.000, 0.05500, -5.041
1.010, 0.05600, -3.810
1.020, 0.05700, -3.675
1.030, 0.05800, -3.307
1.040, 0.05900, -4.279
1.050, 0.06000, -3.634
1.060, 0.06100, -3.625
1.070, 0.06200, -4.037
1.080, 0.06300, -4.846
1.090, 0.06400, -5.343
1.100, 0.06500, -4.247
1.110, 0.06600, -2.373
1.120, 0.06700, -2.500
1.130, 0.06800, -4.041
1.140, 0.06900, -3.589
1.150, 0.07000, -3.148
1.160, 0.07100, -5.125
1.170, 0.07200, -2.811
1.180, 0.07300, -5.755
1.190, 0.07400, -4.398
1.200, 0.07500, -3.903
1.210, 0.07600, -3.586
1.220, 0.07700, -4.481
1.230, 0.07800, -4.939
1.240, 0.07900, -3.952
1.250, 0.08000, -4.354
1.260, 0.08100, -3.695
1.270, 0.08200, -3.711
1.280, 0.08300, -4.282
1.290, 0.08400, -4.459
1.300, 0.08500, -3.634
1.310, 0.08600, -5.830
1.320, 0.08700, -4.186
1.330, 0.08800, -3.753
1.340, 0.08900, -5.396
1.350, 0.09000, -3.658
1.360, 0.09100, -2.510
1.370, 0.09200, -3.855
1.380, 0.09300, -3.781
1.390, 0.09400, -2.505
1.400, 0.09500, -3.388
1.410, 0.09600, -2.163
1.420, 0.09700, -3.543
1.430, 0.09800, -2.327
1.440, 0.09900, -3.251
1.450, 0.1000, -4.981
1.460, 0.1010, -4.583
1.470, 0.1020, -3.751
1.480, 0.1030, -4.304
1.490, 0.1040, -3.457
1.500, 0.1050, -5.724
1.510, 0.1060, -3.600
1.520, 0.1070, -3.237
1.530, 0.1080, -2.918
1.540, 0.1090, -4.008
1.550, 0.1100, -2.832
1.560, 0.1110, -3.431
1.570, 0.1120, -2.315
1.580, 0.1130, -4.208
1.590, 0.1140, -3.677
1.600, 0.1150, -3.304
1.610, 0.1160, -3.170
1.620, 0.1170, -3.977
1.630, 0.1180, -2.901
1.640, 0.1190, -3.825
1.650, 0.1200, -4.000
1.660, 0.1210, -4.314
1.670, 0.1220, -2.609
1.680, 0.1230, -3.809
1.690, 0.1240, -3.383
1.700, 0.1250, -2.751
1.710, 0.1260, -3.493
1.720, 0.1270, -3.560
1.730, 0.1280, -3.104
1.740, 0.1290, -3.995
1.750, 0.1300, -4.309
1.760, 0.1310, -2.965
1.770, 0.1320, -2.556
1.780, 0.1330, -2.785
1.790, 0.1340, -3.501
1.800, 0.1350, -3.775
1.810, 0.1360, -2.596
1.820, 0.1370, -2.730
1.830, 0.1380, -4.029
1.840, 0.1390, -5.178
1.850, 0.1400, -4.918
1.860, 0.1410, -3.682
1.870, 0.1420, -3.910
1.880, 0.1430, -2.502
1.890, 0.1440, -3.796
1.900, 0.1450, -3.705
1.910, 0.1460, -4.537
1.920, 0.1470, -3.610
1.930, 0.1480, -3.234
1.940, 0.1490, -4.040
1.950, 0.1500, -3.435
1.960, 0.1510, -3.120
1.970, 0.1520, -3.635
1.980, 0.1530, -3.285
1.990, 0.1540, -3.358
2.000, 0.1550, -3.720
2.010, 0.1560, -2.295
2.020, 0.1570, -5.468
2.030, 0.1580, -2.141
2.040, 0.1590, -2.902
2.050, 0.1600, -3.531
2.060, 0.1610, -3.146
2.070, 0.1620, -2.234
2.080, 0.1630, -3.393
2.090, 0.1640, -2.881
2.100, 0.1650, -2.225
2.110, 0.1660, -3.816
2.120, 0.1670, -3.752
2.130, 0.1680, -3.192
2.140, 0.1690, -5.228
2.150, 0.1700, -3.837
2.160, 0.1710, -3.310
2.170, 0.1720, -3.941
2.180, 0.1730, -4.239
2.190, 0.1740, -4.066
2.200, 0.1750, -4.389
2.210, 0.1760, -4.087
2.220, 0.1770, -3.728
2.230, 0.1780, -3.867
2.240, 0.1790, -3.209
2.250, 0.1800, -3.014
2.260, 0.1810, -3.493
2.270, 0.1820, -2.555
2.280, 0.1830, -4.287
2.290, 0.1840, -3.556
2.300, 0.1850, -3.356
2.310, 0.1860, -3.220
2.320, 0.1870, -2.860
2.330, 0.1880, -2.452
2.340, 0.1890, -4.694
2.350, 0.1900, -3.519
2.360, 0.1910, -3.745
2.370, 0.1920, -2.877
2.380, 0.1930, -2.264
2.390, 0.1940, -2.146
2.400, 0.1950, -3.033
2.410, 0.1960, -2.740
2.420, 0.1970, -3.495
2.430, 0.1980, -3.959
2.440, 0.1990, -2.342
2.450, 0.2000, -2.242
2.460, 0.2010, -2.179
2.470, 0.2020, -5.381
2.480, 0.2030, -2.644
2.490, 0.2040, -2.893
2.500, 0.2050, -3.926
2.510, 0.2060, -2.674
2.520, 0.2070, -3.612
2.530, 0.2080, -5.521
2.540, 0.2090, -3.775
2.550, 0.2100, -3.452
2.560, 0.2110, -2.137
2.570, 0.2120, -2.817
2.580, 0.2130, -3.428
2.590, 0.2140, -4.784
2.600, 0.2150, -5.182
2.610, 0.2160, -2.955
2.620, 0.2170, -3.208
2.630, 0.2180, -2.601
2.640, 0.2190, -2.764
2.650, 0.2200, -3.145
2.660, 0.2210, -3.219
2.670, 0.2220, -3.237
2.680, 0.2230, -1.238
2.690, 0.2240, -3.171
2.700, 0.2250, -3.962
2.710, 0.2260, -3.627
2.720, 0.2270, -3.095
2.730, 0.2280, -3.316
2.740, 0.2290, -2.400
2.750, 0.2300, -2.022
2.760, 0.2310, -3.012
2.770, 0.2320, -2.673
2.780, 0.2330, -2.849
2.790, 0.2340, -2.968
2.800, 0.2350, -2.639
2.810, 0.2360, -2.492
2.820, 0.2370, -2.377
2.830, 0.2380, -2.901
2.840, 0.2390, -1.158
2.850, 0.2400, -2.484
2.860, 0.2410, -1.260
2.870, 0.2420, -2.500
2.880, 0.2430, -2.004
2.890, 0.2440, -2.764
2.900, 0.2450, -3.129
2.910, 0.2460, -2.003
2.920, 0.2470, -1.706
2.930, 0.2480, -0.7956
2.940, 0.2490, -1.886
2.950, 0.2500, -2.445
2.960, 0.2510, -2.719
2.970, 0.2520, -2.529
2.980, 0.2530, -2.303
2.990, 0.2540, -2.705
3.000, 0.2550, -2.274
3.010, 0.2560, -2.402
3.020, 0.2570, -2.719
3.030, 0.2580, -2.836
3.040, 0.2590, -0.9862
3.050, 0.2600, -1.538
3.060, 0.2610, -1.414
3.070, 0.2620, -4.012
3.080, 0.2630, -1.546
3.090, 0.2640, -2.356
3.100, 0.2650, -0.9009
3.110, 0.2660, -3.583
3.120, 0.2670, -2.196
3.130, 0.2680, -2.103
3.140, 0.2690, -1.444
3.150, 0.2700, -2.827
3.160, 0.2710, -1.727
3.170, 0.2720, -2.585
3.180, 0.2730, -2.746
3.190, 0.2740, -1.952
3.200, 0.2750, -2.200
3.210, 0.2760, -2.653
3.220, 0.2770, -2.141
3.230, 0.2780, -1.951
3.240, 0.2790, -2.445
3.250, 0.2800, -0.5581
3.260, 0.2810, -1.729
3.270, 0.2820, -1.514
3.280, 0.2830, -0.4404
3.290, 0.2840, -1.829
3.300, 0.2850, -2.132
3.310, 0.2860, -2.644
3.320, 0.2870, -2.313
3.330, 0.2880, -1.785
3.340, 0.2890, -3.598
3.350, 0.2900, -2.921
3.360, 0.2910, -2.727
3.370, 0.2920, -2.759
3.380, 0.2930, -2.148
3.390, 0.2940, 0.1970
3.400, 0.2950, -2.460
3.410, 0.2960, -1.834
3.420, 0.2970, 0.2900
3.430, 0.2980, -3.079
3.440, 0.2990, -2.085
3.450, 0.3000, -2.040
3.460, 0.3010, -1.828
3.470, 0.3020, -2.941
3.480, 0.3030, -1.137
3.490, 0.3040, -1.720
3.500, 0.3050, -2.184
3.510, 0.3060, -0.9459
3.520, 0.3070, -1.610
3.530, 0.3080, -0.2516
3.540, 0.3090, -2.504
3.550, 0.3100, -1.416
3.560, 0.3110, -0.1820
3.570, 0.3120, -2.003
3.580, 0.3130, -1.461
3.590, 0.3140, -2.978
3.600, 0.3150, -0.9425
3.610, 0.3160, -0.2055
3.620, 0.3170, -0.04918
3.630, 0.3180, -0.4752
3.640, 0.3190, -1.018
3.650, 0.3200, -0.3022
3.660, 0.3210, -1.649
3.670, 0.3220, -0.4802
3.680, 0.3230, -2.254
3.690, 0.3240, 0.07348
3.700, 0.3250, -0.5185
3.710, 0.3260, -0.2537
3.720, 0.3270, 0.3441
3.730, 0.3280, -0.7284
3.740, 0.3290, -1.375
3.750, 0.3300, -0.6581
3.760, 0.3310, -1.500
3.770, 0.3320, -0.4915
3.780, 0.3330, -0.8174
3.790, 0.3340, -0.1798
3.800, 0.3350, 0.3570
3.810, 0.3360, -1.102
3.820, 0.3370, -1.263
3.830, 0.3380, 0.9074
3.840, 0.3390, 0.4853
3.850, 0.3400, 0.2634
3.860, 0.3410, -0.09405
3.870, 0.3420, 0.1808
3.880, 0.3430, 0.3184
3.890, 0.3440, 0.5615
3.900, 0.3450, 0.5717
3.910, 0.3460, 0.8300
3.920, 0.3470, 0.1057
3.930, 0.3480, -0.05158
3.940, 0.3490, -0.3287
3.950, 0.3500, 1.143
3.960, 0.3510, 1.487
3.970, 0.3520, 1.339
3.980, 0.3530, 2.132
3.990, 0.3540, 1.519
4.000, 0.3550, 2.064
4.010, 0.3560, 2.864
4.020, 0.3570, 1.168
4.030, 0.3580, 0.4720
4.040, 0.3590, 0.4027
4.050, 0.3600, 0.04090
4.060, 0.3610, 1.342
4.070, 0.3620, 0.4701
4.080, 0.3630, 2.458
4.090, 0.3640, 1.483
4.100, 0.3650, 2.043
4.110, 0.3660, 2.323
4.120, 0.3670, 3.656
4.130, 0.3680, 2.894
4.140, 0.3690, 2.451
4.150, 0.3700, 2.066
4.160, 0.3710, 4.658
4.170, 0.3720, 2.935
4.180, 0.3730, 0.4401
4.190, 0.3740, 3.441
4.200, 0.3750, 2.277
4.210, 0.3760, 3.352
4.220, 0.3770, 2.842
4.230, 0.3780, 2.450
4.240, 0.3790, 3.412
4.250, 0.3800, 2.283
4.260, 0.3810, 4.023
4.270, 0.3820, 1.673
4.280, 0.3830, 2.685
4.290, 0.3840, 2.925
4.300, 0.3850, 2.190
4.310, 0.3860, 2.421
4.320, 0.3870, 1.764
4.330, 0.3880, 3.941
4.340, 0.3890, 3.667
4.350, 0.3900, 4.136
4.360, 0.3910, 3.283
4.370, 0.3920, 3.641
4.380, 0.3930, 5.249
4.390, 0.3940, 2.882
4.400, 0.3950, 3.252
4.410, 0.3960, 4.193
4.420, 0.3970, 2.104
4.430, 0.3980, 3.622
4.440, 0.3990, 4.633
4.450, 0.4000, 4.737
4.460, 0.4010, 5.014
4.470, 0.4020, 4.510
4.480, 0.4030, 5.950
4.490, 0.4040, 3.938
4.500, 0.4050, 5.101
4.510, 0.4060, 4.991
4.520, 0.4070, 3.937
4.530, 0.4080, 3.498
4.540, 0.4090, 6.201
4.550, 0.4100, 5.943
4.560, 0.4110, 5.840
4.570, 0.4120, 4.945
4.580, 0.4130, 6.895
4.590, 0.4140, 5.461
4.600, 0.4150, 3.819
4.610, 0.4160, 5.355
4.620, 0.4170, 5.568
4.630, 0.4180, 4.914
4.640, 0.4190, 5.953
4.650, 0.4200, 5.303
4.660, 0.4210, 6.210
4.670, 0.4220, 6.987
4.680, 0.4230, 7.205
4.690, 0.4240, 8.147
4.700, 0.4250, 6.814
4.710, 0.4260, 6.877
4.720, 0.4270, 6.229
4.730, 0.4280, 6.976
4.740, 0.4290, 6.800
4.750, 0.4300, 6.038
4.760, 0.4310, 6.843
4.770, 0.4320, 7.342
4.780, 0.4330, 7.431
4.790, 0.4340, 7.825
4.800, 0.4350, 6.994
4.810, 0.4360, 7.261
4.820, 0.4370, 7.355
4.830, 0.4380, 6.596
4.840, 0.4390, 7.944
4.850, 0.4400, 8.401
4.860, 0.4410, 7.131
4.870, 0.4420, 7.488
4.880, 0.4430, 7.974
4.890, 0.4440, 5.818
4.900, 0.4450, 6.757
4.910, 0.4460, 9.545
4.920, 0.4470, 8.103
4.930, 0.4480, 7.739
4.940, 0.4490, 7.684
4.950, 0.4500, 8.389
4.960, 0.4510, 7.783
4.970, 0.4520, 8.518
4.980, 0.4530, 7.676
4.990, 0.4540, 9.256
5.000, 0.4550, 9.245
5.010, 0.4560, 10.09
5.020, 0.4570, 8.849
5.030, 0.4580, 9.895
5.040, 0.4590, 9.559
5.050, 0.4600, 10.02
5.060, 0.4610, 9.110
5.070, 0.4620, 8.792
5.080, 0.4630, 9.448
5.090, 0.4640, 9.935
5.100, 0.4650, 8.200
5.110, 0.4660, 8.487
5.120, 0.4670, 10.15
5.130, 0.4680, 10.27
5.140, 0.4690, 9.656
5.150, 0.4700, 9.501
5.160, 0.4710, 9.738
5.170, 0.4720, 9.562
5.180, 0.4730, 10.14
5.190, 0.4740, 9.965
5.200, 0.4750, 10.28
5.210, 0.4760, 10.95
5.220, 0.4770, 11.06
5.230, 0.4780, 11.60
5.240, 0.4790, 10.27
5.250, 0.4800, 10.72
5.260, 0.4810, 10.65
5.270, 0.4820, 11.07
5.280, 0.4830, 11.57
5.290, 0.4840, 12.63
5.300, 0.4850, 11.22
5.310, 0.4860, 10.58
5.320, 0.4870, 11.34
5.330, 0.4880, 11.31
5.340, 0.4890, 11.83
5.350, 0.4900, 11.02
5.360, 0.4910, 9.454
5.370, 0.4920, 11.23
5.380, 0.4930, 11.61
5.390, 0.4940, 11.56
5.400, 0.4950, 12.76
5.410, 0.4960, 11.92
5.420, 0.4970, 11.71
5.430, 0.4980, 11.79
5.440, 0.4990, 12.29
5.450, 0.5000, 11.87
5.460, 0.5010, 11.59
5.470, 0.5020, 11.60
5.480, 0.5030, 11.37
5.490, 0.5040, 12.16
5.500, 0.5050, 12.80
5.510, 0.5060, 11.22
5.520, 0.5070, 11.21
5.530, 0.5080, 12.02
5.540, 0.5090, 12.45
5.550, 0.5100, 12.71
5.560, 0.5110, 13.52
5.570, 0.5120, 11.45
5.580, 0.5130, 13.10
5.590, 0.5140, 11.91
5.600, 0.5150, 12.69
5.610, 0.5160, 12.94
5.620, 0.5170, 12.70
5.630, 0.5180, 12.65
5.640, 0.5190, 12.03
5.650, 0.5200, 13.74
5.660, 0.5210, 11.93
5.670, 0.5220, 12.76
5.680, 0.5230, 11.89
5.690, 0.5240, 12.72
5.700, 0.5250, 13.49
5.710, 0.5260, 13.16
5.720, 0.5270, 12.50
5.730, 0.5280, 12.68
5.740, 0.5290, 13.87
5.750, 0.5300, 13.39
5.760, 0.5310, 12.54
5.770, 0.5320, 12.39
5.780, 0.5330, 12.36
5.790, 0.5340, 12.33
5.800, 0.5350, 12.87
5.810, 0.5360, 13.40
5.820, 0.5370, 13.44
5.830, 0.5380, 12.51
5.840, 0.5390, 13.08
5.850, 0.5400, 13.96
5.860, 0.5410, 13.23
5.870, 0.5420, 12.58
5.880, 0.5430, 13.06
5.890, 0.5440, 13.57
5.900, 0.5450, 13.63
5.910, 0.5460, 13.12
5.920, 0.5470, 12.90
5.930, 0.5480, 12.91
5.940, 0.5490, 14.78
5.950, 0.5500, 14.07
5.960, 0.5510, 14.83
5.970, 0.5520, 13.56
5.980, 0.5530, 13.48
5.990, 0.5540, 14.22
6.000, 0.5550, 14.25
6.010, 0.5560, 14.13
6.020, 0.5570, 14.38
6.030, 0.5580, 14.04
6.040, 0.5590, 13.67
6.050, 0.5600, 13.70
6.060, 0.5610, 12.80
6.070, 0.5620, 14.45
6.080, 0.5630, 13.88
6.090, 0.5640, 13.36
6.100, 0.5650, 12.97
6.110, 0.5660, 12.91
6.120, 0.5670, 13.63
6.130, 0.5680, 12.62
6.140, 0.5690, 13.19
6.150, 0.5700, 13.92
6.160, 0.5710, 13.34
6.170, 0.5720, 14.46
6.180, 0.5730, 14.68
6.190, 0.5740, 13.30
6.200, 0.5750, 14.71
6.210, 0.5760, 14.80
6.220, 0.5770, 14.06
6.230, 0.5780, 13.45
6.240, 0.5790, 14.77
6.250, 0.5800, 15.03
6.260, 0.5810, 14.33
6.270, 0.5820, 13.36
6.280, 0.5830, 13.05
6.290, 0.5840, 13.68
6.300, 0.5850, 13.03
6.310, 0.5860, 14.42
6.320, 0.5870, 14.66
6.330, 0.5880, 14.28
6.340, 0.5890, 13.25
6.350, 0.5900, 14.68
6.360, 0.5910, 12.89
6.370, 0.5920, 14.21
6.380, 0.5930, 14.69
6.390, 0.5940, 13.18
6.400, 0.5950, 13.74
6.410, 0.5960, 13.73
6.420, 0.5970, 14.04
6.430, 0.5980, 14.10
6.440, 0.5990, 14.22
6.450, 0.6000, 13.05
6.460, 0.6010, 14.05
6.470, 0.6020, 14.43
6.480, 0.6030, 14.11
6.490, 0.6040, 14.93
6.500, 0.6050, 14.82
6.510, 0.6060, 13.54
6.520, 0.6070, 14.40
6.530, 0.6080, 14.29
6.540, 0.6090, 14.07
6.550, 0.6100, 13.72
6.560, 0.6110, 12.44
6.570, 0.6120, 12.43
6.580, 0.6130, 15.02
6.590, 0.6140, 13.78
6.600, 0.6150, 13.79
6.610, 0.6160, 13.80
6.620, 0.6170, 14.29
6.630, 0.6180, 14.56
6.640, 0.6190, 13.12
6.650, 0.6200, 15.08
6.660, 0.6210, 13.79
6.670, 0.6220, 12.71
6.680, 0.6230, 13.21
6.690, 0.6240, 14.39
6.700, 0.6250, 14.10
6.710, 0.6260, 14.68
6.720, 0.6270, 14.11
6.730, 0.6280, 14.10
6.740, 0.6290, 13.03
6.750, 0.6300, 15.10
6.760, 0.6310, 14.99
6.770, 0.6320, 13.62
6.780, 0.6330, 13.58
6.790, 0.6340, 12.52
6.800, 0.6350, 13.57
6.810, 0.6360, 13.42
6.820, 0.6370, 12.55
6.830, 0.6380, 14.05
6.840, 0.6390, 13.98
6.850, 0.6400, 12.19
6.860, 0.6410, 14.26
6.870, 0.6420, 13.50
6.880, 0.6430, 13.74
6.890, 0.6440, 15.24
6.900, 0.6450, 14.28
6.910, 0.6460, 14.30
6.920, 0.6470, 13.77
6.930, 0.6480, 14.61
6.940, 0.6490, 14.10
6.950, 0.6500, 13.38
6.960, 0.6510, 12.63
6.970, 0.6520, 13.50
6.980, 0.6530, 14.16
6.990, 0.6540, 11.94
7.000, 0.6550, 13.97
7.010, 0.6560, 13.58
7.020, 0.6570, 14.48
7.030, 0.6580, 14.36
7.040, 0.6590, 14.64
7.050, 0.6600, 14.85
7.060, 0.6610, 14.26
7.070, 0.6620, 13.77
7.080, 0.6630, 13.82
7.090, 0.6640, 14.49
7.100, 0.6650, 14.77
7.110, 0.6660, 14.45
7.120, 0.6670, 11.60
7.130, 0.6680, 13.67
7.140, 0.6690, 14.22
7.150, 0.6700, 14.02
7.160, 0.6710, 13.50
7.170, 0.6720, 14.42
7.180, 0.6730, 13.39
7.190, 0.6740, 14.53
7.200, 0.6750, 15.27
7.210, 0.6760, 13.89
7.220, 0.6770, 15.75
7.230, 0.6780, 14.42
7.240, 0.6790, 14.03
7.250, 0.6800, 14.69
7.260, 0.6810, 14.53
7.270, 0.6820, 14.83
7.280, 0.6830, 13.31
7.290, 0.6840, 13.24
7.300, 0.6850, 13.22
7.310, 0.6860, 13.09
7.320, 0.6870, 13.42
7.330, 0.6880, 13.45
7.340, 0.6890, 12.39
7.350, 0.6900, 13.26
7.360, 0.6910, 13.96
7.370, 0.6920, 13.93
7.380, 0.6930, 14.34
7.390, 0.6940, 13.87
7.400, 0.6950, 14.28
7.410, 0.6960, 14.08
7.420, 0.6970, 13.13
7.430, 0.6980, 13.72
7.440, 0.6990, 14.14
7.450, 0.7000, 13.84
7.460, 0.7010, 14.38
7.470, 0.7020, 14.33
7.480, 0.7030, 14.48
7.490, 0.7040, 15.25
7.500, 0.7050, 14.93
7.510, 0.7060, 14.28
7.520, 0.7070, 13.74
7.530, 0.7080, 13.42
7.540, 0.7090, 14.64
7.550, 0.7100, 14.31
7.560, 0.7110, 13.96
7.570, 0.7120, 14.54
7.580, 0.7130, 13.04
7.590, 0.7140, 14.53
7.600, 0.7150, 13.36
7.610, 0.7160, 14.29
7.620, 0.7170, 15.78
7.630, 0.7180, 12.83
7.640, 0.7190, 15.02
7.650, 0.7200, 15.10
7.660, 0.7210, 13.19
7.670, 0.7220, 13.90
7.680, 0.7230, 14.39
7.690, 0.7240, 13.74
7.700, 0.7250, 13.83
7.710, 0.7260, 14.12
7.720, 0.7270, 14.41
7.730, 0.7280, 13.73
7.740, 0.7290, 12.63
7.750, 0.7300, 14.01
7.760, 0.7310, 13.01
7.770, 0.7320, 13.51
7.780, 0.7330, 13.13
7.790, 0.7340, 14.35
7.800, 0.7350, 14.64
7.810, 0.7360, 14.27
7.820, 0.7370, 14.19
7.830, 0.7380, 13.33
7.840, 0.7390, 14.16
7.850, 0.7400, 14.95
7.860, 0.7410, 15.11
7.870, 0.7420, 13.26
7.880, 0.7430, 13.80
7.890, 0.7440, 13.90
7.900, 0.7450, 14.36
7.910, 0.7460, 14.32
7.920, 0.7470, 12.57
7.930, 0.7480, 14.48
7.940, 0.7490, 12.95
7.950, 0.7500, 13.41
7.960, 0.7510, 12.31
7.970, 0.7520, 13.28
7.980, 0.7530, 12.21
7.990, 0.7540, 13.52
8.000, 0.7550, 14.48
8.010, 0.7560, 11.93
8.020, 0.7570, 13.83
8.030, 0.7580, 13.49
8.040, 0.7590, 13.87
8.050, 0.7600, 14.35
8.060, 0.7610, 14.06
8.070, 0.7620, 14.32
8.080, 0.7630, 12.99
8.090, 0.7640, 13.56
8.100, 0.7650, 14.00
8.110, 0.7660, 14.02
8.120, 0.7670, 14.27
8.130, 0.7680, 14.94
8.140, 0.7690, 13.11
8.150, 0.7700, 13.54
8.160, 0.7710, 13.93
8.170, 0.7720, 13.84
8.180, 0.7730, 12.41
8.190, 0.7740, 13.19
8.200, 0.7750, 13.70
8.210, 0.7760, 12.90
8.220, 0.7770, 13.61
8.230, 0.7780, 13.62
8.240, 0.7790, 13.84
8.250, 0.7800, 14.14
8.260, 0.7810, 13.03
8.270, 0.7820, 14.41
8.280, 0.7830, 14.36
8.290, 0.7840, 13.66
8.300, 0.7850, 13.94
8.310, 0.7860, 13.44
8.320, 0.7870, 14.29
8.330, 0.7880, 14.07
8.340, 0.7890, 14.74
8.350, 0.7900, 14.34
8.360, 0.7910, 13.06
8.370, 0.7920, 14.07
8.380, 0.7930, 14.66
8.390, 0.7940, 13.91
8.400, 0.7950, 13.41
8.410, 0.7960, 14.74
8.420, 0.7970, 13.79
8.430, 0.7980, 14.55
8.440, 0.7990, 13.35
8.450, 0.8000, 12.91
8.460, 0.8010, 14.20
8.470, 0.8020, 14.75
8.480, 0.8030, 13.02
8.490, 0.8040, 13.54
8.500, 0.8050, 13.68
8.510, 0.8060, 14.24
8.520, 0.8070, 12.89
8.530, 0.8080, 12.97
8.540, 0.8090, 14.05
8.550, 0.8100, 13.64
8.560, 0.8110, 14.00
8.570, 0.8120, 11.67
8.580, 0.8130, 12.90
8.590, 0.8140, 13.57
8.600, 0.8150, 13.04
8.610, 0.8160, 13.74
8.620, 0.8170, 12.76
8.630, 0.8180, 13.02
8.640, 0.8190, 13.50
8.650, 0.8200, 13.62
8.660, 0.8210, 14.28
8.670, 0.8220, 13.88
8.680, 0.8230, 12.41
8.690, 0.8240, 14.11
8.700, 0.8250, 11.75
8.710, 0.8260, 15.26
8.720, 0.8270, 14.92
8.730, 0.8280, 14.50
8.740, 0.8290, 13.01
8.750, 0.8300, 13.57
8.760, 0.8310, 13.25
8.770, 0.8320, 14.38
8.780, 0.8330, 12.17
8.790, 0.8340, 13.43
8.800, 0.8350, 13.87
8.810, 0.8360, 13.35
8.820, 0.8370, 14.07
8.830, 0.8380, 13.21
8.840, 0.8390, 13.25
8.850, 0.8400, 13.93
8.860, 0.8410, 13.20
8.870, 0.8420, 14.30
8.880, 0.8430, 14.05
8.890, 0.8440, 13.53
8.900, 0.8450, 12.51
8.910, 0.8460, 13.99
8.920, 0.8470, 14.32
8.930, 0.8480, 14.81
8.940, 0.8490, 14.85
8.950, 0.8500, 14.45
8.960, 0.8510, 12.95
8.970, 0.8520, 13.07
8.980, 0.8530, 13.95
8.990, 0.8540, 14.11
9.000, 0.8550, 13.31
9.010, 0.8560, 13.96
9.020, 0.8570, 14.24
9.030, 0.8580, 12.91
9.040, 0.8590, 13.71
9.050, 0.8600, 12.77
9.060, 0.8610, 13.22
9.070, 0.8620, 13.07
9.080, 0.8630, 13.58
9.090, 0.8640, 13.88
9.100, 0.8650, 14.19
9.110, 0.8660, 13.98
9.120, 0.8670, 14.39
9.130, 0.8680, 13.97
9.140, 0.8690, 11.90
9.150, 0.8700, 12.80
9.160, 0.8710, 13.70
9.170, 0.8720, 13.74
9.180, 0.8730, 15.13
9.190, 0.8740, 14.34
9.200, 0.8750, 13.30
9.210, 0.8760, 13.43
9.220, 0.8770, 14.65
9.230, 0.8780, 13.78
9.240, 0.8790, 13.09
9.250, 0.8800, 13.75
9.260, 0.8810, 14.40
9.270, 0.8820, 14.15
9.280, 0.8830, 13.48
9.290, 0.8840, 13.16
9.300, 0.8850, 14.58
9.310, 0.8860, 12.57
9.320, 0.8870, 12.56
9.330, 0.8880, 13.66
9.340, 0.8890, 12.19
9.350, 0.8900, 13.34
9.360, 0.8910, 13.27
9.370, 0.8920, 14.12
9.380, 0.8930, 12.58
9.390, 0.8940, 14.33
9.400, 0.8950, 13.12
9.410, 0.8960, 13.91
9.420, 0.8970, 12.78
9.430, 0.8980, 12.92
9.440, 0.8990, 13.89
9.450, 0.9000, 14.09
9.460, 0.9010, 13.28
9.470, 0.9020, 13.50
9.480, 0.9030, 13.04
9.490, 0.9040, 14.33
9.500, 0.9050, 13.80
9.510, 0.9060, 12.81
9.520, 0.9070, 14.40
9.530, 0.9080, 13.49
9.540, 0.9090, 14.48
9.550, 0.9100, 14.46
9.560, 0.9110, 14.40
9.570, 0.9120, 14.38
9.580, 0.9130, 15.43
9.590, 0.9140, 13.59
9.600, 0.9150, 14.79
9.610, 0.9160, 14.68
9.620, 0.9170, 13.14
9.630, 0.9180, 15.10
9.640, 0.9190, 14.83
9.650, 0.9200, 14.85
9.660, 0.9210, 13.94
9.670, 0.9220, 13.40
9.680, 0.9230, 13.74
9.690, 0.9240, 13.16
9.700, 0.9250, 15.10
9.710, 0.9260, 14.04
9.720, 0.9270, 13.19
9.730, 0.9280, 13.47
9.740, 0.9290, 14.14
9.750, 0.9300, 13.91
9.760, 0.9310, 14.55
9.770, 0.9320, 14.10
9.780, 0.9330, 13.41
9.790, 0.9340, 14.02
9.800, 0.9350, 12.83
9.810, 0.9360, 13.85
9.820, 0.9370, 13.96
9.830, 0.9380, 14.63
9.840, 0.9390, 13.94
9.850, 0.9400, 13.95
9.860, 0.9410, 13.60
9.870, 0.9420, 12.93
9.880, 0.9430, 14.06
9.890, 0.9440, 15.12
9.900, 0.9450, 13.96
9.910, 0.9460, 12.29
9.920, 0.9470, 13.55
9.930, 0.9480, 15.01
9.940, 0.9490, 14.43
9.950, 0.9500, 14.13
9.960, 0.9510, 14.37
9.970, 0.9520, 14.14
9.980, 0.9530, 13.74
9.990, 0.9540, 15.23
10.00, 0.9550, 13.31
10.01, 0.9560, 13.73
10.02, 0.9570, 14.50
10.03, 0.9580, 13.90
10.04, 0.9590, 14.48
10.05, 0.9600, 15.07
10.06, 0.9610, 15.07
10.07, 0.9620, 13.92
10.08, 0.9630, 13.85
10.09, 0.9640, 14.28
10.10, 0.9650, 13.76
10.11, 0.9660, 13.89
10.12, 0.9670, 15.37
10.13, 0.9680, 12.92
10.14, 0.9690, 14.41
10.15, 0.9700, 13.47
10.16, 0.9710, 13.56
10.17, 0.9720, 15.13
10.18, 0.9730, 14.89
10.19, 0.9740, 13.50
10.20, 0.9750, 15.47
10.21, 0.9760, 13.92
10.22, 0.9770, 14.86
10.23, 0.9780, 16.10
10.24, 0.9790, 13.82
10.25, 0.9800, 14.99
10.26, 0.9810, 13.92
10.27, 0.9820, 13.90
10.28, 0.9830, 13.36
10.29, 0.9840, 14.46
10.30, 0.9850, 15.32
10.31, 0.9860, 13.67
10.32, 0.9870, 14.15
10.33, 0.9880, 15.09
10.34, 0.9890, 13.82
10.35, 0.9900, 14.81
10.36, 0.9910, 16.01
10.37, 0.9920, 14.49
10.38, 0.9930, 14.61
10.39, 0.9940, 13.98
10.40, 0.9950, 15.90
10.41, 0.9960, 15.12
10.42, 0.9970, 14.82
10.43, 0.9980, 15.63
10.44, 0.9990, 15.12
10.45, 1.000, 14.83
10.46, 1.001, 14.49
10.47, 1.002, 14.20
10.48, 1.003, 14.70
10.49, 1.004, 14.76
10.50, 1.005, 15.06
10.51, 1.006, 14.80
10.52, 1.007, 13.70
10.53, 1.008, 14.75
10.54, 1.009, 14.88
10.55, 1.010, 14.84
10.56, 1.011, 15.90
10.57, 1.012, 13.91
10.58, 1.013, 15.39
10.59, 1.014, 15.19
10.60, 1.015, 14.24
10.61, 1.016, 14.62
10.62, 1.017, 15.05
10.63, 1.018, 14.67
10.64, 1.019, 14.53
10.65, 1.020, 14.55
10.66, 1.021, 15.37
10.67, 1.022, 13.92
10.68, 1.023, 14.94
10.69, 1.024, 15.23
10.70, 1.025, 15.26
10.71, 1.026, 14.86
10.72, 1.027, 15.50
10.73, 1.028, 15.19
10.74, 1.029, 14.43
10.75, 1.030, 14.82
10.76, 1.031, 13.95
10.77, 1.032, 15.13
10.78, 1.033, 14.56
10.79, 1.034, 15.70
10.80, 1.035, 14.27
10.81, 1.036, 15.55
10.82, 1.037, 16.05
10.83, 1.038, 14.47
10.84, 1.039, 15.91
10.85, 1.040, 14.72
10.86, 1.041, 16.14
10.87, 1.042, 14.68
10.88, 1.043, 15.11
10.89, 1.044, 16.26
10.90, 1.045, 15.85
10.91, 1.046, 16.97
10.92, 1.047, 15.73
10.93, 1.048, 16.59
10.94, 1.049, 16.91
10.95, 1.050, 16.08
10.96, 1.051, 16.89
10.97, 1.052, 17.31
10.98, 1.053, 15.81
10.99, 1.054, 15.24
11.00, 1.055, 16.53
11.01, 1.056, 16.31
11.02, 1.057, 15.99
11.03, 1.058, 14.88
11.04, 1.059, 14.70
11.05, 1.060, 16.28
11.06, 1.061, 15.57
11.07, 1.062, 16.16
11.08, 1.063, 15.15
11.09, 1.064, 15.68
11.10, 1.065, 15.99
11.11, 1.066, 15.21
11.12, 1.067, 15.97
11.13, 1.068, 15.23
11.14, 1.069, 14.98
11.15, 1.070, 16.06
11.16, 1.071, 15.23
11.17, 1.072, 15.89
11.18, 1.073, 14.90
11.19, 1.074, 16.72
11.20, 1.075, 16.37
11.21, 1.076, 16.94
11.22, 1.077, 16.75
11.23, 1.078, 17.45
11.24, 1.079, 16.70
11.25, 1.080, 17.04
11.26, 1.081, 16.47
11.27, 1.082, 16.98
11.28, 1.083, 16.67
11.29, 1.084, 16.40
11.30, 1.085, 16.22
11.31, 1.086, 17.15
11.32, 1.087, 16.59
11.33, 1.088, 17.81
11.34, 1.089, 16.30
11.35, 1.090, 16.04
11.36, 1.091, 18.42
11.37, 1.092, 16.87
11.38, 1.093, 17.30
11.39, 1.094, 17.10
11.40, 1.095, 16.10
11.41, 1.096, 17.33
11.42, 1.097, 16.76
11.43, 1.098, 17.88
11.44, 1.099, 16.48
11.45, 1.100, 18.19
11.46, 1.101, 16.40
11.47, 1.102, 18.05
11.48, 1.103, 16.64
11.49, 1.104, 16.81
11.50, 1.105, 17.45
11.51, 1.106, 17.96
11.52, 1.107, 17.11
11.53, 1.108, 17.12
11.54, 1.109, 16.45
11.55, 1.110, 15.88
11.56, 1.111, 17.83
11.57, 1.112, 17.67
11.58, 1.113, 18.31
11.59, 1.114, 17.97
11.60, 1.115, 18.63
11.61, 1.116, 17.54
11.62, 1.117, 18.08
11.63, 1.118, 18.60
11.64, 1.119, 18.83
11.65, 1.120, 18.19
11.66, 1.121, 17.05
11.67, 1.122, 18.11
11.68, 1.123, 17.74
11.69, 1.124, 17.65
11.70, 1.125, 17.56
11.71, 1.126, 17.24
11.72, 1.127, 17.29
11.73, 1.128, 18.65
11.74, 1.129, 16.40
11.75, 1.130, 18.10
11.76, 1.131, 17.56
11.77, 1.132, 18.36
11.78, 1.133, 19.44
11.79, 1.134, 18.72
11.80, 1.135, 19.29
11.81, 1.136, 18.62
11.82, 1.137, 18.51
11.83, 1.138, 19.06
11.84, 1.139, 19.13
11.85, 1.140, 18.34
11.86, 1.141, 19.36
11.87, 1.142, 18.54
11.88, 1.143, 18.48
11.89, 1.144, 18.85
11.90, 1.145, 19.24
11.91, 1.146, 18.65
11.92, 1.147, 17.92
11.93, 1.148, 18.16
11.94, 1.149, 18.40
11.95, 1.150, 19.39
11.96, 1.151, 18.95
11.97, 1.152, 20.13
11.98, 1.153, 19.15
11.99, 1.154, 19.30
12.00, 1.155, 19.45
12.01, 1.156, 19.44
12.02, 1.157, 19.60
12.03, 1.158, 18.93
12.04, 1.159, 19.82
12.05, 1.160, 19.82
12.06, 1.161, 19.89
12.07, 1.162, 19.92
12.08, 1.163, 20.26
12.09, 1.164, 20.50
12.10, 1.165, 19.75
12.11, 1.166, 20.45
12.12, 1.167, 21.49
12.13, 1.168, 20.91
12.14, 1.169, 21.47
12.15, 1.170, 19.68
12.16, 1.171, 20.16
12.17, 1.172, 21.31
12.18, 1.173, 20.79
12.19, 1.174, 19.87
12.20, 1.175, 21.42
12.21, 1.176, 20.06
12.22, 1.177, 20.31
12.23, 1.178, 19.04
12.24, 1.179, 20.19
12.25, 1.180, 20.38
12.26, 1.181, 21.00
12.27, 1.182, 21.23
12.28, 1.183, 21.96
12.29, 1.184, 21.80
12.30, 1.185, 21.28
12.31, 1.186, 21.68
12.32, 1.187, 21.33
12.33, 1.188, 22.78
12.34, 1.189, 21.46
12.35, 1.190, 20.83
12.36, 1.191, 21.01
12.37, 1.192, 21.17
12.38, 1.193, 21.58
12.39, 1.194, 20.49
12.40, 1.195, 19.97
12.41, 1.196, 21.12
12.42, 1.197, 22.20
12.43, 1.198, 23.11
12.44, 1.199, 23.34
12.45, 1.200, 23.99
12.46, 1.201, 23.35
12.47, 1.202, 23.70
12.48, 1.203, 24.04
12.49, 1.204, 22.62
12.50, 1.205, 24.01
12.51, 1.206, 21.81
12.52, 1.207, 22.49
12.53, 1.208, 23.40
12.54, 1.209, 23.65
12.55, 1.210, 23.82
12.56, 1.211, 22.73
12.57, 1.212, 23.61
12.58, 1.213, 24.01
12.59, 1.214, 22.86
12.60, 1.215, 23.66
12.61, 1.216, 24.21
12.62, 1.217, 24.59
12.63, 1.218, 23.52
12.64, 1.219, 23.85
12.65, 1.220, 25.49
12.66, 1.221, 25.23
12.67, 1.222, 24.21
12.68, 1.223, 24.91
12.69, 1.224, 25.06
12.70, 1.225, 25.05
12.71, 1.226, 24.28
12.72, 1.227, 25.70
12.73, 1.228, 24.77
12.74, 1.229, 25.94
12.75, 1.230, 26.16
12.76, 1.231, 27.45
12.77, 1.232, 26.23
12.78, 1.233, 26.67
12.79, 1.234, 26.05
12.80, 1.235, 26.47
12.81, 1.236, 27.10
12.82, 1.237, 27.28
12.83, 1.238, 27.07
12.84, 1.239, 27.56
12.85, 1.240, 28.10
12.86, 1.241, 28.60
12.87, 1.242, 27.58
12.88, 1.243, 27.18
12.89, 1.244, 28.54
12.90, 1.245, 28.93
12.91, 1.246, 28.95
12.92, 1.247, 28.58
12.93, 1.248, 29.35
12.94, 1.249, 29.90
12.95, 1.250, 31.03
12.96, 1.251, 28.95
12.97, 1.252, 29.93
12.98, 1.253, 29.70
12.99, 1.254, 29.59
13.00, 1.255, 30.01
13.01, 1.256, 28.94
13.02, 1.257, 29.06
13.03, 1.258, 30.56
13.04, 1.259, 30.26
13.05, 1.260, 31.58
13.06, 1.261, 30.75
13.07, 1.262, 28.93
13.08, 1.263, 31.35
13.09, 1.264, 31.85
13.10, 1.265, 33.00
13.11, 1.266, 33.08
13.12, 1.267, 33.55
13.13, 1.268, 31.73
13.14, 1.269, 32.73
13.15, 1.270, 31.93
13.16, 1.271, 33.01
13.17, 1.272, 32.83
13.18, 1.273, 33.43
13.19, 1.274, 34.43
13.20, 1.275, 33.91
13.21, 1.276, 34.15
13.22, 1.277, 34.63
13.23, 1.278, 35.12
13.24, 1.279, 35.58
13.25, 1.280, 35.03
13.26, 1.281, 35.30
13.27, 1.282, 35.54
13.28, 1.283, 36.58
13.29, 1.284, 36.40
13.30, 1.285, 37.86
13.31, 1.286, 36.63
13.32, 1.287, 38.18
13.33, 1.288, 38.13
13.34, 1.289, 37.24
13.35, 1.290, 38.79
13.36, 1.291, 39.02
13.37, 1.292, 39.39
13.38, 1.293, 38.14
13.39, 1.294, 39.21
13.40, 1.295, 39.51
13.41, 1.296, 41.20
13.42, 1.297, 40.97
13.43, 1.298, 40.75
13.44, 1.299, 41.01
13.45, 1.300, 41.03
13.46, 1.301, 42.23
13.47, 1.302, 40.71
13.48, 1.303, 41.46
13.49, 1.304, 42.42
13.50, 1.305, 41.97
13.51, 1.306, 41.96
13.52, 1.307, 42.38
13.53, 1.308, 43.23
13.54, 1.309, 45.07
13.55, 1.310, 44.30
13.56, 1.311, 45.05
13.57, 1.312, 45.15
13.58, 1.313, 45.75
13.59, 1.314, 45.17
13.60, 1.315, 46.01
13.61, 1.316, 44.54
13.62, 1.317, 44.98
13.63, 1.318, 45.29
13.64, 1.319, 45.50
13.65, 1.320, 46.25
13.66, 1.321, 45.36
13.67, 1.322, 46.06
13.68, 1.323, 46.27
13.69, 1.324, 47.43
13.70, 1.325, 46.58
13.71, 1.326, 48.08
13.72, 1.327, 47.85
13.73, 1.328, 48.05
13.74, 1.329, 49.06
13.75, 1.330, 48.76
13.76, 1.331, 49.71
13.77, 1.332, 49.18
13.78, 1.333, 49.32
13.79, 1.334, 50.24
13.80, 1.335, 50.84
13.81, 1.336, 50.69
13.82, 1.337, 49.71
13.83, 1.338, 50.64
13.84, 1.339, 50.58
13.85, 1.340, 51.76
13.86, 1.341, 51.66
13.87, 1.342, 52.37
13.88, 1.343, 51.13
13.89, 1.344, 52.28
13.90, 1.345, 51.82
13.91, 1.346, 52.35
13.92, 1.347, 52.55
13.93, 1.348, 53.36
13.94, 1.349, 51.82
13.95, 1.350, 54.43
13.96, 1.351, 52.66
13.97, 1.352, 53.37
13.98, 1.353, 53.37
13.99, 1.354, 54.71
14.00, 1.355, 54.53
14.01, 1.356, 53.54
14.02, 1.357, 53.87
14.03, 1.358, 55.06
14.04, 1.359, 54.66
14.05, 1.360, 55.61
14.06, 1.361, 54.08
14.07, 1.362, 55.36
14.08, 1.363, 54.91
14.09, 1.364, 54.45
14.10, 1.365, 54.55
14.11, 1.366, 54.83
14.12, 1.367, 54.69
14.13, 1.368, 56.35
14.14, 1.369, 55.54
14.15, 1.370, 55.41
14.16, 1.371, 54.31
14.17, 1.372, 56.08
14.18, 1.373, 56.37
14.19, 1.374, 57.40
14.20, 1.375, 56.69
14.21, 1.376, 57.01
14.22, 1.377, 55.78
14.23, 1.378, 56.72
14.24, 1.379, 56.85
14.25, 1.380, 56.55
14.26, 1.381, 56.81
14.27, 1.382, 56.71
14.28, 1.383, 56.16
14.29, 1.384, 56.45
14.30, 1.385, 55.73
14.31, 1.386, 56.53
14.32, 1.387, 56.61
14.33, 1.388, 57.33
14.34, 1.389, 56.26
14.35, 1.390, 56.29
14.36, 1.391, 56.55
14.37, 1.392, 56.27
14.38, 1.393, 56.60
14.39, 1.394, 57.33
14.40, 1.395, 56.78
14.41, 1.396, 56.55
14.42, 1.397, 56.23
14.43, 1.398, 54.86
14.44, 1.399, 56.65
14.45, 1.400, 57.52
14.46, 1.401, 56.68
14.47, 1.402, 57.23
14.48, 1.403, 56.69
14.49, 1.404, 56.15
14.50, 1.405, 56.01
14.51, 1.406, 58.42
14.52, 1.407, 57.89
14.53, 1.408, 56.64
14.54, 1.409, 57.04
14.55, 1.410, 56.59
14.56, 1.411, 56.28
14.57, 1.412, 57.18
14.58, 1.413, 57.08
14.59, 1.414, 57.52
14.60, 1.415, 57.02
14.61, 1.416, 57.60
14.62, 1.417, 57.35
14.63, 1.418, 58.17
14.64, 1.419, 57.67
14.65, 1.420, 58.00
14.66, 1.421, 56.90
14.67, 1.422, 58.66
14.68, 1.423, 57.31
14.69, 1.424, 58.01
14.70, 1.425, 57.64
14.71, 1.426, 57.09
14.72, 1.427, 56.66
14.73, 1.428, 57.33
14.74, 1.429, 57.58
14.75, 1.430, 58.45
14.76, 1.431, 57.74
14.77, 1.432, 57.69
14.78, 1.433, 58.07
14.79, 1.434, 56.61
14.80, 1.435, 57.54
14.81, 1.436, 57.03
14.82, 1.437, 57.72
14.83, 1.438, 57.02
14.84, 1.439, 57.21
14.85, 1.440, 57.09
14.86, 1.441, 58.40
14.87, 1.442, 57.48
14.88, 1.443, 57.36
14.89, 1.444, 57.73
14.90, 1.445, 57.51
14.91, 1.446, 57.51
14.92, 1.447, 57.49
14.93, 1.448, 57.61
14.94, 1.449, 58.22
14.95, 1.450, 58.70
14.96, 1.451, 57.91
14.97, 1.452, 55.96
14.98, 1.453, 57.72
14.99, 1.454, 58.63
15.00, 1.455, 57.78
15.01, 1.456, 58.02
15.02, 1.457, 57.72
15.03, 1.458, 57.74
15.04, 1.459, 57.92
15.05, 1.460, 57.26
15.06, 1.461, 57.58
15.07, 1.462, 58.05
15.08, 1.463, 57.92
15.09, 1.464, 57.16
15.10, 1.465, 58.69
15.11, 1.466, 58.36
15.12, 1.467, 56.83
15.13, 1.468, 58.01
15.14, 1.469, 57.73
15.15, 1.470, 56.35
15.16, 1.471, 58.13
15.17, 1.472, 59.06
15.18, 1.473, 58.65
15.19, 1.474, 58.05
15.20, 1.475, 57.42
15.21, 1.476, 58.84
15.22, 1.477, 58.58
15.23, 1.478, 58.39
15.24, 1.479, 57.93
15.25, 1.480, 57.39
15.26, 1.481, 58.51
15.27, 1.482, 58.27
15.28, 1.483, 56.91
15.29, 1.484, 56.69
15.30, 1.485, 58.68
15.31, 1.486, 58.01
15.32, 1.487, 58.48
15.33, 1.488, 59.04
15.34, 1.489, 59.87
15.35, 1.490, 58.84
15.36, 1.491, 59.13
15.37, 1.492, 58.43
15.38, 1.493, 59.00
15.39, 1.494, 58.90
15.40, 1.495, 59.16
15.41, 1.496, 59.13
15.42, 1.497, 59.44
15.43, 1.498, 59.10
15.44, 1.499, 59.77
15.45, 1.500, 59.52
15.46, 1.501, 59.34
15.47, 1.502, 58.93
15.48, 1.503, 60.08
15.49, 1.504, 58.84
15.50, 1.505, 60.13
15.51, 1.506, 60.09
15.52, 1.507, 59.50
15.53, 1.508, 59.42
15.54, 1.509, 60.33
15.55, 1.510, 60.25
15.56, 1.511, 58.03
15.57, 1.512, 60.69
15.58, 1.513, 59.99
15.59, 1.514, 60.88
15.60, 1.515, 59.95
15.61, 1.516, 59.70
15.62, 1.517, 60.29
15.63, 1.518, 61.55
15.64, 1.519, 60.42
15.65, 1.520, 59.61
15.66, 1.521, 59.75
15.67, 1.522, 59.96
15.68, 1.523, 60.45
15.69, 1.524, 60.34
15.70, 1.525, 60.53
15.71, 1.526, 60.43
15.72, 1.527, 60.67
15.73, 1.528, 61.82
15.74, 1.529, 61.82
15.75, 1.530, 60.84
15.76, 1.531, 60.44
15.77, 1.532, 61.21
15.78, 1.533, 61.99
15.79, 1.534, 60.87
15.80, 1.535, 61.63
15.81, 1.536, 61.74
15.82, 1.537, 61.18
15.83, 1.538, 61.42
15.84, 1.539, 61.89
15.85, 1.540, 62.01
15.86, 1.541, 62.77
15.87, 1.542, 61.78
15.88, 1.543, 64.07
15.89, 1.544, 61.51
15.90, 1.545, 64.23
15.91, 1.546, 63.60
15.92, 1.547, 62.61
15.93, 1.548, 61.92
15.94, 1.549, 62.94
15.95, 1.550, 63.20
15.96, 1.551, 62.64
15.97, 1.552, 63.30
15.98, 1.553, 64.82
15.99, 1.554, 63.81
16.00, 1.555, 63.47
16.01, 1.556, 62.63
16.02, 1.557, 63.99
16.03, 1.558, 64.75
16.04, 1.559, 64.79
16.05, 1.560, 63.83
16.06, 1.561, 64.00
16.07, 1.562, 64.48
16.08, 1.563, 64.51
16.09, 1.564, 65.05
16.10, 1.565, 65.18
16.11, 1.566, 64.41
16.12, 1.567, 65.89
16.13, 1.568, 65.38
16.14, 1.569, 67.15
16.15, 1.570, 65.41
16.16, 1.571, 64.52
16.17, 1.572, 65.80
16.18, 1.573, 66.46
16.19, 1.574, 67.07
16.20, 1.575, 65.96
16.21, 1.576, 65.80
16.22, 1.577, 65.88
16.23, 1.578, 65.28
16.24, 1.579, 66.31
16.25, 1.580, 66.14
16.26, 1.581, 66.95
16.27, 1.582, 68.47
16.28, 1.583, 67.73
16.29, 1.584, 66.83
16.30, 1.585, 67.61
16.31, 1.586, 67.74
16.32, 1.587, 67.78
16.33, 1.588, 67.16
16.34, 1.589, 68.25
16.35, 1.590, 66.99
16.36, 1.591, 67.55
16.37, 1.592, 67.95
16.38, 1.593, 68.20
16.39, 1.594, 68.04
16.40, 1.595, 67.92
16.41, 1.596, 68.79
16.42, 1.597, 69.97
16.43, 1.598, 68.94
16.44, 1.599, 68.20
16.45, 1.600, 69.34
16.46, 1.601, 67.96
16.47, 1.602, 69.49
16.48, 1.603, 69.43
16.49, 1.604, 69.37
16.50, 1.605, 69.01
16.51, 1.606, 69.60
16.52, 1.607, 71.13
16.53, 1.608, 70.50
16.54, 1.609, 70.82
16.55, 1.610, 70.59
16.56, 1.611, 71.16
16.57, 1.612, 71.12
16.58, 1.613, 70.12
16.59, 1.614, 69.86
16.60, 1.615, 70.52
16.61, 1.616, 70.85
16.62, 1.617, 70.86
16.63, 1.618, 71.74
16.64, 1.619, 71.24
16.65, 1.620, 72.47
16.66, 1.621, 70.79
16.67, 1.622, 73.04
16.68, 1.623, 72.08
16.69, 1.624, 72.67
16.70, 1.625, 71.84
16.71, 1.626, 72.06
16.72, 1.627, 70.84
16.73, 1.628, 71.98
16.74, 1.629, 71.45
16.75, 1.630, 72.47
16.76, 1.631, 74.04
16.77, 1.632, 73.44
16.78, 1.633, 74.53
16.79, 1.634, 74.17
16.80, 1.635, 74.61
16.81, 1.636, 74.13
16.82, 1.637, 74.76
16.83, 1.638, 72.29
16.84, 1.639, 73.44
16.85, 1.640, 73.73
16.86, 1.641, 75.55
16.87, 1.642, 74.60
16.88, 1.643, 74.49
16.89, 1.644, 76.15
16.90, 1.645, 77.80
16.91, 1.646, 76.13
16.92, 1.647, 79.02
16.93, 1.648, 78.77
16.94, 1.649, 80.17
16.95, 1.650, 79.07
16.96, 1.651, 80.21
16.97, 1.652, 79.93
16.98, 1.653, 81.09
16.99, 1.654, 80.87
17.00, 1.655, 80.85
17.01, 1.656, 81.65
17.02, 1.657, 82.02
17.03, 1.658, 81.76
17.04, 1.659, 82.65
17.05, 1.660, 82.72
17.06, 1.661, 83.10
17.07, 1.662, 82.36
17.08, 1.663, 83.41
17.09, 1.664, 81.51
17.10, 1.665, 82.17
17.11, 1.666, 83.89
17.12, 1.667, 83.12
17.13, 1.668, 84.58
17.14, 1.669, 83.81
17.15, 1.670, 84.40
17.16, 1.671, 84.29
17.17, 1.672, 84.76
17.18, 1.673, 84.02
17.19, 1.674, 85.30
17.20, 1.675, 85.63
17.21, 1.676, 85.51
17.22, 1.677, 84.51
17.23, 1.678, 84.74
17.24, 1.679, 87.81
17.25, 1.680, 86.34
17.26, 1.681, 86.82
17.27, 1.682, 87.28
17.28, 1.683, 88.82
17.29, 1.684, 88.96
17.30, 1.685, 89.42
17.31, 1.686, 86.86
17.32, 1.687, 89.27
17.33, 1.688, 88.77
17.34, 1.689, 89.74
17.35, 1.690, 88.61
17.36, 1.691, 89.92
17.37, 1.692, 89.57
17.38, 1.693, 90.18
17.39, 1.694, 91.42
17.40, 1.695, 90.75
17.41, 1.696, 91.94
17.42, 1.697, 92.50
17.43, 1.698, 94.44
17.44, 1.699, 93.60
17.45, 1.700, 94.23
17.46, 1.701, 94.59
17.47, 1.702, 93.73
17.48, 1.703, 95.65
17.49, 1.704, 95.48
17.50, 1.705, 95.14
17.51, 1.706, 95.01
17.52, 1.707, 95.25
17.53, 1.708, 96.73
17.54, 1.709, 95.48
17.55, 1.710, 98.71
17.56, 1.711, 98.30
17.57, 1.712, 98.92
17.58, 1.713, 99.50
17.59, 1.714, 100.5
17.60, 1.715, 99.37
17.61, 1.716, 100.3
17.62, 1.717, 98.93
17.63, 1.718, 100.0
17.64, 1.719, 99.64
17.65, 1.720, 102.6
17.66, 1.721, 101.6
17.67, 1.722, 101.5
17.68, 1.723, 101.9
17.69, 1.724, 102.9
17.70, 1.725, 103.0
17.71, 1.726, 103.7
17.72, 1.727, 105.1
17.73, 1.728, 104.5
17.74, 1.729, 104.8
17.75, 1.730, 105.5
17.76, 1.731, 104.0
17.77, 1.732, 105.2
17.78, 1.733, 105.1
17.79, 1.734, 107.9
17.80, 1.735, 107.4
17.81, 1.736, 108.4
17.82, 1.737, 107.5
17.83, 1.738, 108.5
17.84, 1.739, 110.2
17.85, 1.740, 109.6
17.86, 1.741, 109.4
17.87, 1.742, 110.6
17.88, 1.743, 110.9
17.89, 1.744, 110.1
17.90, 1.745, 110.8
17.91, 1.746, 111.5
17.92, 1.747, 113.0
17.93, 1.748, 113.0
17.94, 1.749, 114.3
17.95, 1.750, 114.9
17.96, 1.751, 114.9
17.97, 1.752, 115.2
17.98, 1.753, 116.0
17.99, 1.754, 116.4
18.00, 1.755, 115.6
18.01, 1.756, 116.9
18.02, 1.757, 117.8
18.03, 1.758, 117.5
18.04, 1.759, 118.7
18.05, 1.760, 119.6
18.06, 1.761, 118.6
18.07, 1.762, 119.5
18.08, 1.763, 121.7
18.09, 1.764, 121.1
18.10, 1.765, 122.0
18.11, 1.766, 122.5
18.12, 1.767, 122.2
18.13, 1.768, 123.7
18.14, 1.769, 123.8
18.15, 1.770, 124.1
18.16, 1.771, 124.4
18.17, 1.772, 126.8
18.18, 1.773, 126.8
18.19, 1.774, 126.6
18.20, 1.775, 127.2
18.21, 1.776, 130.0
18.22, 1.777, 128.5
18.23, 1.778, 130.0
18.24, 1.779, 131.5
18.25, 1.780, 131.2
18.26, 1.781, 131.3
18.27, 1.782, 133.1
18.28, 1.783, 133.2
18.29, 1.784, 131.9
18.30, 1.785, 134.2
18.31, 1.786, 134.9
18.32, 1.787, 135.4
18.33, 1.788, 135.9
18.34, 1.789, 136.2
18.35, 1.790, 138.4
18.36, 1.791, 137.7
18.37, 1.792, 139.8
18.38, 1.793, 142.0
18.39, 1.794, 139.4
18.40, 1.795, 140.1
18.41, 1.796, 140.7
18.42, 1.797, 142.7
18.43, 1.798, 142.7
18.44, 1.799, 143.6
18.45, 1.800, 144.8
18.46, 1.801, 144.8
18.47, 1.802, 146.3
18.48, 1.803, 146.4
18.49, 1.804, 148.2
18.50, 1.805, 149.6
18.51, 1.806, 149.9
18.52, 1.807, 150.8
18.53, 1.808, 151.3
18.54, 1.809, 151.8
18.55, 1.810, 152.5
18.56, 1.811, 153.5
18.57, 1.812, 152.7
18.58, 1.813, 153.8
18.59, 1.814, 152.7
18.60, 1.815, 154.4
18.61, 1.816, 156.9
18.62, 1.817, 156.4
18.63, 1.818, 158.4
18.64, 1.819, 159.3
18.65, 1.820, 159.9
18.66, 1.821, 160.7
18.67, 1.822, 160.6
18.68, 1.823, 160.9
18.69, 1.824, 163.0
18.70, 1.825, 163.3
18.71, 1.826, 164.3
18.72, 1.827, 165.5
18.73, 1.828, 165.7
18.74, 1.829, 167.1
18.75, 1.830, 167.8
18.76, 1.831, 167.7
18.77, 1.832, 169.6
18.78, 1.833, 169.6
18.79, 1.834, 170.4
18.80, 1.835, 170.0
18.81, 1.836, 171.7
18.82, 1.837, 173.3
18.83, 1.838, 173.8
18.84, 1.839, 175.4
18.85, 1.840, 176.4
18.86, 1.841, 178.2
18.87, 1.842, 179.0
18.88, 1.843, 179.2
18.89, 1.844, 180.6
18.90, 1.845, 180.3
18.91, 1.846, 180.8
18.92, 1.847, 182.3
18.93, 1.848, 184.6
18.94, 1.849, 185.2
18.95, 1.850, 186.5
18.96, 1.851, 185.9
18.97, 1.852, 187.3
18.98, 1.853, 189.7
18.99, 1.854, 190.0
19.00, 1.855, 190.9
19.01, 1.856, 191.0
19.02, 1.857, 193.0
19.03, 1.858, 196.0
19.04, 1.859, 194.2
19.05, 1.860, 195.6
19.06, 1.861, 196.5
19.07, 1.862, 196.7
19.08, 1.863, 198.6
19.09, 1.864, 199.4
19.10, 1.865, 201.4
19.11, 1.866, 199.0
19.12, 1.867, 202.9
19.13, 1.868, 204.1
19.14, 1.869, 205.9
19.15, 1.870, 207.4
19.16, 1.871, 208.5
19.17, 1.872, 210.3
19.18, 1.873, 208.1
19.19, 1.874, 209.5
19.20, 1.875, 211.5
19.21, 1.876, 214.4
19.22, 1.877, 212.9
19.23, 1.878, 214.6
19.24, 1.879, 216.9
19.25, 1.880, 217.0
19.26, 1.881, 218.7
19.27, 1.882, 221.1
19.28, 1.883, 219.2
19.29, 1.884, 221.7
19.30, 1.885, 223.4
19.31, 1.886, 224.1
19.32, 1.887, 225.8
19.33, 1.888, 227.2
19.34, 1.889, 229.3
19.35, 1.890, 230.2
19.36, 1.891, 231.2
19.37, 1.892, 231.0
19.38, 1.893, 233.2
19.39, 1.894, 233.8
19.40, 1.895, 236.2
19.41, 1.896, 234.4
19.42, 1.897, 236.2
19.43, 1.898, 239.6
19.44, 1.899, 240.7
19.45, 1.900, 241.2
19.46, 1.901, 241.5
19.47, 1.902, 244.1
19.48, 1.903, 245.8
19.49, 1.904, 246.7
19.50, 1.905, 246.9
19.51, 1.906, 249.3
19.52, 1.907, 249.3
19.53, 1.908, 250.7
19.54, 1.909, 254.1
19.55, 1.910, 254.3
19.56, 1.911, 257.5
19.57, 1.912, 258.2
19.58, 1.913, 260.0
19.59, 1.914, 259.7
19.60, 1.915, 261.5
19.61, 1.916, 263.1
19.62, 1.917, 261.8
19.63, 1.918, 265.5
19.64, 1.919, 267.4
19.65, 1.920, 269.3
19.66, 1.921, 270.8
19.67, 1.922, 271.5
19.68, 1.923, 272.4
19.69, 1.924, 274.2
19.70, 1.925, 276.9
19.71, 1.926, 277.1
19.72, 1.927, 278.2
19.73, 1.928, 280.5
19.74, 1.929, 282.4
19.75, 1.930, 283.1
19.76, 1.931, 285.1
19.77, 1.932, 285.8
19.78, 1.933, 288.5
19.79, 1.934, 287.6
19.80, 1.935, 290.5
19.81, 1.936, 291.1
19.82, 1.937, 292.2
19.83, 1.938, 294.2
19.84, 1.939, 295.3
19.85, 1.940, 299.6
19.86, 1.941, 299.2
19.87, 1.942, 300.8
19.88, 1.943, 300.8
19.89, 1.944, 301.9
19.90, 1.945, 303.5
19.91, 1.946, 305.4
19.92, 1.947, 308.4
19.93, 1.948, 308.4
19.94, 1.949, 311.3
19.95, 1.950, 312.7
19.96, 1.951, 316.2
19.97, 1.952, 315.6
19.98, 1.953, 317.6
19.99, 1.954, 320.3
20.00, 1.955, 320.2
20.01, 1.956, 324.2
20.02, 1.957, 323.2
20.03, 1.958, 325.6
20.04, 1.959, 327.7
20.05, 1.960, 328.3
20.06, 1.961, 329.4
20.07, 1.962, 331.8
20.08, 1.963, 332.0
20.09, 1.964, 335.2
20.10, 1.965, 337.1
20.11, 1.966, 341.5
20.12, 1.967, 340.0
20.13, 1.968, 343.6
20.14, 1.969, 344.3
20.15, 1.970, 345.7
20.16, 1.971, 348.3
20.17, 1.972, 350.5
20.18, 1.973, 352.0
20.19, 1.974, 353.0
20.20, 1.975, 353.8
20.21, 1.976, 355.8
20.22, 1.977, 357.3
20.23, 1.978, 360.1
20.24, 1.979, 360.7
20.25, 1.980, 362.7
20.26, 1.981, 362.0
20.27, 1.982, 365.5
20.28, 1.983, 363.8
20.29, 1.984, 367.5
20.30, 1.985, 366.7
20.31, 1.986, 368.3
20.32, 1.987, 368.7
20.33, 1.988, 367.8
20.34, 1.989, 368.4
20.35, 1.990, 368.8
20.36, 1.991, 370.0
20.37, 1.992, 371.7
20.38, 1.993, 370.9
20.39, 1.994, 372.4
20.40, 1.995, 371.5
20.41, 1.996, 372.2
20.42, 1.997, 373.1
20.43, 1.998, 373.0
20.44, 1.999, 373.3
20.45, 2.000, 373.1
20.46, 1.999, 375.0
20.47, 1.998, 375.7
20.48, 1.997, 375.7
20.49, 1.996, 376.8
20.50, 1.995, 378.1
20.51, 1.994, 379.4
20.52, 1.993, 379.1
20.53, 1.992, 380.2
20.54, 1.991, 379.5
20.55, 1.990, 379.8
20.56, 1.989, 379.6
20.57, 1.988, 381.5
20.58, 1.987, 381.5
20.59, 1.986, 381.6
20.60, 1.985, 382.1
20.61, 1.984, 383.2
20.62, 1.983, 382.7
20.63, 1.982, 383.7
20.64, 1.981, 383.5
20.65, 1.980, 383.7
20.66, 1.979, 382.3
20.67, 1.978, 382.2
20.68, 1.977, 381.8
20.69, 1.976, 380.0
20.70, 1.975, 379.7
20.71, 1.974, 377.3
20.72, 1.973, 378.5
20.73, 1.972, 376.3
20.74, 1.971, 377.8
20.75, 1.970, 375.9
20.76, 1.969, 374.4
20.77, 1.968, 374.5
20.78, 1.967, 373.3
20.79, 1.966, 372.5
20.80, 1.965, 371.5
20.81, 1.964, 370.1
20.82, 1.963, 368.6
20.83, 1.962, 367.6
20.84, 1.961, 367.5
20.85, 1.960, 365.4
20.86, 1.959, 365.1
20.87, 1.958, 366.0
20.88, 1.957, 364.9
20.89, 1.956, 363.4
20.90, 1.955, 362.4
20.91, 1.954, 360.9
20.92, 1.953, 361.2
20.93, 1.952, 358.3
20.94, 1.951, 359.5
20.95, 1.950, 357.5
20.96, 1.949, 354.1
20.97, 1.948, 355.4
20.98, 1.947, 355.0
20.99, 1.946, 351.2
21.00, 1.945, 351.9
21.01, 1.944, 351.3
21.02, 1.943, 350.6
21.03, 1.942, 349.9
21.04, 1.941, 349.8
21.05, 1.940, 348.7
21.06, 1.939, 346.8
21.07, 1.938, 347.4
21.08, 1.937, 345.5
21.09, 1.936, 345.1
21.10, 1.935, 343.0
21.11, 1.934, 343.6
21.12, 1.933, 343.0
21.13, 1.932, 341.3
21.14, 1.931, 339.8
21.15, 1.930, 341.1
21.16, 1.929, 339.5
21.17, 1.928, 336.6
21.18, 1.927, 337.1
21.19, 1.926, 336.6
21.20, 1.925, 335.7
21.21, 1.924, 335.0
21.22, 1.923, 333.6
21.23, 1.922, 332.9
21.24, 1.921, 331.2
21.25, 1.920, 330.8
21.26, 1.919, 331.1
21.27, 1.918, 329.5
21.28, 1.917, 327.7
21.29, 1.916, 324.9
21.30, 1.915, 326.2
21.31, 1.914, 325.8
21.32, 1.913, 324.7
21.33, 1.912, 323.3
21.34, 1.911, 322.7
21.35, 1.910, 320.3
21.36, 1.909, 320.5
21.37, 1.908, 318.8
21.38, 1.907, 319.1
21.39, 1.906, 317.1
21.40, 1.905, 316.4
21.41, 1.904, 314.6
21.42, 1.903, 314.1
21.43, 1.902, 312.3
21.44, 1.901, 310.3
21.45, 1.900, 310.7
21.46, 1.899, 309.2
21.47, 1.898, 310.6
21.48, 1.897, 308.8
21.49, 1.896, 308.7
21.50, 1.895, 307.9
21.51, 1.894, 306.5
21.52, 1.893, 305.9
21.53, 1.892, 304.5
21.54, 1.891, 302.6
21.55, 1.890, 301.6
21.56, 1.889, 301.2
21.57, 1.888, 298.9
21.58, 1.887, 298.0
21.59, 1.886, 297.8
21.60, 1.885, 296.1
21.61, 1.884, 295.4
21.62, 1.883, 297.3
21.63, 1.882, 296.0
21.64, 1.881, 296.1
21.65, 1.880, 295.9
21.66, 1.879, 291.7
21.67, 1.878, 292.1
21.68, 1.877, 291.2
21.69, 1.876, 289.8
21.70, 1.875, 289.5
21.71, 1.874, 289.8
21.72, 1.873, 288.7
21.73, 1.872, 286.7
21.74, 1.871, 285.5
21.75, 1.870, 283.3
21.76, 1.869, 283.1
21.77, 1.868, 281.8
21.78, 1.867, 281.7
21.79, 1.866, 279.0
21.80, 1.865, 277.7
21.81, 1.864, 278.5
21.82, 1.863, 277.4
21.83, 1.862, 276.0
21.84, 1.861, 276.4
21.85, 1.860, 276.5
21.86, 1.859, 273.6
21.87, 1.858, 274.6
21.88, 1.857, 274.8
21.89, 1.856, 271.9
21.90, 1.855, 271.7
21.91, 1.854, 270.2
21.92, 1.853, 268.6
21.93, 1.852, 268.1
21.94, 1.851, 265.9
21.95, 1.850, 265.4
21.96, 1.849, 265.0
21.97, 1.848, 265.2
21.98, 1.847, 263.0
21.99, 1.846, 262.8
22.00, 1.845, 260.1
22.01, 1.844, 260.2
22.02, 1.843, 260.2
22.03, 1.842, 259.2
22.04, 1.841, 258.0
22.05, 1.840, 258.7
22.06, 1.839, 257.9
22.07, 1.838, 256.5
22.08, 1.837, 255.4
22.09, 1.836, 253.8
22.10, 1.835, 252.9
22.11, 1.834, 253.2
22.12, 1.833, 250.0
22.13, 1.832, 249.5
22.14, 1.831, 247.4
22.15, 1.830, 247.4
22.16, 1.829, 246.8
22.17, 1.828, 244.9
22.18, 1.827, 244.1
22.19, 1.826, 243.8
22.20, 1.825, 242.2
22.21, 1.824, 242.0
22.22, 1.823, 240.3
22.23, 1.822, 240.4
22.24, 1.821, 237.4
22.25, 1.820, 236.7
22.26, 1.819, 236.2
22.27, 1.818, 236.5
22.28, 1.817, 235.7
22.29, 1.816, 234.4
22.30, 1.815, 233.9
22.31, 1.814, 232.1
22.32, 1.813, 232.9
22.33, 1.812, 232.1
22.34, 1.811, 229.1
22.35, 1.810, 230.5
22.36, 1.809, 229.4
22.37, 1.808, 228.2
22.38, 1.807, 228.5
22.39, 1.806, 227.4
22.40, 1.805, 226.4
22.41, 1.804, 224.1
22.42, 1.803, 224.3
22.43, 1.802, 222.8
22.44, 1.801, 223.0
22.45, 1.800, 221.6
22.46, 1.799, 219.9
22.47, 1.798, 219.9
22.48, 1.797, 219.3
22.49, 1.796, 216.9
22.50, 1.795, 216.6
22.51, 1.794, 215.9
22.52, 1.793, 215.0
22.53, 1.792, 213.2
22.54, 1.791, 213.8
22.55, 1.790, 212.8
22.56, 1.789, 212.3
22.57, 1.788, 209.6
22.58, 1.787, 209.5
22.59, 1.786, 209.3
22.60, 1.785, 207.7
22.61, 1.784, 206.5
22.62, 1.783, 205.5
22.63, 1.782, 205.2
22.64, 1.781, 204.7
22.65, 1.780, 202.5
22.66, 1.779, 202.8
22.67, 1.778, 202.0
22.68, 1.777, 202.3
22.69, 1.776, 198.6
22.70, 1.775, 198.6
22.71, 1.774, 199.1
22.72, 1.773, 196.7
22.73, 1.772, 196.3
22.74, 1.771, 196.2
22.75, 1.770, 195.9
22.76, 1.769, 192.9
22.77, 1.768, 193.1
22.78, 1.767, 192.2
22.79, 1.766, 192.2
22.80, 1.765, 189.3
22.81, 1.764, 189.0
22.82, 1.763, 188.6
22.83, 1.762, 188.0
22.84, 1.761, 186.6
22.85, 1.760, 187.9
22.86, 1.759, 185.6
22.87, 1.758, 186.1
22.88, 1.757, 185.2
22.89, 1.756, 183.7
22.90, 1.755, 182.4
22.91, 1.754, 181.7
22.92, 1.753, 180.2
22.93, 1.752, 180.9
22.94, 1.751, 178.1
22.95, 1.750, 179.2
22.96, 1.749, 179.0
22.97, 1.748, 179.6
22.98, 1.747, 176.7
22.99, 1.746, 175.3
23.00, 1.745, 174.6
23.01, 1.744, 174.6
23.02, 1.743, 173.6
23.03, 1.742, 173.4
23.04, 1.741, 171.9
23.05, 1.740, 170.0
23.06, 1.739, 169.2
23.07, 1.738, 167.7
23.08, 1.737, 167.1
23.09, 1.736, 165.5
23.10, 1.735, 167.1
23.11, 1.734, 164.2
23.12, 1.733, 164.0
23.13, 1.732, 164.0
23.14, 1.731, 164.5
23.15, 1.730, 162.4
23.16, 1.729, 160.0
23.17, 1.728, 161.0
23.18, 1.727, 159.3
23.19, 1.726, 159.1
23.20, 1.725, 159.0
23.21, 1.724, 159.6
23.22, 1.723, 157.5
23.23, 1.722, 155.4
23.24, 1.721, 155.2
23.25, 1.720, 155.6
23.26, 1.719, 156.3
23.27, 1.718, 154.0
23.28, 1.717, 152.1
23.29, 1.716, 150.2
23.30, 1.715, 152.6
23.31, 1.714, 150.8
23.32, 1.713, 148.9
23.33, 1.712, 148.8
23.34, 1.711, 148.2
23.35, 1.710, 146.7
23.36, 1.709, 147.1
23.37, 1.708, 144.7
23.38, 1.707, 145.1
23.39, 1.706, 143.3
23.40, 1.705, 143.8
23.41, 1.704, 142.8
23.42, 1.703, 142.2
23.43, 1.702, 142.1
23.44, 1.701, 141.7
23.45, 1.700, 141.0
23.46, 1.699, 139.3
23.47, 1.698, 137.3
23.48, 1.697, 136.4
23.49, 1.696, 134.3
23.50, 1.695, 135.2
23.51, 1.694, 134.8
23.52, 1.693, 135.2
23.53, 1.692, 130.3
23.54, 1.691, 131.8
23.55, 1.690, 130.4
23.56, 1.689, 130.9
23.57, 1.688, 132.0
23.58, 1.687, 131.7
23.59, 1.686, 130.8
23.60, 1.685, 130.2
23.61, 1.684, 128.2
23.62, 1.683, 128.1
23.63, 1.682, 126.8
23.64, 1.681, 127.7
23.65, 1.680, 124.8
23.66, 1.679, 123.4
23.67, 1.678, 124.9
23.68, 1.677, 124.3
23.69, 1.676, 121.4
23.70, 1.675, 120.9
23.71, 1.674, 120.1
23.72, 1.673, 120.7
23.73, 1.672, 119.8
23.74, 1.671, 118.0
23.75, 1.670, 119.3
23.76, 1.669, 119.5
23.77, 1.668, 117.1
23.78, 1.667, 114.6
23.79, 1.666, 117.5
23.80, 1.665, 116.4
23.81, 1.664, 115.6
23.82, 1.663, 116.1
23.83, 1.662, 113.1
23.84, 1.661, 113.2
23.85, 1.660, 112.2
23.86, 1.659, 110.7
23.87, 1.658, 110.8
23.88, 1.657, 109.9
23.89, 1.656, 108.4
23.90, 1.655, 107.4
23.91, 1.654, 106.9
23.92, 1.653, 106.2
23.93, 1.652, 107.3
23.94, 1.651, 106.2
23.95, 1.650, 105.6
23.96, 1.649, 103.7
23.97, 1.648, 102.5
23.98, 1.647, 103.2
23.99, 1.646, 100.8
24.00, 1.645, 104.1
24.01, 1.644, 100.3
24.02, 1.643, 102.4
24.03, 1.642, 100.5
24.04, 1.641, 101.4
24.05, 1.640, 100.2
24.06, 1.639, 99.66
24.07, 1.638, 99.42
24.08, 1.637, 99.85
24.09, 1.636, 96.76
24.10, 1.635, 96.01
24.11, 1.634, 96.90
24.12, 1.633, 94.39
24.13, 1.632, 95.92
24.14, 1.631, 94.21
24.15, 1.630, 92.55
24.16, 1.629, 91.80
24.17, 1.628, 92.25
24.18, 1.627, 91.26
24.19, 1.626, 92.55
24.20, 1.625, 94.14
24.21, 1.624, 91.34
24.22, 1.623, 91.34
24.23, 1.622, 91.72
24.24, 1.621, 91.02
24.25, 1.620, 89.67
24.26, 1.619, 87.59
24.27, 1.618, 88.01
24.28, 1.617, 87.04
24.29, 1.616, 86.08
24.30, 1.615, 83.98
24.31, 1.614, 84.37
24.32, 1.613, 84.14
24.33, 1.612, 83.09
24.34, 1.611, 84.26
24.35, 1.610, 84.39
24.36, 1.609, 83.30
24.37, 1.608, 81.65
24.38, 1.607, 82.36
24.39, 1.606, 82.32
24.40, 1.605, 80.14
24.41, 1.604, 81.19
24.42, 1.603, 78.80
24.43, 1.602, 79.35
24.44, 1.601, 78.44
24.45, 1.600, 77.89
24.46, 1.599, 78.43
24.47, 1.598, 76.19
24.48, 1.597, 76.71
24.49, 1.596, 75.92
24.50, 1.595, 73.45
24.51, 1.594, 76.21
24.52, 1.593, 75.80
24.53, 1.592, 74.96
24.54, 1.591, 74.07
24.55, 1.590, 72.83
24.56, 1.589, 73.81
24.57, 1.588, 73.06
24.58, 1.587, 72.13
24.59, 1.586, 72.77
24.60, 1.585, 71.99
24.61, 1.584, 72.61
24.62, 1.583, 71.98
24.63, 1.582, 71.79
24.64, 1.581, 70.89
24.65, 1.580, 70.43
24.66, 1.579, 69.52
24.67, 1.578, 68.18
24.68, 1.577, 67.05
24.69, 1.576, 67.04
24.70, 1.575, 66.59
24.71, 1.574, 66.22
24.72, 1.573, 64.85
24.73, 1.572, 63.86
24.74, 1.571, 64.46
24.75, 1.570, 63.60
24.76, 1.569, 63.85
24.77, 1.568, 62.76
24.78, 1.567, 63.05
24.79, 1.566, 63.68
24.80, 1.565, 64.37
24.81, 1.564, 61.19
24.82, 1.563, 63.58
24.83, 1.562, 62.83
24.84, 1.561, 61.84
24.85, 1.560, 62.38
24.86, 1.559, 60.04
24.87, 1.558, 60.28
24.88, 1.557, 60.74
24.89, 1.556, 59.02
24.90, 1.555, 59.57
24.91, 1.554, 57.93
24.92, 1.553, 59.10
24.93, 1.552, 57.65
24.94, 1.551, 58.08
24.95, 1.550, 56.84
24.96, 1.549, 56.97
24.97, 1.548, 57.92
24.98, 1.547, 56.74
24.99, 1.546, 56.38
25.00, 1.545, 55.98
25.01, 1.544, 57.05
25.02, 1.543, 54.56
25.03, 1.542, 55.03
25.04, 1.541, 54.41
25.05, 1.540, 53.83
25.06, 1.539, 54.43
25.07, 1.538, 52.90
25.08, 1.537, 52.61
25.09, 1.536, 51.58
25.10, 1.535, 52.05
25.11, 1.534, 53.68
25.12, 1.533, 51.69
25.13, 1.532, 49.84
25.14, 1.531, 51.79
25.15, 1.530, 49.44
25.16, 1.529, 49.63
25.17, 1.528, 50.91
25.18, 1.527, 49.02
25.19, 1.526, 47.64
25.20, 1.525, 48.43
25.21, 1.524, 49.11
25.22, 1.523, 47.58
25.23, 1.522, 46.99
25.24, 1.521, 46.49
25.25, 1.520, 46.90
25.26, 1.519, 46.63
25.27, 1.518, 46.01
25.28, 1.517, 45.99
25.29, 1.516, 46.65
25.30, 1.515, 45.11
25.31, 1.514, 44.68
25.32, 1.513, 46.30
25.33, 1.512, 44.48
25.34, 1.511, 43.20
25.35, 1.510, 44.59
25.36, 1.509, 42.40
25.37, 1.508, 43.99
25.38, 1.507, 42.62
25.39, 1.506, 42.07
25.40, 1.505, 43.49
25.41, 1.504, 43.56
25.42, 1.503, 41.33
25.43, 1.502, 41.37
25.44, 1.501, 42.61
25.45, 1.500, 43.01
25.46, 1.499, 42.14
25.47, 1.498, 40.55
25.48, 1.497, 40.56
25.49, 1.496, 39.38
25.50, 1.495, 41.72
25.51, 1.494, 40.32
25.52, 1.493, 40.49
25.53, 1.492, 39.37
25.54, 1.491, 40.04
25.55, 1.490, 39.14
25.56, 1.489, 38.82
25.57, 1.488, 39.35
25.58, 1.487, 38.79
25.59, 1.486, 37.50
25.60, 1.485, 37.28
25.61, 1.484, 36.91
25.62, 1.483, 36.33
25.63, 1.482, 35.64
25.64, 1.481, 35.84
25.65, 1.480, 36.72
25.66, 1.479, 35.17
25.67, 1.478, 35.92
25.68, 1.477, 35.51
25.69, 1.476, 34.80
25.70, 1.475, 33.22
25.71, 1.474, 33.79
25.72, 1.473, 34.99
25.73, 1.472, 34.62
25.74, 1.471, 33.40
25.75, 1.470, 32.61
25.76, 1.469, 32.86
25.77, 1.468, 32.90
25.78, 1.467, 33.56
25.79, 1.466, 31.89
25.80, 1.465, 34.02
25.81, 1.464, 32.88
25.82, 1.463, 33.13
25.83, 1.462, 33.17
25.84, 1.461, 32.48
25.85, 1.460, 31.49
25.86, 1.459, 31.84
25.87, 1.458, 31.35
25.88, 1.457, 31.36
25.89, 1.456, 33.22
25.90, 1.455, 32.30
25.91, 1.454, 31.26
25.92, 1.453, 32.00
25.93, 1.452, 31.19
25.94, 1.451, 30.32
25.95, 1.450, 31.17
25.96, 1.449, 28.38
25.97, 1.448, 30.45
25.98, 1.447, 28.22
25.99, 1.446, 28.09
26.00, 1.445, 26.93
26.01, 1.444, 27.28
26.02, 1.443, 28.01
26.03, 1.442, 28.07
26.04, 1.441, 28.54
26.05, 1.440, 27.95
26.06, 1.439, 27.11
26.07, 1.438, 28.22
26.08, 1.437, 26.22
26.09, 1.436, 25.41
26.10, 1.435, 27.20
26.11, 1.434, 25.72
26.12, 1.433, 27.54
26.13, 1.432, 24.72
26.14, 1.431, 25.10
26.15, 1.430, 24.58
26.16, 1.429, 24.49
26.17, 1.428, 25.58
26.18, 1.427, 26.46
26.19, 1.426, 25.34
26.20, 1.425, 24.67
26.21, 1.424, 26.51
26.22, 1.423, 23.98
26.23, 1.422, 23.22
26.24, 1.421, 24.05
26.25, 1.420, 24.28
26.26, 1.419, 26.02
26.27, 1.418, 23.56
26.28, 1.417, 22.99
26.29, 1.416, 24.68
26.30, 1.415, 25.32
26.31, 1.414, 24.58
26.32, 1.413, 24.05
26.33, 1.412, 23.01
26.34, 1.411, 23.46
26.35, 1.410, 23.58
26.36, 1.409, 24.03
26.37, 1.408, 23.89
26.38, 1.407, 23.09
26.39, 1.406, 22.45
26.40, 1.405, 23.18
26.41, 1.404, 23.88
26.42, 1.403, 22.40
26.43, 1.402, 22.63
26.44, 1.401, 22.87
26.45, 1.400, 22.36
26.46, 1.399, 20.66
26.47, 1.398, 21.78
26.48, 1.397, 19.18
26.49, 1.396, 19.28
26.50, 1.395, 19.48
26.51, 1.394, 22.42
26.52, 1.393, 21.70
26.53, 1.392, 19.83
26.54, 1.391, 20.24
26.55, 1.390, 19.93
26.56, 1.389, 21.03
26.57, 1.388, 19.55
26.58, 1.387, 19.49
26.59, 1.386, 19.28
26.60, 1.385, 19.98
26.61, 1.384, 20.54
26.62, 1.383, 20.30
26.63, 1.382, 19.93
26.64, 1.381, 19.48
26.65, 1.380, 20.14
26.66, 1.379, 18.92
26.67, 1.378, 17.64
26.68, 1.377, 19.39
26.69, 1.376, 21.72
26.70, 1.375, 18.97
26.71, 1.374, 18.62
26.72, 1.373, 18.93
26.73, 1.372, 18.48
26.74, 1.371, 19.15
26.75, 1.370, 19.78
26.76, 1.369, 20.21
26.77, 1.368, 20.57
26.78, 1.367, 18.65
26.79, 1.366, 19.09
26.80, 1.365, 20.79
26.81, 1.364, 17.96
26.82, 1.363, 17.28
26.83, 1.362, 16.14
26.84, 1.361, 18.13
26.85, 1.360, 18.64
26.86, 1.359, 16.91
26.87, 1.358, 16.89
26.88, 1.357, 19.13
26.89, 1.356, 18.32
26.90, 1.355, 16.20
26.91, 1.354, 16.14
26.92, 1.353, 17.21
26.93, 1.352, 16.79
26.94, 1.351, 16.10
26.95, 1.350, 16.64
26.96, 1.349, 17.35
26.97, 1.348, 16.76
26.98, 1.347, 15.36
26.99, 1.346, 16.83
27.00, 1.345, 16.97
27.01, 1.344, 16.18
27.02, 1.343, 16.28
27.03, 1.342, 14.77
27.04, 1.341, 15.22
27.05, 1.340, 14.58
27.06, 1.339, 15.28
27.07, 1.338, 16.13
27.08, 1.337, 14.30
27.09, 1.336, 13.98
27.10, 1.335, 15.53
27.11, 1.334, 15.49
27.12, 1.333, 13.95
27.13, 1.332, 14.68
27.14, 1.331, 16.51
27.15, 1.330, 15.19
27.16, 1.329, 13.82
27.17, 1.328, 13.42
27.18, 1.327, 15.54
27.19, 1.326, 15.71
27.20, 1.325, 13.52
27.21, 1.324, 15.73
27.22, 1.323, 15.68
27.23, 1.322, 16.30
27.24, 1.321, 14.42
27.25, 1.320, 14.52
27.26, 1.319, 13.41
27.27, 1.318, 13.39
27.28, 1.317, 14.92
27.29, 1.316, 13.29
27.30, 1.315, 13.25
27.31, 1.314, 14.26
27.32, 1.313, 15.24
27.33, 1.312, 14.37
27.34, 1.311, 13.47
27.35, 1.310, 13.89
27.36, 1.309, 14.33
27.37, 1.308, 13.86
27.38, 1.307, 14.90
27.39, 1.306, 13.64
27.40, 1.305, 13.89
27.41, 1.304, 14.45
27.42, 1.303, 13.75
27.43, 1.302, 12.12
27.44, 1.301, 14.98
27.45, 1.300, 14.49
27.46, 1.299, 12.36
27.47, 1.298, 12.33
27.48, 1.297, 12.32
27.49, 1.296, 13.51
27.50, 1.295, 14.22
27.51, 1.294, 12.46
27.52, 1.293, 13.27
27.53, 1.292, 12.10
27.54, 1.291, 13.91
27.55, 1.290, 12.45
27.56, 1.289, 11.44
27.57, 1.288, 11.78
27.58, 1.287, 12.89
27.59, 1.286, 12.50
27.60, 1.285, 12.45
27.61, 1.284, 11.89
27.62, 1.283, 12.30
27.63, 1.282, 12.59
27.64, 1.281, 11.18
27.65, 1.280, 10.32
27.66, 1.279, 11.64
27.67, 1.278, 11.79
27.68, 1.277, 10.74
27.69, 1.276, 12.21
27.70, 1.275, 10.83
27.71, 1.274, 11.01
27.72, 1.273, 11.22
27.73, 1.272, 10.87
27.74, 1.271, 9.806
27.75, 1.270, 11.58
27.76, 1.269, 10.43
27.77, 1.268, 10.95
27.78, 1.267, 11.27
27.79, 1.266, 12.90
27.80, 1.265, 11.61
27.81, 1.264, 9.763
27.82, 1.263, 10.07
27.83, 1.262, 10.60
27.84, 1.261, 10.45
27.85, 1.260, 10.94
27.86, 1.259, 11.14
27.87, 1.258, 10.81
27.88, 1.257, 10.78
27.89, 1.256, 10.45
27.90, 1.255, 10.35
27.91, 1.254, 8.890
27.92, 1.253, 10.75
27.93, 1.252, 10.18
27.94, 1.251, 9.154
27.95, 1.250, 11.21
27.96, 1.249, 10.05
27.97, 1.248, 11.10
27.98, 1.247, 9.815
27.99, 1.246, 11.55
28.00, 1.245, 10.38
28.01, 1.244, 10.50
28.02, 1.243, 10.69
28.03, 1.242, 11.11
28.04, 1.241, 10.22
28.05, 1.240, 9.856
28.06, 1.239, 9.731
28.07, 1.238, 8.296
28.08, 1.237, 9.923
28.09, 1.236, 8.225
28.10, 1.235, 9.385
28.11, 1.234, 8.484
28.12, 1.233, 8.897
28.13, 1.232, 8.055
28.14, 1.231, 8.713
28.15, 1.230, 7.004
28.16, 1.229, 8.327
28.17, 1.228, 8.414
28.18, 1.227, 7.386
28.19, 1.226, 7.433
28.20, 1.225, 7.668
28.21, 1.224, 7.646
28.22, 1.223, 9.540
28.23, 1.222, 8.250
28.24, 1.221, 6.688
28.25, 1.220, 9.613
28.26, 1.219, 8.686
28.27, 1.218, 9.756
28.28, 1.217, 9.599
28.29, 1.216, 9.540
28.30, 1.215, 9.050
28.31, 1.214, 9.607
28.32, 1.213, 7.876
28.33, 1.212, 7.975
28.34, 1.211, 7.361
28.35, 1.210, 7.829
28.36, 1.209, 7.739
28.37, 1.208, 8.387
28.38, 1.207, 8.641
28.39, 1.206, 8.009
28.40, 1.205, 6.780
28.41, 1.204, 7.777
28.42, 1.203, 7.218
28.43, 1.202, 7.678
28.44, 1.201, 7.761
28.45, 1.200, 7.722
28.46, 1.199, 7.908
28.47, 1.198, 7.812
28.48, 1.197, 8.161
28.49, 1.196, 6.303
28.50, 1.195, 6.955
28.51, 1.194, 5.408
28.52, 1.193, 5.335
28.53, 1.192, 7.457
28.54, 1.191, 6.595
28.55, 1.190, 5.036
28.56, 1.189, 3.995
28.57, 1.188, 7.775
28.58, 1.187, 5.548
28.59, 1.186, 4.874
28.60, 1.185, 6.281
28.61, 1.184, 7.705
28.62, 1.183, 7.268
28.63, 1.182, 5.483
28.64, 1.181, 7.064
28.65, 1.180, 7.091
28.66, 1.179, 4.906
28.67, 1.178, 5.894
28.68, 1.177, 8.422
28.69, 1.176, 6.615
28.70, 1.175, 6.028
28.71, 1.174, 7.336
28.72, 1.173, 4.470
28.73, 1.172, 4.741
28.74, 1.171, 6.493
28.75, 1.170, 6.403
28.76, 1.169, 6.180
28.77, 1.168, 5.596
28.78, 1.167, 6.134
28.79, 1.166, 4.243
28.80, 1.165, 5.506
28.81, 1.164, 4.158
28.82, 1.163, 6.506
28.83, 1.162, 5.587
28.84, 1.161, 5.221
28.85, 1.160, 5.261
28.86, 1.159, 5.515
28.87, 1.158, 5.704
28.88, 1.157, 5.669
28.89, 1.156, 5.791
28.90, 1.155, 4.888
28.91, 1.154, 4.020
28.92, 1.153, 2.980
28.93, 1.152, 3.749
28.94, 1.151, 4.888
28.95, 1.150, 2.701
28.96, 1.149, 4.282
28.97, 1.148, 3.759
28.98, 1.147, 3.028
28.99, 1.146, 4.335
29.00, 1.145, 3.558
29.01, 1.144, 2.375
29.02, 1.143, 5.162
29.03, 1.142, 4.157
29.04, 1.141, 5.658
29.05, 1.140, 4.295
29.06, 1.139, 3.020
29.07, 1.138, 3.835
29.08, 1.137, 4.020
29.09, 1.136, 4.942
29.10, 1.135, 3.476
29.11, 1.134, 3.438
29.12, 1.133, 5.130
29.13, 1.132, 5.569
29.14, 1.131, 4.593
29.15, 1.130, 4.111
29.16, 1.129, 5.316
29.17, 1.128, 4.411
29.18, 1.127, 4.219
29.19, 1.126, 4.121
29.20, 1.125, 4.602
29.21, 1.124, 4.469
29.22, 1.123, 4.317
29.23, 1.122, 3.636
29.24, 1.121, 2.404
29.25, 1.120, 3.166
29.26, 1.119, 4.420
29.27, 1.118, 2.120
29.28, 1.117, 3.068
29.29, 1.116, 2.861
29.30, 1.115, 3.229
29.31, 1.114, 3.290
29.32, 1.113, 2.335
29.33, 1.112, 1.895
29.34, 1.111, 0.5200
29.35, 1.110, 2.019
29.36, 1.109, 3.218
29.37, 1.108, 2.979
29.38, 1.107, 1.884
29.39, 1.106, 1.424
29.40, 1.105, 2.379
29.41, 1.104, 3.025
29.42, 1.103, 2.599
29.43, 1.102, 3.838
29.44, 1.101, 2.763
29.45, 1.100, 2.703
29.46, 1.099, 2.156
29.47, 1.098, 3.927
29.48, 1.097, 0.9396
29.49, 1.096, 2.710
29.50, 1.095, 2.925
29.51, 1.094, 3.068
29.52, 1.093, 3.887
29.53, 1.092, 2.480
29.54, 1.091, 2.041
29.55, 1.090, 3.444
29.56, 1.089, 2.256
29.57, 1.088, 2.319
29.58, 1.087, -0.7450
29.59, 1.086, 0.8741
29.60, 1.085, 1.002
29.61, 1.084, 1.942
29.62, 1.083, 1.961
29.63, 1.082, 2.403
29.64, 1.081, 2.933
29.65, 1.080, 1.780
29.66, 1.079, 0.9697
29.67, 1.078, 1.752
29.68, 1.077, 3.113
29.69, 1.076, 3.293
29.70, 1.075, 3.148
29.71, 1.074, 0.8527
29.72, 1.073, 3.881
29.73, 1.072, 2.762
29.74, 1.071, 0.01953
29.75, 1.070, 0.5116
29.76, 1.069, 1.180
29.77, 1.068, 1.320
29.78, 1.067, 2.170
29.79, 1.066, -0.2055
29.80, 1.065, 0.1480
29.81, 1.064, 1.487
29.82, 1.063, 0.4768
29.83, 1.062, 2.737
29.84, 1.061, 1.297
29.85, 1.060, 2.645
29.86, 1.059, 0.7177
29.87, 1.058, 0.6685
29.88, 1.057, 2.484
29.89, 1.056, 1.678
29.90, 1.055, -0.4355
29.91, 1.054, 0.7428
29.92, 1.053, 1.344
29.93, 1.052, 1.480
29.94, 1.051, 0.6333
29.95, 1.050, 1.519
29.96, 1.049, 1.912
29.97, 1.048, 1.889
29.98, 1.047, 2.529
29.99, 1.046, 2.070
30.00, 1.045, 1.485
30.01, 1.044, 1.799
30.02, 1.043, 2.092
30.03, 1.042, 2.438
30.04, 1.041, 2.024
30.05, 1.040, 2.730
30.06, 1.039, 2.195
30.07, 1.038, 2.016
30.08, 1.037, 1.866
30.09, 1.036, 2.270
30.10, 1.035, 1.372
30.11, 1.034, -0.7337
30.12, 1.033, 1.251
30.13, 1.032, 2.609
30.14, 1.031, 0.6158
30.15, 1.030, 1.257
30.16, 1.029, 2.055
30.17, 1.028, 1.128
30.18, 1.027, 0.2963
30.19, 1.026, 1.030
30.20, 1.025, 0.4967
30.21, 1.024, 0.8897
30.22, 1.023, 1.471
30.23, 1.022, -1.282
30.24, 1.021, -2.067
30.25, 1.020, 0.6479
30.26, 1.019, -0.1410
30.27, 1.018, -1.609
30.28, 1.017, -0.02263
30.29, 1.016, -0.7467
30.30, 1.015, 0.1892
30.31, 1.014, 0.07737
30.32, 1.013, -0.9259
30.33, 1.012, 0.9974
30.34, 1.011, -1.548
30.35, 1.010, 0.02776
30.36, 1.009, 0.1573
30.37, 1.008, -0.7419
30.38, 1.007, 0.05990
30.39, 1.006, 1.539
30.40, 1.005, -0.6156
30.41, 1.004, 0.5442
30.42, 1.003, 1.043
30.43, 1.002, -0.5522
30.44, 1.001, -1.569
30.45, 1.000, -0.9579
30.46, 0.9990, 1.578
30.47, 0.9980, -0.6711
30.48, 0.9970, -1.651
30.49, 0.9960, -0.3883
30.50, 0.9950, 0.2437
30.51, 0.9940, -1.150
30.52, 0.9930, 1.270
30.53, 0.9920, 1.470
30.54, 0.9910, 0.6779
30.55, 0.9900, 1.135
30.56, 0.9890, 0.9090
30.57, 0.9880, 0.5900
30.58, 0.9870, 1.817
30.59, 0.9860, 0.4526
30.60, 0.9850, 1.094
30.61, 0.9840, -2.669
30.62, 0.9830, -0.2852
30.63, 0.9820, -1.031
30.64, 0.9810, -0.6341
30.65, 0.9800, -1.902
30.66, 0.9790, -0.9163
30.67, 0.9780, 0.2164
30.68, 0.9770, -2.217
30.69, 0.9760, -1.723
30.70, 0.9750, -1.488
30.71, 0.9740, -1.143
30.72, 0.9730, -0.4836
30.73, 0.9720, -0.4203
30.74, 0.9710, -0.2947
30.75, 0.9700, -0.1588
30.76, 0.9690, 0.2420
30.77, 0.9680, -1.283
30.78, 0.9670, -0.2551
30.79, 0.9660, -0.1392
30.80, 0.9650, 1.001
30.81, 0.9640, -1.092
30.82, 0.9630, -0.5573
30.83, 0.9620, -0.2487
30.84, 0.9610, 0.8552
30.85, 0.9600, 1.100
30.86, 0.9590, -0.8471
30.87, 0.9580, 1.168
30.88, 0.9570, -0.1284
30.89, 0.9560, -1.215
30.90, 0.9550, -1.876
30.91, 0.9540, -1.730
30.92, 0.9530, 1.353
30.93, 0.9520, -1.609
30.94, 0.9510, -1.434
30.95, 0.9500, -1.317
30.96, 0.9490, -0.2861
30.97, 0.9480, -1.316
30.98, 0.9470, -2.197
30.99, 0.9460, 0.2188
31.00, 0.9450, -2.102
31.01, 0.9440, -1.693
31.02, 0.9430, -2.234
31.03, 0.9420, -0.6278
31.04, 0.9410, -1.770
31.05, 0.9400, -0.5320
31.06, 0.9390, -3.113
31.07, 0.9380, -1.952
31.08, 0.9370, -2.173
31.09, 0.9360, -0.4888
31.10, 0.9350, -0.5784
31.11, 0.9340, -1.166
31.12, 0.9330, -2.430
31.13, 0.9320, -1.550
31.14, 0.9310, -1.743
31.15, 0.9300, -2.537
31.16, 0.9290, -0.1181
31.17, 0.9280, -2.204
31.18, 0.9270, 0.004313
31.19, 0.9260, -1.438
31.20, 0.9250, -1.374
31.21, 0.9240, -0.5169
31.22, 0.9230, -1.287
31.23, 0.9220, -1.871
31.24, 0.9210, -2.416
31.25, 0.9200, -1.343
31.26, 0.9190, 0.1228
31.27, 0.9180, -1.022
31.28, 0.9170, -1.405
31.29, 0.9160, -0.9903
31.30, 0.9150, 1.312
31.31, 0.9140, -1.218
31.32, 0.9130, -1.383
31.33, 0.9120, -0.7331
31.34, 0.9110, -1.609
31.35, 0.9100, 0.5478
31.36, 0.9090, -0.9840
31.37, 0.9080, -0.8983
31.38, 0.9070, -1.621
31.39, 0.9060, -0.1451
31.40, 0.9050, -2.162
31.41, 0.9040, -0.2772
31.42, 0.9030, -0.9651
31.43, 0.9020, -3.055
31.44, 0.9010, -2.494
31.45, 0.9000, -2.399
31.46, 0.8990, -1.859
31.47, 0.8980, -2.322
31.48, 0.8970, -1.301
31.49, 0.8960, -2.048
31.50, 0.8950, -1.513
31.51, 0.8940, -2.955
31.52, 0.8930, -2.268
31.53, 0.8920, -1.353
31.54, 0.8910, -3.262
31.55, 0.8900, -2.586
31.56, 0.8890, -1.596
31.57, 0.8880, -0.2741
31.58, 0.8870, -1.912
31.59, 0.8860, -2.415
31.60, 0.8850, -0.9788
31.61, 0.8840, -2.591
31.62, 0.8830, -1.406
31.63, 0.8820, -1.813
31.64, 0.8810, -1.407
31.65, 0.8800, -1.017
31.66, 0.8790, -0.1043
31.67, 0.8780, -2.334
31.68, 0.8770, -1.112
31.69, 0.8760, -1.044
31.70, 0.8750, -0.6917
31.71, 0.8740, 1.070
31.72, 0.8730, 0.1679
31.73, 0.8720, -4.037
31.74, 0.8710, -2.424
31.75, 0.8700, -3.864
31.76, 0.8690, 0.1729
31.77, 0.8680, 0.2709
31.78, 0.8670, -1.270
31.79, 0.8660, -2.191
31.80, 0.8650, -1.657
31.81, 0.8640, -2.450
31.82, 0.8630, -2.288
31.83, 0.8620, -1.194
31.84, 0.8610, -1.368
31.85, 0.8600, -2.539
31.86, 0.8590, -2.906
31.87, 0.8580, -1.347
31.88, 0.8570, -1.754
31.89, 0.8560, -3.354
31.90, 0.8550, -2.609
31.91, 0.8540, -3.073
31.92, 0.8530, -0.2121
31.93, 0.8520, -2.201
31.94, 0.8510, -0.7713
31.95, 0.8500, -1.710
31.96, 0.8490, -2.791
31.97, 0.8480, -2.114
31.98, 0.8470, -3.303
31.99, 0.8460, -0.8691
32.00, 0.8450, -1.699
32.01, 0.8440, -2.684
32.02, 0.8430, -2.301
32.03, 0.8420, -2.654
32.04, 0.8410, -1.457
32.05, 0.8400, -0.8791
32.06, 0.8390, -2.431
32.07, 0.8380, -2.461
32.08, 0.8370, -1.553
32.09, 0.8360, -2.603
32.10, 0.8350, -1.777
32.11, 0.8340, -2.321
32.12, 0.8330, -4.379
32.13, 0.8320, -2.004
32.14, 0.8310, -0.8304
32.15, 0.8300, -0.8910
32.16, 0.8290, -2.495
32.17, 0.8280, -2.366
32.18, 0.8270, -3.210
32.19, 0.8260, -2.051
32.20, 0.8250, -3.274
32.21, 0.8240, -1.871
32.22, 0.8230, -0.2709
32.23, 0.8220, -2.262
32.24, 0.8210, -1.768
32.25, 0.8200, -2.002
32.26, 0.8190, -3.136
32.27, 0.8180, -1.719
32.28, 0.8170, -3.111
32.29, 0.8160, -2.415
32.30, 0.8150, -2.418
32.31, 0.8140, -3.073
32.32, 0.8130, -2.061
32.33, 0.8120, -2.970
32.34, 0.8110, -2.137
32.35, 0.8100, -3.497
32.36, 0.8090, -4.066
32.37, 0.8080, -3.346
32.38, 0.8070, -3.720
32.39, 0.8060, -2.324
32.40, 0.8050, -3.631
32.41, 0.8040, -2.737
32.42, 0.8030, -3.181
32.43, 0.8020, -0.6919
32.44, 0.8010, -4.433
32.45, 0.8000, -2.369
32.46, 0.7990, -3.797
32.47, 0.7980, -3.269
32.48, 0.7970, -2.962
32.49, 0.7960, -3.297
32.50, 0.7950, -4.183
32.51, 0.7940, -3.009
32.52, 0.7930, -2.687
32.53, 0.7920, -2.485
32.54, 0.7910, -3.453
32.55, 0.7900, -4.841
32.56, 0.7890, -3.032
32.57, 0.7880, -1.437
32.58, 0.7870, -1.994
32.59, 0.7860, -2.735
32.60, 0.7850, -3.013
32.61, 0.7840, -2.486
32.62, 0.7830, -2.535
32.63, 0.7820, -3.049
32.64, 0.7810, -3.241
32.65, 0.7800, -2.096
32.66, 0.7790, -1.456
32.67, 0.7780, -2.451
32.68, 0.7770, -2.244
32.69, 0.7760, -1.007
32.70, 0.7750, -1.562
32.71, 0.7740, -4.082
32.72, 0.7730, -2.299
32.73, 0.7720, -2.222
32.74, 0.7710, -3.190
32.75, 0.7700, -3.611
32.76, 0.7690, -2.758
32.77, 0.7680, -1.998
32.78, 0.7670, -3.166
32.79, 0.7660, -2.105
32.80, 0.7650, -2.703
32.81, 0.7640, -4.600
32.82, 0.7630, -2.810
32.83, 0.7620, -3.572
32.84, 0.7610, -4.328
32.85, 0.7600, -2.898
32.86, 0.7590, -4.422
32.87, 0.7580, -3.350
32.88, 0.7570, -3.321
32.89, 0.7560, -3.529
32.90, 0.7550, -3.551
32.91, 0.7540, -3.891
32.92, 0.7530, -3.125
32.93, 0.7520, -4.791
32.94, 0.7510, -2.741
32.95, 0.7500, -3.551
32.96, 0.7490, -4.095
32.97, 0.7480, -3.119
32.98, 0.7470, -2.300
32.99, 0.7460, -2.677
33.00, 0.7450, -2.637
33.01, 0.7440, -1.669
33.02, 0.7430, -2.560
33.03, 0.7420, -2.079
33.04, 0.7410, -1.900
33.05, 0.7400, 0.1246
33.06, 0.7390, -1.889
33.07, 0.7380, -2.124
33.08, 0.7370, -3.635
33.09, 0.7360, -1.946
33.10, 0.7350, -2.151
33.11, 0.7340, -1.497
33.12, 0.7330, -2.256
33.13, 0.7320, -4.405
33.14, 0.7310, -2.789
33.15, 0.7300, -5.113
33.16, 0.7290, -5.167
33.17, 0.7280, -4.339
33.18, 0.7270, -2.876
33.19, 0.7260, -3.097
33.20, 0.7250, -3.502
33.21, 0.7240, -3.370
33.22, 0.7230, -4.784
33.23, 0.7220, -1.776
33.24, 0.7210, -1.968
33.25, 0.7200, -4.639
33.26, 0.7190, -2.194
33.27, 0.7180, -3.019
33.28, 0.7170, -2.478
33.29, 0.7160, -2.819
33.30, 0.7150, -3.128
33.31, 0.7140, -3.695
33.32, 0.7130, -2.827
33.33, 0.7120, -2.809
33.34, 0.7110, -4.045
33.35, 0.7100, -2.556
33.36, 0.7090, -2.563
33.37, 0.7080, -2.955
33.38, 0.7070, -4.516
33.39, 0.7060, -3.441
33.40, 0.7050, -1.620
33.41, 0.7040, -3.389
33.42, 0.7030, -2.483
33.43, 0.7020, -4.074
33.44, 0.7010, -3.271
33.45, 0.7000, -4.208
33.46, 0.6990, -3.837
33.47, 0.6980, -4.152
33.48, 0.6970, -3.408
33.49, 0.6960, -3.167
33.50, 0.6950, -3.759
33.51, 0.6940, -2.957
33.52, 0.6930, -3.583
33.53, 0.6920, -3.213
33.54, 0.6910, -5.405
33.55, 0.6900, -3.102
33.56, 0.6890, -4.714
33.57, 0.6880, -2.724
33.58, 0.6870, -3.888
33.59, 0.6860, -4.115
33.60, 0.6850, -3.376
33.61, 0.6840, -3.004
33.62, 0.6830, -4.471
33.63, 0.6820, -4.765
33.64, 0.6810, -2.542
33.65, 0.6800, -3.475
33.66, 0.6790, -3.005
33.67, 0.6780, -3.387
33.68, 0.6770, -3.737
33.69, 0.6760, -3.341
33.70, 0.6750, -2.658
33.71, 0.6740, -3.477
33.72, 0.6730, -4.219
33.73, 0.6720, -3.922
33.74, 0.6710, -2.968
33.75, 0.6700, -2.725
33.76, 0.6690, -4.061
33.77, 0.6680, -3.986
33.78, 0.6670, -4.723
33.79, 0.6660, -3.799
33.80, 0.6650, -4.016
33.81, 0.6640, -4.281
33.82, 0.6630, -2.749
33.83, 0.6620, -4.498
33.84, 0.6610, -3.708
33.85, 0.6600, -2.975
33.86, 0.6590, -3.769
33.87, 0.6580, -2.049
33.88, 0.6570, -3.727
33.89, 0.6560, -4.297
33.90, 0.6550, -4.011
33.91, 0.6540, -3.883
33.92, 0.6530, -4.068
33.93, 0.6520, -3.501
33.94, 0.6510, -4.349
33.95, 0.6500, -4.452
33.96, 0.6490, -4.776
33.97, 0.6480, -3.304
33.98, 0.6470, -4.632
33.99, 0.6460, -5.257
34.00, 0.6450, -4.218
34.01, 0.6440, -5.196
34.02, 0.6430, -3.854
34.03, 0.6420, -3.408
34.04, 0.6410, -3.558
34.05, 0.6400, -4.379
34.06, 0.6390, -2.016
34.07, 0.6380, -3.147
34.08, 0.6370, -4.499
34.09, 0.6360, -4.224
34.10, 0.6350, -3.503
34.11, 0.6340, -4.000
34.12, 0.6330, -3.163
34.13, 0.6320, -3.858
34.14, 0.6310, -4.338
34.15, 0.6300, -2.462
34.16, 0.6290, -4.109
34.17, 0.6280, -6.311
34.18, 0.6270, -4.320
34.19, 0.6260, -4.522
34.20, 0.6250, -3.278
34.21, 0.6240, -4.748
34.22, 0.6230, -3.579
34.23, 0.6220, -4.136
34.24, 0.6210, -3.431
34.25, 0.6200, -3.682
34.26, 0.6190, -2.768
34.27, 0.6180, -4.420
34.28, 0.6170, -3.354
34.29, 0.6160, -3.153
34.30, 0.6150, -2.925
34.31, 0.6140, -3.165
34.32, 0.6130, -3.295
34.33, 0.6120, -4.301
34.34, 0.6110, -3.542
34.35, 0.6100, -4.057
34.36, 0.6090, -4.529
34.37, 0.6080, -4.204
34.38, 0.6070, -5.664
34.39, 0.6060, -4.377
34.40, 0.6050, -3.397
34.41, 0.6040, -5.511
34.42, 0.6030, -5.590
34.43, 0.6020, -5.092
34.44, 0.6010, -4.283
34.45, 0.6000, -5.008
34.46, 0.5990, -4.944
34.47, 0.5980, -4.975
34.48, 0.5970, -3.191
34.49, 0.5960, -5.170
34.50, 0.5950, -5.470
34.51, 0.5940, -5.553
34.52, 0.5930, -5.384
34.53, 0.5920, -3.140
34.54, 0.5910, -5.239
34.55, 0.5900, -6.109
34.56, 0.5890, -4.050
34.57, 0.5880, -5.497
34.58, 0.5870, -4.642
34.59, 0.5860, -5.481
34.60, 0.5850, -4.689
34.61, 0.5840, -5.952
34.62, 0.5830, -4.312
34.63, 0.5820, -4.968
34.64, 0.5810, -4.428
34.65, 0.5800, -3.289
34.66, 0.5790, -5.970
34.67, 0.5780, -4.875
34.68, 0.5770, -3.852
34.69, 0.5760, -4.590
34.70, 0.5750, -3.155
34.71, 0.5740, -4.213
34.72, 0.5730, -5.224
34.73, 0.5720, -5.212
34.74, 0.5710, -5.302
34.75, 0.5700, -5.892
34.76, 0.5690, -5.130
34.77, 0.5680, -3.323
34.78, 0.5670, -3.069
34.79, 0.5660, -4.130
34.80, 0.5650, -5.296
34.81, 0.5640, -6.036
34.82, 0.5630, -5.754
34.83, 0.5620, -5.480
34.84, 0.5610, -5.685
34.85, 0.5600, -5.953
34.86, 0.5590, -6.147
34.87, 0.5580, -7.489
34.88, 0.5570, -5.249
34.89, 0.5560, -5.044
34.90, 0.5550, -5.881
34.91, 0.5540, -5.437
34.92, 0.5530, -5.155
34.93, 0.5520, -5.710
34.94, 0.5510, -6.324
34.95, 0.5500, -5.660
34.96, 0.5490, -4.796
34.97, 0.5480, -4.683
34.98, 0.5470, -5.603
34.99, 0.5460, -4.461
35.00, 0.5450, -5.597
35.01, 0.5440, -4.167
35.02, 0.5430, -3.624
35.03, 0.5420, -4.205
35.04, 0.5410, -4.983
35.05, 0.5400, -5.238
35.06, 0.5390, -6.087
35.07, 0.5380, -4.903
35.08, 0.5370, -6.197
35.09, 0.5360, -5.522
35.10, 0.5350, -4.411
35.11, 0.5340, -5.010
35.12, 0.5330, -6.406
35.13, 0.5320, -5.333
35.14, 0.5310, -3.988
35.15, 0.5300, -4.902
35.16, 0.5290, -6.070
35.17, 0.5280, -6.270
35.18, 0.5270, -5.624
35.19, 0.5260, -4.259
35.20, 0.5250, -4.458
35.21, 0.5240, -6.487
35.22, 0.5230, -4.721
35.23, 0.5220, -6.442
35.24, 0.5210, -5.784
35.25, 0.5200, -5.390
35.26, 0.5190, -5.706
35.27, 0.5180, -4.350
35.28, 0.5170, -5.703
35.29, 0.5160, -6.050
35.30, 0.5150, -4.720
35.31, 0.5140, -4.030
35.32, 0.5130, -4.798
35.33, 0.5120, -4.681
35.34, 0.5110, -6.046
35.35, 0.5100, -5.727
35.36, 0.5090, -6.018
35.37, 0.5080, -5.160
35.38, 0.5070, -4.401
35.39, 0.5060, -6.233
35.40, 0.5050, -5.358
35.41, 0.5040, -6.565
35.42, 0.5030, -4.562
35.43, 0.5020, -6.216
35.44, 0.5010, -4.714
35.45, 0.5000, -4.141
35.46, 0.4990, -6.278
35.47, 0.4980, -5.459
35.48, 0.4970, -6.240
35.49, 0.4960, -4.780
35.50, 0.4950, -4.972
35.51, 0.4940, -5.237
35.52, 0.4930, -4.722
35.53, 0.4920, -3.868
35.54, 0.4910, -4.378
35.55, 0.4900, -5.429
35.56, 0.4890, -4.025
35.57, 0.4880, -4.250
35.58, 0.4870, -4.827
35.59, 0.4860, -4.565
35.60, 0.4850, -5.565
35.61, 0.4840, -6.195
35.62, 0.4830, -4.463
35.63, 0.4820, -5.583
35.64, 0.4810, -5.511
35.65, 0.4800, -6.400
35.66, 0.4790, -7.030
35.67, 0.4780, -5.142
35.68, 0.4770, -6.788
35.69, 0.4760, -6.184
35.70, 0.4750, -6.666
35.71, 0.4740, -6.211
35.72, 0.4730, -6.280
35.73, 0.4720, -7.221
35.74, 0.4710, -6.047
35.75, 0.4700, -5.820
35.76, 0.4690, -6.221
35.77, 0.4680, -6.723
35.78, 0.4670, -4.333
35.79, 0.4660, -3.450
35.80, 0.4650, -5.611
35.81, 0.4640, -5.602
35.82, 0.4630, -5.342
35.83, 0.4620, -4.827
35.84, 0.4610, -6.042
35.85, 0.4600, -4.139
35.86, 0.4590, -5.684
35.87, 0.4580, -6.484
35.88, 0.4570, -7.265
35.89, 0.4560, -5.969
35.90, 0.4550, -4.913
35.91, 0.4540, -6.237
35.92, 0.4530, -5.834
35.93, 0.4520, -6.739
35.94, 0.4510, -6.166
35.95, 0.4500, -6.138
35.96, 0.4490, -6.521
35.97, 0.4480, -6.227
35.98, 0.4470, -5.607
35.99, 0.4460, -4.816
36.00, 0.4450, -5.754
36.01, 0.4440, -5.233
36.02, 0.4430, -5.489
36.03, 0.4420, -6.426
36.04, 0.4410, -6.954
36.05, 0.4400, -5.615
36.06, 0.4390, -7.353
36.07, 0.4380, -6.017
36.08, 0.4370, -5.354
36.09, 0.4360, -6.562
36.10, 0.4350, -5.661
36.11, 0.4340, -5.190
36.12, 0.4330, -6.355
36.13, 0.4320, -7.110
36.14, 0.4310, -6.910
36.15, 0.4300, -5.208
36.16, 0.4290, -4.869
36.17, 0.4280, -5.696
36.18, 0.4270, -5.716
36.19, 0.4260, -5.458
36.20, 0.4250, -4.938
36.21, 0.4240, -5.366
36.22, 0.4230, -4.949
36.23, 0.4220, -4.536
36.24, 0.4210, -4.978
36.25, 0.4200, -5.748
36.26, 0.4190, -5.247
36.27, 0.4180, -4.357
36.28, 0.4170, -5.587
36.29, 0.4160, -5.805
36.30, 0.4150, -6.577
36.31, 0.4140, -5.673
36.32, 0.4130, -4.229
36.33, 0.4120, -5.118
36.34, 0.4110, -4.752
36.35, 0.4100, -4.808
36.36, 0.4090, -7.687
36.37, 0.4080, -7.053
36.38, 0.4070, -4.799
36.39, 0.4060, -5.071
36.40, 0.4050, -6.841
36.41, 0.4040, -5.003
36.42, 0.4030, -6.256
36.43, 0.4020, -6.417
36.44, 0.4010, -6.747
36.45, 0.4000, -5.798
36.46, 0.3990, -7.111
36.47, 0.3980, -7.184
36.48, 0.3970, -6.344
36.49, 0.3960, -7.092
36.50, 0.3950, -7.578
36.51, 0.3940, -7.199
36.52, 0.3930, -6.513
36.53, 0.3920, -5.528
36.54, 0.3910, -5.849
36.55, 0.3900, -5.562
36.56, 0.3890, -5.789
36.57, 0.3880, -6.413
36.58, 0.3870, -6.133
36.59, 0.3860, -6.178
36.60, 0.3850, -5.496
36.61, 0.3840, -6.938
36.62, 0.3830, -6.630
36.63, 0.3820, -5.727
36.64, 0.3810, -6.423
36.65, 0.3800, -7.430
36.66, 0.3790, -6.678
36.67, 0.3780, -6.693
36.68, 0.3770, -5.592
36.69, 0.3760, -5.915
36.70, 0.3750, -6.684
36.71, 0.3740, -5.871
36.72, 0.3730, -5.972
36.73, 0.3720, -7.265
36.74, 0.3710, -5.088
36.75, 0.3700, -5.811
36.76, 0.3690, -7.921
36.77, 0.3680, -6.410
36.78, 0.3670, -4.756
36.79, 0.3660, -4.647
36.80, 0.3650, -6.393
36.81, 0.3640, -6.333
36.82, 0.3630, -7.320
36.83, 0.3620, -5.607
36.84, 0.3610, -6.674
36.85, 0.3600, -6.523
36.86, 0.3590, -7.528
36.87, 0.3580, -7.737
36.88, 0.3570, -6.634
36.89, 0.3560, -6.789
36.90, 0.3550, -5.053
36.91, 0.3540, -7.531
36.92, 0.3530, -7.404
36.93, 0.3520, -5.829
36.94, 0.3510, -8.384
36.95, 0.3500, -7.035
36.96, 0.3490, -7.054
36.97, 0.3480, -6.609
36.98, 0.3470, -7.189
36.99, 0.3460, -6.587
37.00, 0.3450, -7.426
37.01, 0.3440, -7.150
37.02, 0.3430, -6.295
37.03, 0.3420, -7.081
37.04, 0.3410, -7.410
37.05, 0.3400, -6.697
37.06, 0.3390, -6.677
37.07, 0.3380, -6.868
37.08, 0.3370, -8.330
37.09, 0.3360, -6.396
37.10, 0.3350, -8.473
37.11, 0.3340, -6.205
37.12, 0.3330, -6.617
37.13, 0.3320, -7.764
37.14, 0.3310, -6.842
37.15, 0.3300, -5.981
37.16, 0.3290, -7.195
37.17, 0.3280, -7.060
37.18, 0.3270, -7.068
37.19, 0.3260, -7.233
37.20, 0.3250, -7.151
37.21, 0.3240, -6.709
37.22, 0.3230, -7.691
37.23, 0.3220, -7.028
37.24, 0.3210, -7.747
37.25, 0.3200, -5.639
37.26, 0.3190, -6.650
37.27, 0.3180, -7.953
37.28, 0.3170, -6.379
37.29, 0.3160, -6.726
37.30, 0.3150, -6.909
37.31, 0.3140, -6.064
37.32, 0.3130, -5.861
37.33, 0.3120, -7.561
37.34, 0.3110, -8.172
37.35, 0.3100, -6.728
37.36, 0.3090, -7.572
37.37, 0.3080, -7.758
37.38, 0.3070, -7.112
37.39, 0.3060, -8.367
37.40, 0.3050, -6.520
37.41, 0.3040, -8.293
37.42, 0.3030, -7.956
37.43, 0.3020, -7.530
37.44, 0.3010, -7.841
37.45, 0.3000, -7.892
37.46, 0.2990, -8.604
37.47, 0.2980, -8.417
37.48, 0.2970, -7.620
37.49, 0.2960, -7.990
37.50, 0.2950, -8.677
37.51, 0.2940, -7.014
37.52, 0.2930, -7.583
37.53, 0.2920, -6.474
37.54, 0.2910, -7.796
37.55, 0.2900, -8.415
37.56, 0.2890, -6.507
37.57, 0.2880, -6.411
37.58, 0.2870, -7.128
37.59, 0.2860, -7.087
37.60, 0.2850, -6.064
37.61, 0.2840, -7.959
37.62, 0.2830, -6.028
37.63, 0.2820, -6.919
37.64, 0.2810, -6.593
37.65, 0.2800, -6.530
37.66, 0.2790, -7.296
37.67, 0.2780, -7.049
37.68, 0.2770, -7.708
37.69, 0.2760, -6.562
37.70, 0.2750, -6.759
37.71, 0.2740, -7.870
37.72, 0.2730, -7.527
37.73, 0.2720, -5.987
37.74, 0.2710, -7.298
37.75, 0.2700, -7.129
37.76, 0.2690, -8.535
37.77, 0.2680, -7.611
37.78, 0.2670, -8.265
37.79, 0.2660, -8.072
37.80, 0.2650, -6.960
37.81, 0.2640, -7.475
37.82, 0.2630, -8.789
37.83, 0.2620, -8.053
37.84, 0.2610, -8.124
37.85, 0.2600, -7.597
37.86, 0.2590, -6.493
37.87, 0.2580, -8.328
37.88, 0.2570, -7.323
37.89, 0.2560, -7.820
37.90, 0.2550, -7.175
37.91, 0.2540, -9.662
37.92, 0.2530, -7.426
37.93, 0.2520, -8.477
37.94, 0.2510, -6.943
37.95, 0.2500, -6.861
37.96, 0.2490, -7.825
37.97, 0.2480, -8.339
37.98, 0.2470, -6.800
37.99, 0.2460, -7.668
38.00, 0.2450, -6.860
38.01, 0.2440, -7.752
38.02, 0.2430, -5.773
38.03, 0.2420, -6.914
38.04, 0.2410, -7.318
38.05, 0.2400, -6.545
38.06, 0.2390, -6.671
38.07, 0.2380, -7.765
38.08, 0.2370, -5.677
38.09, 0.2360, -6.633
38.10, 0.2350, -7.866
38.11, 0.2340, -7.398
38.12, 0.2330, -7.656
38.13, 0.2320, -7.624
38.14, 0.2310, -7.526
38.15, 0.2300, -7.955
38.16, 0.2290, -7.150
38.17, 0.2280, -7.561
38.18, 0.2270, -7.506
38.19, 0.2260, -8.439
38.20, 0.2250, -7.730
38.21, 0.2240, -8.055
38.22, 0.2230, -7.607
38.23, 0.2220, -7.881
38.24, 0.2210, -6.545
38.25, 0.2200, -8.279
38.26, 0.2190, -9.014
38.27, 0.2180, -7.686
38.28, 0.2170, -7.711
38.29, 0.2160, -7.995
38.30, 0.2150, -8.346
38.31, 0.2140, -7.801
38.32, 0.2130, -8.320
38.33, 0.2120, -7.719
38.34, 0.2110, -7.662
38.35, 0.2100, -6.995
38.36, 0.2090, -7.143
38.37, 0.2080, -8.261
38.38, 0.2070, -9.687
38.39, 0.2060, -9.311
38.40, 0.2050, -8.899
38.41, 0.2040, -8.765
38.42, 0.2030, -8.081
38.43, 0.2020, -8.499
38.44, 0.2010, -9.028
38.45, 0.2000, -7.909
38.46, 0.1990, -8.761
38.47, 0.1980, -8.185
38.48, 0.1970, -7.182
38.49, 0.1960, -6.624
38.50, 0.1950, -7.524
38.51, 0.1940, -8.893
38.52, 0.1930, -7.737
38.53, 0.1920, -7.038
38.54, 0.1910, -8.338
38.55, 0.1900, -6.824
38.56, 0.1890, -9.156
38.57, 0.1880, -7.952
38.58, 0.1870, -8.896
38.59, 0.1860, -7.792
38.60, 0.1850, -8.608
38.61, 0.1840, -9.132
38.62, 0.1830, -8.996
38.63, 0.1820, -8.130
38.64, 0.1810, -8.576
38.65, 0.1800, -8.675
38.66, 0.1790, -7.861
38.67, 0.1780, -8.339
38.68, 0.1770, -8.493
38.69, 0.1760, -8.470
38.70, 0.1750, -9.835
38.71, 0.1740, -8.641
38.72, 0.1730, -8.255
38.73, 0.1720, -8.413
38.74, 0.1710, -7.905
38.75, 0.1700, -8.603
38.76, 0.1690, -7.767
38.77, 0.1680, -8.617
38.78, 0.1670, -7.776
38.79, 0.1660, -7.423
38.80, 0.1650, -7.564
38.81, 0.1640, -7.452
38.82, 0.1630, -7.981
38.83, 0.1620, -8.211
38.84, 0.1610, -8.659
38.85, 0.1600, -7.606
38.86, 0.1590, -8.142
38.87, 0.1580, -7.824
38.88, 0.1570, -7.678
38.89, 0.1560, -6.839
38.90, 0.1550, -7.222
38.91, 0.1540, -7.184
38.92, 0.1530, -7.618
38.93, 0.1520, -7.938
38.94, 0.1510, -9.885
38.95, 0.1500, -8.422
38.96, 0.1490, -8.413
38.97, 0.1480, -7.541
38.98, 0.1470, -9.184
38.99, 0.1460, -8.283
39.00, 0.1450, -7.847
39.01, 0.1440, -8.032
39.02, 0.1430, -7.796
39.03, 0.1420, -8.953
39.04, 0.1410, -7.731
39.05, 0.1400, -8.527
39.06, 0.1390, -9.745
39.07, 0.1380, -9.990
39.08, 0.1370, -11.05
39.09, 0.1360, -9.394
39.10, 0.1350, -8.731
39.11, 0.1340, -7.726
39.12, 0.1330, -8.418
39.13, 0.1320, -9.108
39.14, 0.1310, -7.983
39.15, 0.1300, -8.832
39.16, 0.1290, -8.744
39.17, 0.1280, -7.601
39.18, 0.1270, -7.944
39.19, 0.1260, -7.673
39.20, 0.1250, -7.320
39.21, 0.1240, -8.877
39.22, 0.1230, -8.795
39.23, 0.1220, -8.481
39.24, 0.1210, -8.898
39.25, 0.1200, -7.672
39.26, 0.1190, -7.634
39.27, 0.1180, -7.852
39.28, 0.1170, -7.485
39.29, 0.1160, -8.523
39.30, 0.1150, -7.664
39.31, 0.1140, -7.736
39.32, 0.1130, -9.069
39.33, 0.1120, -8.618
39.34, 0.1110, -8.423
39.35, 0.1100, -8.495
39.36, 0.1090, -8.876
39.37, 0.1080, -7.620
39.38, 0.1070, -8.946
39.39, 0.1060, -8.244
39.40, 0.1050, -7.468
39.41, 0.1040, -7.831
39.42, 0.1030, -8.856
39.43, 0.1020, -8.509
39.44, 0.1010, -8.495
39.45, 0.1000, -9.059
39.46, 0.09900, -9.016
39.47, 0.09800, -10.08
39.48, 0.09700, -8.958
39.49, 0.09600, -8.859
39.50, 0.09500, -9.804
39.51, 0.09400, -9.884
39.52, 0.09300, -9.401
39.53, 0.09200, -10.16
39.54, 0.09100, -8.656
39.55, 0.09000, -9.109
39.56, 0.08900, -8.767
39.57, 0.08800, -8.039
39.58, 0.08700, -8.114
39.59, 0.08600, -7.856
39.60, 0.08500, -8.946
39.61, 0.08400, -9.130
39.62, 0.08300, -9.026
39.63, 0.08200, -8.644
39.64, 0.08100, -8.557
39.65, 0.08000, -9.461
39.66, 0.07900, -9.316
39.67, 0.07800, -8.764
39.68, 0.07700, -8.114
39.69, 0.07600, -7.363
39.70, 0.07500, -8.916
39.71, 0.07400, -8.778
39.72, 0.07300, -8.098
39.73, 0.07200, -9.225
39.74, 0.07100, -8.174
39.75, 0.07000, -9.351
39.76, 0.06900, -9.404
39.77, 0.06800, -9.599
39.78, 0.06700, -8.937
39.79, 0.06600, -8.182
39.80, 0.06500, -9.430
39.81, 0.06400, -9.731
39.82, 0.06300, -8.924
39.83, 0.06200, -9.123
39.84, 0.06100, -8.796
39.85, 0.06000, -8.428
39.86, 0.05900, -8.958
39.87, 0.05800, -8.753
39.88, 0.05700, -8.446
39.89, 0.05600, -8.825
39.90, 0.05500, -9.046
39.91, 0.05400, -10.91
39.92, 0.05300, -8.555
39.93, 0.05200, -10.03
39.94, 0.05100, -9.031
39.95, 0.05000, -10.06
39.96, 0.04900, -9.047
39.97, 0.04800, -10.36
39.98, 0.04700, -9.012
39.99, 0.04600, -9.725
40.00, 0.04500, -8.297
40.01, 0.04400, -9.288
40.02, 0.04300, -8.372
40.03, 0.04200, -10.46
40.04, 0.04100, -8.894
40.05, 0.04000, -9.703
40.06, 0.03900, -9.840
40.07, 0.03800, -10.33
40.08, 0.03700, -8.342
40.09, 0.03600, -8.269
40.10, 0.03500, -8.657
40.11, 0.03400, -9.226
40.12, 0.03300, -9.005
40.13, 0.03200, -9.653
40.14, 0.03100, -10.23
40.15, 0.03000, -9.123
40.16, 0.02900, -9.331
40.17, 0.02800, -8.882
40.18, 0.02700, -8.542
40.19, 0.02600, -7.615
40.20, 0.02500, -9.541
40.21, 0.02400, -8.540
40.22, 0.02300, -9.341
40.23, 0.02200, -7.986
40.24, 0.02100, -9.243
40.25, 0.02000, -8.974
40.26, 0.01900, -8.912
40.27, 0.01800, -9.607
40.28, 0.01700, -9.233
40.29, 0.01600, -9.476
40.30, 0.01500, -10.61
40.31, 0.01400, -9.866
40.32, 0.01300, -11.06
40.33, 0.01200, -8.708
40.34, 0.01100, -8.784
40.35, 0.01000, -9.466
40.36, 0.009000, -9.728
40.37, 0.008000, -9.386
40.38, 0.007000, -11.11
40.39, 0.006000, -8.966
40.40, 0.005000, -8.651
40.41, 0.004000, -8.818
40.42, 0.003000, -9.608
40.43, 0.002000, -8.742
40.44, 0.001000, -8.648
40.45, 0.000, -8.314
