0.01000, -0.8000, -30.81
0.02000, -0.8000, -23.85
0.03000, -0.8000, -18.68
0.04000, -0.8000, -18.66
0.05000, -0.8000, -17.28
0.06000, -0.8000, -16.76
0.07000, -0.8000, -13.84
0.08000, -0.8000, -15.13
0.09000, -0.8000, -13.94
0.1000, -0.8000, -14.04
0.1100, -0.8000, -13.29
0.1200, -0.8000, -12.98
0.1300, -0.8000, -12.08
0.1400, -0.8000, -12.06
0.1500, -0.8000, -12.05
0.1600, -0.8000, -13.43
0.1700, -0.8000, -12.70
0.1800, -0.8000, -12.64
0.1900, -0.8000, -12.13
0.2000, -0.8000, -12.01
0.2100, -0.8000, -12.11
0.2200, -0.8000, -11.83
0.2300, -0.8000, -10.59
0.2400, -0.8000, -11.69
0.2500, -0.8000, -10.76
0.2600, -0.8000, -11.37
0.2700, -0.8000, -10.47
0.2800, -0.8000, -11.49
0.2900, -0.8000, -11.62
0.3000, -0.8000, -11.66
0.3100, -0.8000, -10.68
0.3200, -0.8000, -10.93
0.3300, -0.8000, -11.84
0.3400, -0.8000, -11.87
0.3500, -0.8000, -11.21
0.3600, -0.8000, -11.03
0.3700, -0.8000, -10.73
0.3800, -0.8000, -10.01
0.3900, -0.8000, -9.763
0.4000, -0.8000, -11.19
0.4100, -0.8000, -11.11
0.4200, -0.8000, -9.587
0.4300, -0.8000, -12.28
0.4400, -0.8000, -11.03
0.4500, 0.000, -11.01
0.4600, 0.001000, 19.48
0.4700, 0.002000, 9.859
0.4800, 0.003000, 4.309
0.4900, 0.004000, 1.048
0.5000, 0.005000, 0.1223
0.5100, 0.006000, -0.8273
0.5200, 0.007000, -2.121
0.5300, 0.008000, -2.247
0.5400, 0.009000, -1.532
0.5500, 0.01000, -2.173
0.5600, 0.01100, -3.026
0.5700, 0.01200, -3.294
0.5800, 0.01300, -3.866
0.5900, 0.01400, -2.261
0.6000, 0.01500, -2.783
0.6100, 0.01600, -3.382
0.6200, 0.01700, -3.270
0.6300, 0.01800, -4.509
0.6400, 0.01900, -2.988
0.6500, 0.02000, -2.392
0.6600, 0.02100, -3.318
0.6700, 0.02200, -2.705
0.6800, 0.02300, -3.217
0.6900, 0.02400, -4.265
0.7000, 0.02500, -2.765
0.7100, 0.02600, -2.297
0.7200, 0.02700, -1.645
0.7300, 0.02800, -2.052
0.7400, 0.02900, -3.867
0.7500, 0.03000, -4.041
0.7600, 0.03100, -2.199
0.7700, 0.03200, -3.003
0.7800, 0.03300, -3.172
0.7900, 0.03400, -2.420
0.8000, 0.03500, -3.636
0.8100, 0.03600, -3.746
0.8200, 0.03700, -4.639
0.8300, 0.03800, -4.045
0.8400, 0.03900, -3.254
0.8500, 0.04000, -3.067
0.8600, 0.04100, -5.001
0.8700, 0.04200, -4.184
0.8800, 0.04300, -3.564
0.8900, 0.04400, -3.263
0.9000, 0.04500, -4.185
0.9100, 0.04600, -4.960
0.9200, 0.04700, -2.956
0.9300, 0.04800, -4.517
0.9400, 0.04900, -4.662
0.9500, 0.05000, -2.510
0.9600, 0.05100, -5.250
0.9700, 0.05200, -3.933
0.9800, 0.05300, -3.264
0.9900, 0.05400, -3.952
1.000, 0.05500, -2.910
1.010, 0.05600, -5.734
1.020, 0.05700, -3.609
1.030, 0.05800, -2.782
1.040, 0.05900, -3.861
1.050, 0.06000, -5.407
1.060, 0.06100, -4.625
1.070, 0.06200, -4.795
1.080, 0.06300, -4.312
1.090, 0.06400, -4.622
1.100, 0.06500, -2.929
1.110, 0.06600, -4.086
1.120, 0.06700, -3.712
1.130, 0.06800, -2.749
1.140, 0.06900, -2.736
1.150, 0.07000, -2.702
1.160, 0.07100, -3.639
1.170, 0.07200, -3.743
1.180, 0.07300, -2.632
1.190, 0.07400, -3.895
1.200, 0.07500, -3.740
1.210, 0.07600, -3.536
1.220, 0.07700, -2.816
1.230, 0.07800, -3.622
1.240, 0.07900, -3.932
1.250, 0.08000, -3.411
1.260, 0.08100, -4.223
1.270, 0.08200, -3.003
1.280, 0.08300, -2.980
1.290, 0.08400, -3.871
1.300, 0.08500, -3.451
1.310, 0.08600, -3.094
1.320, 0.08700, -4.461
1.330, 0.08800, -4.151
1.340, 0.08900, -4.458
1.350, 0.09000, -5.746
1.360, 0.09100, -3.371
1.370, 0.09200, -4.128
1.380, 0.09300, -4.891
1.390, 0.09400, -3.918
1.400, 0.09500, -4.327
1.410, 0.09600, -4.313
1.420, 0.09700, -3.796
1.430, 0.09800, -2.671
1.440, 0.09900, -3.965
1.450, 0.1000, -3.047
1.460, 0.1010, -3.931
1.470, 0.1020, -4.380
1.480, 0.1030, -3.960
1.490, 0.1040, -4.175
1.500, 0.1050, -5.760
1.510, 0.1060, -3.646
1.520, 0.1070, -3.879
1.530, 0.1080, -3.557
1.540, 0.1090, -4.382
1.550, 0.1100, -4.165
1.560, 0.1110, -4.585
1.570, 0.1120, -2.874
1.580, 0.1130, -2.491
1.590, 0.1140, -2.839
1.600, 0.1150, -5.043
1.610, 0.1160, -4.610
1.620, 0.1170, -3.879
1.630, 0.1180, -3.522
1.640, 0.1190, -3.154
1.650, 0.1200, -4.797
1.660, 0.1210, -4.546
1.670, 0.1220, -1.882
1.680, 0.1230, -3.181
1.690, 0.1240, -4.191
1.700, 0.1250, -4.455
1.710, 0.1260, -4.744
1.720, 0.1270, -3.266
1.730, 0.1280, -2.601
1.740, 0.1290, -1.808
1.750, 0.1300, -4.861
1.760, 0.1310, -3.410
1.770, 0.1320, -3.141
1.780, 0.1330, -3.464
1.790, 0.1340, -3.982
1.800, 0.1350, -3.639
1.810, 0.1360, -5.317
1.820, 0.1370, -4.030
1.830, 0.1380, -3.459
1.840, 0.1390, -5.022
1.850, 0.1400, -4.738
1.860, 0.1410, -3.118
1.870, 0.1420, -4.375
1.880, 0.1430, -4.111
1.890, 0.1440, -3.735
1.900, 0.1450, -2.773
1.910, 0.1460, -4.165
1.920, 0.1470, -3.260
1.930, 0.1480, -3.973
1.940, 0.1490, -3.170
1.950, 0.1500, -4.279
1.960, 0.1510, -2.939
1.970, 0.1520, -4.699
1.980, 0.1530, -4.121
1.990, 0.1540, -1.996
2.000, 0.1550, -4.332
2.010, 0.1560, -2.850
2.020, 0.1570, -2.719
2.030, 0.1580, -4.730
2.040, 0.1590, -2.537
2.050, 0.1600, -2.490
2.060, 0.1610, -2.803
2.070, 0.1620, -3.636
2.080, 0.1630, -3.275
2.090, 0.1640, -2.271
2.100, 0.1650, -4.366
2.110, 0.1660, -3.362
2.120, 0.1670, -4.102
2.130, 0.1680, -3.247
2.140, 0.1690, -3.245
2.150, 0.1700, -3.961
2.160, 0.1710, -3.996
2.170, 0.1720, -3.610
2.180, 0.1730, -2.927
2.190, 0.1740, -4.652
2.200, 0.1750, -4.572
2.210, 0.1760, -2.561
2.220, 0.1770, -3.617
2.230, 0.1780, -4.271
2.240, 0.1790, -3.309
2.250, 0.1800, -3.532
2.260, 0.1810, -4.009
2.270, 0.1820, -4.871
2.280, 0.1830, -3.273
2.290, 0.1840, -2.837
2.300, 0.1850, -2.967
2.310, 0.1860, -3.120
2.320, 0.1870, -3.255
2.330, 0.1880, -2.509
2.340, 0.1890, -3.752
2.350, 0.1900, -3.743
2.360, 0.1910, -3.442
2.370, 0.1920, -1.982
2.380, 0.1930, -2.869
2.390, 0.1940, -3.542
2.400, 0.1950, -2.336
2.410, 0.1960, -3.819
2.420, 0.1970, -3.778
2.430, 0.1980, -3.063
2.440, 0.1990, -2.805
2.450, 0.2000, -2.766
2.460, 0.2010, -2.394
2.470, 0.2020, -3.548
2.480, 0.2030, -3.538
2.490, 0.2040, -2.694
2.500, 0.2050, -1.760
2.510, 0.2060, -3.446
2.520, 0.2070, -2.782
2.530, 0.2080, -2.350
2.540, 0.2090, -2.830
2.550, 0.2100, -3.614
2.560, 0.2110, -3.030
2.570, 0.2120, -3.114
2.580, 0.2130, -3.295
2.590, 0.2140, -2.534
2.600, 0.2150, -2.057
2.610, 0.2160, -3.738
2.620, 0.2170, -3.103
2.630, 0.2180, -2.881
2.640, 0.2190, -3.863
2.650, 0.2200, -2.770
2.660, 0.2210, -1.894
2.670, 0.2220, -3.109
2.680, 0.2230, -3.060
2.690, 0.2240, -3.800
2.700, 0.2250, -3.294
2.710, 0.2260, -2.801
2.720, 0.2270, -1.720
2.730, 0.2280, -1.519
2.740, 0.2290, -2.107
2.750, 0.2300, -2.787
2.760, 0.2310, -3.063
2.770, 0.2320, -3.476
2.780, 0.2330, -2.394
2.790, 0.2340, -2.416
2.800, 0.2350, -2.696
2.810, 0.2360, -3.855
2.820, 0.2370, -2.628
2.830, 0.2380, -0.1301
2.840, 0.2390, -2.904
2.850, 0.2400, -2.438
2.860, 0.2410, -2.304
2.870, 0.2420, -1.907
2.880, 0.2430, -2.047
2.890, 0.2440, -2.399
2.900, 0.2450, -2.262
2.910, 0.2460, -2.447
2.920, 0.2470, -1.514
2.930, 0.2480, -1.689
2.940, 0.2490, -2.050
2.950, 0.2500, -3.501
2.960, 0.2510, -2.734
2.970, 0.2520, -2.503
2.980, 0.2530, -3.073
2.990, 0.2540, -2.602
3.000, 0.2550, -3.244
3.010, 0.2560, -2.359
3.020, 0.2570, -2.799
3.030, 0.2580, -2.624
3.040, 0.2590, -2.359
3.050, 0.2600, -1.564
3.060, 0.2610, -1.676
3.070, 0.2620, -1.360
3.080, 0.2630, -0.3464
3.090, 0.2640, -2.560
3.100, 0.2650, -0.9840
3.110, 0.2660, -1.375
3.120, 0.2670, -3.528
3.130, 0.2680, -2.876
3.140, 0.2690, -0.8662
3.150, 0.2700, -1.291
3.160, 0.2710, -2.312
3.170, 0.2720, -1.522
3.180, 0.2730, -3.666
3.190, 0.2740, -3.030
3.200, 0.2750, -1.507
3.210, 0.2760, -2.297
3.220, 0.2770, -2.277
3.230, 0.2780, -1.518
3.240, 0.2790, -1.590
3.250, 0.2800, -0.03481
3.260, 0.2810, -0.5416
3.270, 0.2820, -0.7466
3.280, 0.2830, -0.8807
3.290, 0.2840, -2.467
3.300, 0.2850, -1.730
3.310, 0.2860, -2.128
3.320, 0.2870, -1.022
3.330, 0.2880, -2.682
3.340, 0.2890, -1.386
3.350, 0.2900, -2.088
3.360, 0.2910, -2.156
3.370, 0.2920, -0.4043
3.380, 0.2930, -2.290
3.390, 0.2940, -2.493
3.400, 0.2950, -0.1921
3.410, 0.2960, -1.220
3.420, 0.2970, -1.921
3.430, 0.2980, -2.272
3.440, 0.2990, -0.8465
3.450, 0.3000, 0.4421
3.460, 0.3010, -0.2734
3.470, 0.3020, 1.528
3.480, 0.3030, -1.954
3.490, 0.3040, 0.4636
3.500, 0.3050, -1.195
3.510, 0.3060, -1.522
3.520, 0.3070, 0.1689
3.530, 0.3080, -1.121
3.540, 0.3090, -0.7187
3.550, 0.3100, 0.7800
3.560, 0.3110, -0.4515
3.570, 0.3120, -1.157
3.580, 0.3130, -1.027
3.590, 0.3140, -0.9847
3.600, 0.3150, 1.183
3.610, 0.3160, -0.7979
3.620, 0.3170, 0.9000
3.630, 0.3180, -0.4789
3.640, 0.3190, 0.1326
3.650, 0.3200, 0.4686
3.660, 0.3210, 1.010
3.670, 0.3220, 0.9480
3.680, 0.3230, 0.5466
3.690, 0.3240, 1.597
3.700, 0.3250, 0.7916
3.710, 0.3260, 0.4374
3.720, 0.3270, 0.3580
3.730, 0.3280, -0.8224
3.740, 0.3290, -0.1973
3.750, 0.3300, 0.6569
3.760, 0.3310, -0.9891
3.770, 0.3320, 1.180
3.780, 0.3330, 0.6631
3.790, 0.3340, 1.385
3.800, 0.3350, 1.413
3.810, 0.3360, 1.561
3.820, 0.3370, 0.8836
3.830, 0.3380, 0.9044
3.840, 0.3390, 1.274
3.850, 0.3400, 2.002
3.860, 0.3410, 1.529
3.870, 0.3420, 2.832
3.880, 0.3430, 0.9660
3.890, 0.3440, 2.296
3.900, 0.3450, 2.676
3.910, 0.3460, 3.527
3.920, 0.3470, 3.294
3.930, 0.3480, 2.419
3.940, 0.3490, 3.305
3.950, 0.3500, 2.915
3.960, 0.3510, 1.727
3.970, 0.3520, 1.544
3.980, 0.3530, 1.147
3.990, 0.3540, 2.782
4.000, 0.3550, 2.623
4.010, 0.3560, 2.177
4.020, 0.3570, 0.9401
4.030, 0.3580, 3.879
4.040, 0.3590, 2.471
4.050, 0.3600, 2.746
4.060, 0.3610, 2.347
4.070, 0.3620, 4.567
4.080, 0.3630, 4.884
4.090, 0.3640, 4.466
4.100, 0.3650, 3.979
4.110, 0.3660, 3.385
4.120, 0.3670, 4.780
4.130, 0.3680, 4.446
4.140, 0.3690, 2.989
4.150, 0.3700, 4.650
4.160, 0.3710, 3.363
4.170, 0.3720, 4.667
4.180, 0.3730, 2.551
4.190, 0.3740, 4.210
4.200, 0.3750, 3.353
4.210, 0.3760, 3.682
4.220, 0.3770, 4.750
4.230, 0.3780, 4.771
4.240, 0.3790, 6.254
4.250, 0.3800, 4.871
4.260, 0.3810, 3.554
4.270, 0.3820, 4.272
4.280, 0.3830, 4.903
4.290, 0.3840, 5.137
4.300, 0.3850, 3.918
4.310, 0.3860, 4.771
4.320, 0.3870, 4.220
4.330, 0.3880, 4.589
4.340, 0.3890, 3.463
4.350, 0.3900, 4.702
4.360, 0.3910, 4.290
4.370, 0.3920, 5.632
4.380, 0.3930, 6.133
4.390, 0.3940, 4.931
4.400, 0.3950, 4.484
4.410, 0.3960, 3.881
4.420, 0.3970, 4.268
4.430, 0.3980, 5.810
4.440, 0.3990, 6.182
4.450, 0.4000, 5.316
4.460, 0.4010, 6.033
4.470, 0.4020, 6.038
4.480, 0.4030, 6.291
4.490, 0.4040, 5.638
4.500, 0.4050, 5.663
4.510, 0.4060, 6.738
4.520, 0.4070, 6.334
4.530, 0.4080, 7.594
4.540, 0.4090, 5.921
4.550, 0.4100, 6.325
4.560, 0.4110, 7.100
4.570, 0.4120, 7.851
4.580, 0.4130, 8.742
4.590, 0.4140, 6.531
4.600, 0.4150, 7.580
4.610, 0.4160, 7.203
4.620, 0.4170, 6.804
4.630, 0.4180, 6.748
4.640, 0.4190, 6.949
4.650, 0.4200, 7.528
4.660, 0.4210, 7.146
4.670, 0.4220, 5.343
4.680, 0.4230, 7.936
4.690, 0.4240, 8.218
4.700, 0.4250, 7.786
4.710, 0.4260, 9.259
4.720, 0.4270, 8.841
4.730, 0.4280, 8.142
4.740, 0.4290, 8.394
4.750, 0.4300, 9.392
4.760, 0.4310, 8.482
4.770, 0.4320, 9.443
4.780, 0.4330, 8.628
4.790, 0.4340, 9.442
4.800, 0.4350, 8.217
4.810, 0.4360, 8.768
4.820, 0.4370, 9.340
4.830, 0.4380, 8.034
4.840, 0.4390, 8.644
4.850, 0.4400, 9.209
4.860, 0.4410, 10.33
4.870, 0.4420, 8.928
4.880, 0.4430, 10.08
4.890, 0.4440, 9.192
4.900, 0.4450, 9.606
4.910, 0.4460, 9.861
4.920, 0.4470, 10.92
4.930, 0.4480, 10.14
4.940, 0.4490, 10.83
4.950, 0.4500, 10.08
4.960, 0.4510, 9.378
4.970, 0.4520, 10.54
4.980, 0.4530, 10.68
4.990, 0.4540, 10.40
5.000, 0.4550, 10.28
5.010, 0.4560, 11.73
5.020, 0.4570, 11.24
5.030, 0.4580, 11.55
5.040, 0.4590, 10.64
5.050, 0.4600, 11.20
5.060, 0.4610, 11.72
5.070, 0.4620, 12.05
5.080, 0.4630, 11.28
5.090, 0.4640, 12.01
5.100, 0.4650, 10.92
5.110, 0.4660, 11.79
5.120, 0.4670, 11.16
5.130, 0.4680, 11.62
5.140, 0.4690, 12.06
5.150, 0.4700, 11.84
5.160, 0.4710, 11.40
5.170, 0.4720, 11.60
5.180, 0.4730, 11.70
5.190, 0.4740, 13.02
5.200, 0.4750, 11.88
5.210, 0.4760, 11.89
5.220, 0.4770, 13.08
5.230, 0.4780, 12.06
5.240, 0.4790, 11.86
5.250, 0.4800, 12.69
5.260, 0.4810, 12.55
5.270, 0.4820, 11.56
5.280, 0.4830, 13.69
5.290, 0.4840, 13.67
5.300, 0.4850, 13.43
5.310, 0.4860, 13.68
5.320, 0.4870, 12.65
5.330, 0.4880, 12.44
5.340, 0.4890, 14.13
5.350, 0.4900, 12.31
5.360, 0.4910, 13.70
5.370, 0.4920, 13.30
5.380, 0.4930, 14.95
5.390, 0.4940, 13.56
5.400, 0.4950, 13.73
5.410, 0.4960, 14.31
5.420, 0.4970, 14.13
5.430, 0.4980, 15.71
5.440, 0.4990, 15.13
5.450, 0.5000, 15.39
5.460, 0.5010, 12.72
5.470, 0.5020, 14.60
5.480, 0.5030, 14.26
5.490, 0.5040, 14.99
5.500, 0.5050, 15.15
5.510, 0.5060, 13.88
5.520, 0.5070, 13.65
5.530, 0.5080, 14.55
5.540, 0.5090, 14.78
5.550, 0.5100, 15.35
5.560, 0.5110, 14.95
5.570, 0.5120, 14.66
5.580, 0.5130, 15.83
5.590, 0.5140, 14.55
5.600, 0.5150, 14.67
5.610, 0.5160, 15.30
5.620, 0.5170, 15.20
5.630, 0.5180, 14.67
5.640, 0.5190, 15.00
5.650, 0.5200, 15.30
5.660, 0.5210, 16.03
5.670, 0.5220, 15.05
5.680, 0.5230, 15.00
5.690, 0.5240, 15.68
5.700, 0.5250, 15.85
5.710, 0.5260, 16.04
5.720, 0.5270, 14.71
5.730, 0.5280, 15.74
5.740, 0.5290, 16.15
5.750, 0.5300, 13.93
5.760, 0.5310, 16.48
5.770, 0.5320, 15.37
5.780, 0.5330, 15.76
5.790, 0.5340, 15.71
5.800, 0.5350, 14.63
5.810, 0.5360, 15.07
5.820, 0.5370, 16.42
5.830, 0.5380, 16.36
5.840, 0.5390, 16.99
5.850, 0.5400, 16.47
5.860, 0.5410, 17.34
5.870, 0.5420, 16.29
5.880, 0.5430, 16.33
5.890, 0.5440, 16.64
5.900, 0.5450, 15.95
5.910, 0.5460, 17.06
5.920, 0.5470, 15.50
5.930, 0.5480, 15.44
5.940, 0.5490, 16.46
5.950, 0.5500, 16.07
5.960, 0.5510, 15.81
5.970, 0.5520, 15.02
5.980, 0.5530, 16.08
5.990, 0.5540, 17.19
6.000, 0.5550, 16.38
6.010, 0.5560, 16.97
6.020, 0.5570, 16.82
6.030, 0.5580, 17.00
6.040, 0.5590, 17.13
6.050, 0.5600, 18.09
6.060, 0.5610, 17.19
6.070, 0.5620, 17.39
6.080, 0.5630, 16.58
6.090, 0.5640, 16.77
6.100, 0.5650, 17.04
6.110, 0.5660, 16.41
6.120, 0.5670, 16.27
6.130, 0.5680, 15.81
6.140, 0.5690, 15.71
6.150, 0.5700, 16.92
6.160, 0.5710, 16.92
6.170, 0.5720, 15.77
6.180, 0.5730, 18.16
6.190, 0.5740, 16.52
6.200, 0.5750, 16.87
6.210, 0.5760, 17.29
6.220, 0.5770, 17.12
6.230, 0.5780, 17.88
6.240, 0.5790, 15.94
6.250, 0.5800, 16.22
6.260, 0.5810, 17.13
6.270, 0.5820, 16.86
6.280, 0.5830, 17.31
6.290, 0.5840, 16.68
6.300, 0.5850, 17.05
6.310, 0.5860, 17.67
6.320, 0.5870, 17.52
6.330, 0.5880, 17.24
6.340, 0.5890, 18.07
6.350, 0.5900, 16.47
6.360, 0.5910, 16.24
6.370, 0.5920, 17.89
6.380, 0.5930, 17.75
6.390, 0.5940, 15.79
6.400, 0.5950, 17.12
6.410, 0.5960, 17.04
6.420, 0.5970, 16.49
6.430, 0.5980, 16.91
6.440, 0.5990, 17.56
6.450, 0.6000, 17.34
6.460, 0.6010, 16.85
6.470, 0.6020, 16.29
6.480, 0.6030, 17.61
6.490, 0.6040, 16.04
6.500, 0.6050, 16.49
6.510, 0.6060, 17.66
6.520, 0.6070, 16.51
6.530, 0.6080, 16.46
6.540, 0.6090, 17.49
6.550, 0.6100, 16.73
6.560, 0.6110, 16.46
6.570, 0.6120, 17.02
6.580, 0.6130, 16.84
6.590, 0.6140, 16.99
6.600, 0.6150, 17.45
6.610, 0.6160, 15.99
6.620, 0.6170, 17.44
6.630, 0.6180, 17.97
6.640, 0.6190, 17.10
6.650, 0.6200, 17.74
6.660, 0.6210, 18.30
6.670, 0.6220, 17.15
6.680, 0.6230, 17.87
6.690, 0.6240, 16.25
6.700, 0.6250, 17.17
6.710, 0.6260, 16.39
6.720, 0.6270, 16.12
6.730, 0.6280, 16.46
6.740, 0.6290, 16.92
6.750, 0.6300, 16.44
6.760, 0.6310, 16.24
6.770, 0.6320, 16.56
6.780, 0.6330, 17.55
6.790, 0.6340, 17.04
6.800, 0.6350, 16.63
6.810, 0.6360, 16.11
6.820, 0.6370, 17.68
6.830, 0.6380, 18.10
6.840, 0.6390, 17.28
6.850, 0.6400, 18.04
6.860, 0.6410, 16.53
6.870, 0.6420, 17.37
6.880, 0.6430, 16.33
6.890, 0.6440, 16.83
6.900, 0.6450, 17.36
6.910, 0.6460, 17.50
6.920, 0.6470, 16.28
6.930, 0.6480, 17.35
6.940, 0.6490, 16.51
6.950, 0.6500, 17.39
6.960, 0.6510, 15.72
6.970, 0.6520, 16.31
6.980, 0.6530, 16.85
6.990, 0.6540, 16.88
7.000, 0.6550, 17.52
7.010, 0.6560, 16.88
7.020, 0.6570, 17.93
7.030, 0.6580, 17.18
7.040, 0.6590, 16.82
7.050, 0.6600, 17.06
7.060, 0.6610, 18.01
7.070, 0.6620, 16.69
7.080, 0.6630, 17.97
7.090, 0.6640, 17.55
7.100, 0.6650, 17.63
7.110, 0.6660, 17.43
7.120, 0.6670, 16.50
7.130, 0.6680, 17.00
7.140, 0.6690, 17.34
7.150, 0.6700, 16.91
7.160, 0.6710, 17.15
7.170, 0.6720, 17.77
7.180, 0.6730, 17.11
7.190, 0.6740, 17.38
7.200, 0.6750, 18.42
7.210, 0.6760, 17.26
7.220, 0.6770, 17.70
7.230, 0.6780, 17.26
7.240, 0.6790, 16.65
7.250, 0.6800, 16.74
7.260, 0.6810, 16.74
7.270, 0.6820, 16.95
7.280, 0.6830, 17.26
7.290, 0.6840, 16.61
7.300, 0.6850, 17.24
7.310, 0.6860, 17.41
7.320, 0.6870, 17.04
7.330, 0.6880, 17.25
7.340, 0.6890, 17.54
7.350, 0.6900, 16.27
7.360, 0.6910, 17.62
7.370, 0.6920, 18.22
7.380, 0.6930, 17.23
7.390, 0.6940, 16.54
7.400, 0.6950, 17.76
7.410, 0.6960, 16.81
7.420, 0.6970, 18.53
7.430, 0.6980, 17.08
7.440, 0.6990, 16.98
7.450, 0.7000, 17.45
7.460, 0.7010, 18.22
7.470, 0.7020, 17.70
7.480, 0.7030, 17.71
7.490, 0.7040, 17.53
7.500, 0.7050, 17.19
7.510, 0.7060, 16.72
7.520, 0.7070, 16.80
7.530, 0.7080, 17.32
7.540, 0.7090, 16.93
7.550, 0.7100, 18.13
7.560, 0.7110, 18.48
7.570, 0.7120, 17.77
7.580, 0.7130, 18.13
7.590, 0.7140, 18.14
7.600, 0.7150, 17.46
7.610, 0.7160, 16.69
7.620, 0.7170, 17.77
7.630, 0.7180, 16.83
7.640, 0.7190, 16.90
7.650, 0.7200, 16.40
7.660, 0.7210, 16.95
7.670, 0.7220, 15.31
7.680, 0.7230, 15.96
7.690, 0.7240, 17.70
7.700, 0.7250, 16.54
7.710, 0.7260, 16.90
7.720, 0.7270, 18.07
7.730, 0.7280, 17.55
7.740, 0.7290, 16.67
7.750, 0.7300, 16.56
7.760, 0.7310, 17.93
7.770, 0.7320, 16.70
7.780, 0.7330, 16.55
7.790, 0.7340, 16.95
7.800, 0.7350, 17.67
7.810, 0.7360, 17.83
7.820, 0.7370, 17.14
7.830, 0.7380, 16.85
7.840, 0.7390, 18.28
7.850, 0.7400, 17.82
7.860, 0.7410, 18.03
7.870, 0.7420, 16.27
7.880, 0.7430, 16.79
7.890, 0.7440, 17.32
7.900, 0.7450, 17.16
7.910, 0.7460, 16.85
7.920, 0.7470, 17.79
7.930, 0.7480, 17.68
7.940, 0.7490, 18.10
7.950, 0.7500, 17.78
7.960, 0.7510, 16.73
7.970, 0.7520, 16.74
7.980, 0.7530, 18.45
7.990, 0.7540, 17.14
8.000, 0.7550, 17.42
8.010, 0.7560, 17.51
8.020, 0.7570, 18.01
8.030, 0.7580, 16.89
8.040, 0.7590, 17.62
8.050, 0.7600, 17.57
8.060, 0.7610, 18.03
8.070, 0.7620, 16.84
8.080, 0.7630, 16.27
8.090, 0.7640, 17.66
8.100, 0.7650, 16.62
8.110, 0.7660, 16.98
8.120, 0.7670, 15.97
8.130, 0.7680, 17.57
8.140, 0.7690, 17.40
8.150, 0.7700, 16.90
8.160, 0.7710, 15.86
8.170, 0.7720, 16.28
8.180, 0.7730, 16.67
8.190, 0.7740, 17.71
8.200, 0.7750, 17.71
8.210, 0.7760, 15.68
8.220, 0.7770, 16.84
8.230, 0.7780, 17.59
8.240, 0.7790, 16.70
8.250, 0.7800, 16.90
8.260, 0.7810, 16.52
8.270, 0.7820, 17.51
8.280, 0.7830, 17.18
8.290, 0.7840, 16.78
8.300, 0.7850, 17.75
8.310, 0.7860, 16.54
8.320, 0.7870, 17.34
8.330, 0.7880, 18.02
8.340, 0.7890, 17.20
8.350, 0.7900, 17.58
8.360, 0.7910, 17.58
8.370, 0.7920, 16.86
8.380, 0.7930, 16.92
8.390, 0.7940, 16.83
8.400, 0.7950, 17.01
8.410, 0.7960, 16.50
8.420, 0.7970, 16.35
8.430, 0.7980, 16.33
8.440, 0.7990, 17.12
8.450, 0.8000, 17.52
8.460, 0.8010, 17.59
8.470, 0.8020, 15.75
8.480, 0.8030, 17.12
8.490, 0.8040, 17.09
8.500, 0.8050, 16.59
8.510, 0.8060, 16.89
8.520, 0.8070, 15.64
8.530, 0.8080, 17.11
8.540, 0.8090, 16.55
8.550, 0.8100, 17.15
8.560, 0.8110, 17.56
8.570, 0.8120, 16.65
8.580, 0.8130, 16.71
8.590, 0.8140, 15.81
8.600, 0.8150, 16.17
8.610, 0.8160, 15.20
8.620, 0.8170, 16.60
8.630, 0.8180, 16.51
8.640, 0.8190, 15.96
8.650, 0.8200, 16.79
8.660, 0.8210, 17.11
8.670, 0.8220, 16.09
8.680, 0.8230, 16.04
8.690, 0.8240, 17.87
8.700, 0.8250, 16.47
8.710, 0.8260, 17.58
8.720, 0.8270, 17.33
8.730, 0.8280, 16.32
8.740, 0.8290, 17.47
8.750, 0.8300, 17.51
8.760, 0.8310, 16.23
8.770, 0.8320, 16.45
8.780, 0.8330, 16.15
8.790, 0.8340, 18.18
8.800, 0.8350, 16.99
8.810, 0.8360, 17.90
8.820, 0.8370, 16.43
8.830, 0.8380, 15.77
8.840, 0.8390, 16.02
8.850, 0.8400, 16.33
8.860, 0.8410, 17.47
8.870, 0.8420, 17.37
8.880, 0.8430, 16.98
8.890, 0.8440, 17.81
8.900, 0.8450, 15.82
8.910, 0.8460, 16.84
8.920, 0.8470, 16.25
8.930, 0.8480, 18.28
8.940, 0.8490, 17.02
8.950, 0.8500, 15.92
8.960, 0.8510, 15.67
8.970, 0.8520, 16.19
8.980, 0.8530, 17.00
8.990, 0.8540, 15.20
9.000, 0.8550, 16.88
9.010, 0.8560, 16.34
9.020, 0.8570, 16.65
9.030, 0.8580, 17.45
9.040, 0.8590, 15.93
9.050, 0.8600, 16.74
9.060, 0.8610, 17.01
9.070, 0.8620, 17.05
9.080, 0.8630, 16.07
9.090, 0.8640, 15.55
9.100, 0.8650, 15.80
9.110, 0.8660, 16.02
9.120, 0.8670, 16.07
9.130, 0.8680, 16.35
9.140, 0.8690, 18.12
9.150, 0.8700, 16.08
9.160, 0.8710, 16.42
9.170, 0.8720, 16.82
9.180, 0.8730, 17.68
9.190, 0.8740, 17.03
9.200, 0.8750, 17.15
9.210, 0.8760, 16.30
9.220, 0.8770, 17.37
9.230, 0.8780, 17.12
9.240, 0.8790, 17.34
9.250, 0.8800, 16.37
9.260, 0.8810, 17.11
9.270, 0.8820, 16.88
9.280, 0.8830, 16.63
9.290, 0.8840, 16.70
9.300, 0.8850, 16.55
9.310, 0.8860, 16.32
9.320, 0.8870, 16.97
9.330, 0.8880, 17.68
9.340, 0.8890, 16.96
9.350, 0.8900, 16.76
9.360, 0.8910, 17.76
9.370, 0.8920, 15.49
9.380, 0.8930, 16.59
9.390, 0.8940, 17.66
9.400, 0.8950, 18.19
9.410, 0.8960, 18.02
9.420, 0.8970, 16.96
9.430, 0.8980, 16.52
9.440, 0.8990, 16.98
9.450, 0.9000, 16.43
9.460, 0.9010, 16.11
9.470, 0.9020, 18.49
9.480, 0.9030, 15.84
9.490, 0.9040, 16.81
9.500, 0.9050, 16.05
9.510, 0.9060, 17.47
9.520, 0.9070, 18.01
9.530, 0.9080, 18.12
9.540, 0.9090, 17.87
9.550, 0.9100, 18.08
9.560, 0.9110, 17.94
9.570, 0.9120, 17.89
9.580, 0.9130, 18.18
9.590, 0.9140, 16.71
9.600, 0.9150, 16.63
9.610, 0.9160, 16.81
9.620, 0.9170, 16.43
9.630, 0.9180, 17.53
9.640, 0.9190, 16.73
9.650, 0.9200, 17.36
9.660, 0.9210, 15.69
9.670, 0.9220, 17.18
9.680, 0.9230, 16.00
9.690, 0.9240, 17.51
9.700, 0.9250, 17.60
9.710, 0.9260, 16.78
9.720, 0.9270, 17.72
9.730, 0.9280, 18.23
9.740, 0.9290, 18.34
9.750, 0.9300, 17.13
9.760, 0.9310, 17.73
9.770, 0.9320, 16.86
9.780, 0.9330, 16.24
9.790, 0.9340, 17.65
9.800, 0.9350, 15.79
9.810, 0.9360, 17.63
9.820, 0.9370, 17.10
9.830, 0.9380, 17.58
9.840, 0.9390, 16.57
9.850, 0.9400, 15.59
9.860, 0.9410, 17.63
9.870, 0.9420, 17.63
9.880, 0.9430, 17.57
9.890, 0.9440, 17.02
9.900, 0.9450, 18.42
9.910, 0.9460, 16.36
9.920, 0.9470, 16.65
9.930, 0.9480, 16.66
9.940, 0.9490, 15.68
9.950, 0.9500, 16.98
9.960, 0.9510, 18.32
9.970, 0.9520, 17.25
9.980, 0.9530, 17.43
9.990, 0.9540, 18.01
10.00, 0.9550, 18.10
10.01, 0.9560, 18.64
10.02, 0.9570, 18.91
10.03, 0.9580, 18.43
10.04, 0.9590, 18.40
10.05, 0.9600, 17.05
10.06, 0.9610, 19.24
10.07, 0.9620, 17.13
10.08, 0.9630, 18.73
10.09, 0.9640, 17.62
10.10, 0.9650, 17.68
10.11, 0.9660, 18.15
10.12, 0.9670, 16.84
10.13, 0.9680, 18.38
10.14, 0.9690, 17.26
10.15, 0.9700, 18.00
10.16, 0.9710, 18.56
10.17, 0.9720, 18.18
10.18, 0.9730, 18.17
10.19, 0.9740, 18.39
10.20, 0.9750, 17.12
10.21, 0.9760, 18.21
10.22, 0.9770, 18.75
10.23, 0.9780, 18.58
10.24, 0.9790, 18.39
10.25, 0.9800, 19.10
10.26, 0.9810, 17.78
10.27, 0.9820, 17.69
10.28, 0.9830, 18.48
10.29, 0.9840, 18.76
10.30, 0.9850, 17.50
10.31, 0.9860, 16.98
10.32, 0.9870, 16.99
10.33, 0.9880, 17.40
10.34, 0.9890, 15.92
10.35, 0.9900, 18.11
10.36, 0.9910, 18.08
10.37, 0.9920, 19.04
10.38, 0.9930, 19.25
10.39, 0.9940, 20.23
10.40, 0.9950, 18.48
10.41, 0.9960, 17.79
10.42, 0.9970, 17.77
10.43, 0.9980, 18.23
10.44, 0.9990, 18.50
10.45, 1.000, 18.46
10.46, 1.001, 17.29
10.47, 1.002, 17.83
10.48, 1.003, 18.10
10.49, 1.004, 17.77
10.50, 1.005, 18.26
10.51, 1.006, 17.72
10.52, 1.007, 18.30
10.53, 1.008, 19.02
10.54, 1.009, 17.38
10.55, 1.010, 18.31
10.56, 1.011, 17.81
10.57, 1.012, 17.90
10.58, 1.013, 16.54
10.59, 1.014, 18.19
10.60, 1.015, 17.76
10.61, 1.016, 17.77
10.62, 1.017, 18.74
10.63, 1.018, 18.71
10.64, 1.019, 18.19
10.65, 1.020, 18.38
10.66, 1.021, 18.03
10.67, 1.022, 18.36
10.68, 1.023, 18.02
10.69, 1.024, 16.68
10.70, 1.025, 19.65
10.71, 1.026, 17.89
10.72, 1.027, 18.97
10.73, 1.028, 18.96
10.74, 1.029, 19.15
10.75, 1.030, 19.67
10.76, 1.031, 19.68
10.77, 1.032, 18.33
10.78, 1.033, 19.33
10.79, 1.034, 19.49
10.80, 1.035, 18.79
10.81, 1.036, 18.18
10.82, 1.037, 20.26
10.83, 1.038, 19.69
10.84, 1.039, 19.36
10.85, 1.040, 19.83
10.86, 1.041, 19.72
10.87, 1.042, 18.76
10.88, 1.043, 19.04
10.89, 1.044, 19.16
10.90, 1.045, 19.48
10.91, 1.046, 19.42
10.92, 1.047, 18.78
10.93, 1.048, 19.18
10.94, 1.049, 18.98
10.95, 1.050, 19.20
10.96, 1.051, 18.88
10.97, 1.052, 19.85
10.98, 1.053, 20.00
10.99, 1.054, 18.31
11.00, 1.055, 19.11
11.01, 1.056, 19.76
11.02, 1.057, 19.16
11.03, 1.058, 19.86
11.04, 1.059, 19.82
11.05, 1.060, 19.62
11.06, 1.061, 19.26
11.07, 1.062, 19.24
11.08, 1.063, 19.57
11.09, 1.064, 19.67
11.10, 1.065, 19.64
11.11, 1.066, 18.76
11.12, 1.067, 19.11
11.13, 1.068, 20.62
11.14, 1.069, 20.10
11.15, 1.070, 19.77
11.16, 1.071, 19.40
11.17, 1.072, 19.68
11.18, 1.073, 20.63
11.19, 1.074, 20.00
11.20, 1.075, 20.83
11.21, 1.076, 18.32
11.22, 1.077, 20.95
11.23, 1.078, 20.14
11.24, 1.079, 20.72
11.25, 1.080, 18.75
11.26, 1.081, 20.29
11.27, 1.082, 20.43
11.28, 1.083, 20.28
11.29, 1.084, 19.89
11.30, 1.085, 20.48
11.31, 1.086, 20.96
11.32, 1.087, 21.23
11.33, 1.088, 20.05
11.34, 1.089, 21.94
11.35, 1.090, 20.66
11.36, 1.091, 19.60
11.37, 1.092, 21.32
11.38, 1.093, 20.76
11.39, 1.094, 20.61
11.40, 1.095, 20.07
11.41, 1.096, 19.12
11.42, 1.097, 20.73
11.43, 1.098, 21.00
11.44, 1.099, 21.31
11.45, 1.100, 20.63
11.46, 1.101, 20.59
11.47, 1.102, 21.93
11.48, 1.103, 21.08
11.49, 1.104, 21.94
11.50, 1.105, 21.16
11.51, 1.106, 22.24
11.52, 1.107, 21.62
11.53, 1.108, 22.81
11.54, 1.109, 21.34
11.55, 1.110, 19.62
11.56, 1.111, 21.53
11.57, 1.112, 20.79
11.58, 1.113, 22.15
11.59, 1.114, 21.51
11.60, 1.115, 21.03
11.61, 1.116, 21.63
11.62, 1.117, 21.78
11.63, 1.118, 21.26
11.64, 1.119, 21.97
11.65, 1.120, 22.57
11.66, 1.121, 22.18
11.67, 1.122, 23.26
11.68, 1.123, 22.39
11.69, 1.124, 23.28
11.70, 1.125, 22.31
11.71, 1.126, 22.22
11.72, 1.127, 21.75
11.73, 1.128, 22.22
11.74, 1.129, 22.60
11.75, 1.130, 23.96
11.76, 1.131, 22.56
11.77, 1.132, 22.51
11.78, 1.133, 23.17
11.79, 1.134, 23.34
11.80, 1.135, 22.24
11.81, 1.136, 22.60
11.82, 1.137, 23.48
11.83, 1.138, 22.49
11.84, 1.139, 23.94
11.85, 1.140, 23.94
11.86, 1.141, 23.67
11.87, 1.142, 23.52
11.88, 1.143, 22.68
11.89, 1.144, 22.74
11.90, 1.145, 22.84
11.91, 1.146, 23.05
11.92, 1.147, 22.81
11.93, 1.148, 23.78
11.94, 1.149, 23.86
11.95, 1.150, 23.20
11.96, 1.151, 23.95
11.97, 1.152, 23.86
11.98, 1.153, 23.28
11.99, 1.154, 23.50
12.00, 1.155, 23.29
12.01, 1.156, 22.85
12.02, 1.157, 24.04
12.03, 1.158, 23.95
12.04, 1.159, 24.04
12.05, 1.160, 23.57
12.06, 1.161, 23.58
12.07, 1.162, 23.77
12.08, 1.163, 24.04
12.09, 1.164, 25.14
12.10, 1.165, 25.26
12.11, 1.166, 23.99
12.12, 1.167, 24.96
12.13, 1.168, 25.45
12.14, 1.169, 24.50
12.15, 1.170, 25.29
12.16, 1.171, 25.46
12.17, 1.172, 25.04
12.18, 1.173, 26.03
12.19, 1.174, 26.04
12.20, 1.175, 25.21
12.21, 1.176, 25.55
12.22, 1.177, 25.06
12.23, 1.178, 24.76
12.24, 1.179, 25.49
12.25, 1.180, 25.26
12.26, 1.181, 26.39
12.27, 1.182, 27.02
12.28, 1.183, 26.56
12.29, 1.184, 26.15
12.30, 1.185, 26.54
12.31, 1.186, 25.59
12.32, 1.187, 26.75
12.33, 1.188, 27.73
12.34, 1.189, 26.58
12.35, 1.190, 26.35
12.36, 1.191, 27.77
12.37, 1.192, 27.66
12.38, 1.193, 27.38
12.39, 1.194, 26.92
12.40, 1.195, 25.84
12.41, 1.196, 27.43
12.42, 1.197, 27.10
12.43, 1.198, 26.14
12.44, 1.199, 26.93
12.45, 1.200, 28.16
12.46, 1.201, 27.50
12.47, 1.202, 27.69
12.48, 1.203, 28.30
12.49, 1.204, 28.39
12.50, 1.205, 27.91
12.51, 1.206, 27.89
12.52, 1.207, 28.26
12.53, 1.208, 28.85
12.54, 1.209, 28.48
12.55, 1.210, 28.77
12.56, 1.211, 29.87
12.57, 1.212, 27.98
12.58, 1.213, 29.84
12.59, 1.214, 28.39
12.60, 1.215, 29.21
12.61, 1.216, 29.84
12.62, 1.217, 30.06
12.63, 1.218, 29.57
12.64, 1.219, 29.91
12.65, 1.220, 29.83
12.66, 1.221, 29.16
12.67, 1.222, 29.34
12.68, 1.223, 30.32
12.69, 1.224, 31.44
12.70, 1.225, 30.79
12.71, 1.226, 31.04
12.72, 1.227, 30.65
12.73, 1.228, 31.58
12.74, 1.229, 32.68
12.75, 1.230, 32.49
12.76, 1.231, 31.83
12.77, 1.232, 32.05
12.78, 1.233, 31.65
12.79, 1.234, 30.49
12.80, 1.235, 31.28
12.81, 1.236, 33.54
12.82, 1.237, 32.96
12.83, 1.238, 32.63
12.84, 1.239, 32.61
12.85, 1.240, 33.78
12.86, 1.241, 32.91
12.87, 1.242, 33.61
12.88, 1.243, 34.00
12.89, 1.244, 34.07
12.90, 1.245, 34.62
12.91, 1.246, 35.21
12.92, 1.247, 35.64
12.93, 1.248, 36.25
12.94, 1.249, 35.58
12.95, 1.250, 35.50
12.96, 1.251, 35.06
12.97, 1.252, 36.13
12.98, 1.253, 35.98
12.99, 1.254, 36.06
13.00, 1.255, 36.13
13.01, 1.256, 36.56
13.02, 1.257, 36.11
13.03, 1.258, 35.49
13.04, 1.259, 37.15
13.05, 1.260, 36.48
13.06, 1.261, 37.12
13.07, 1.262, 36.99
13.08, 1.263, 37.41
13.09, 1.264, 38.26
13.10, 1.265, 37.99
13.11, 1.266, 37.71
13.12, 1.267, 38.41
13.13, 1.268, 38.77
13.14, 1.269, 40.99
13.15, 1.270, 39.30
13.16, 1.271, 40.08
13.17, 1.272, 40.44
13.18, 1.273, 39.89
13.19, 1.274, 39.37
13.20, 1.275, 41.81
13.21, 1.276, 41.07
13.22, 1.277, 40.93
13.23, 1.278, 40.99
13.24, 1.279, 41.31
13.25, 1.280, 41.64
13.26, 1.281, 41.04
13.27, 1.282, 42.41
13.28, 1.283, 41.56
13.29, 1.284, 42.28
13.30, 1.285, 43.11
13.31, 1.286, 42.33
13.32, 1.287, 43.06
13.33, 1.288, 42.29
13.34, 1.289, 45.45
13.35, 1.290, 45.56
13.36, 1.291, 45.89
13.37, 1.292, 47.33
13.38, 1.293, 46.96
13.39, 1.294, 46.40
13.40, 1.295, 46.30
13.41, 1.296, 47.38
13.42, 1.297, 46.99
13.43, 1.298, 48.41
13.44, 1.299, 47.26
13.45, 1.300, 48.64
13.46, 1.301, 48.92
13.47, 1.302, 47.90
13.48, 1.303, 50.63
13.49, 1.304, 50.92
13.50, 1.305, 49.59
13.51, 1.306, 50.97
13.52, 1.307, 50.14
13.53, 1.308, 50.37
13.54, 1.309, 51.02
13.55, 1.310, 51.48
13.56, 1.311, 52.63
13.57, 1.312, 52.77
13.58, 1.313, 53.16
13.59, 1.314, 52.71
13.60, 1.315, 52.42
13.61, 1.316, 53.76
13.62, 1.317, 51.80
13.63, 1.318, 53.85
13.64, 1.319, 53.45
13.65, 1.320, 52.92
13.66, 1.321, 53.48
13.67, 1.322, 55.73
13.68, 1.323, 55.59
13.69, 1.324, 54.12
13.70, 1.325, 56.20
13.71, 1.326, 55.78
13.72, 1.327, 56.96
13.73, 1.328, 57.99
13.74, 1.329, 57.97
13.75, 1.330, 57.44
13.76, 1.331, 58.38
13.77, 1.332, 58.59
13.78, 1.333, 58.36
13.79, 1.334, 58.02
13.80, 1.335, 59.21
13.81, 1.336, 58.49
13.82, 1.337, 59.68
13.83, 1.338, 59.52
13.84, 1.339, 59.95
13.85, 1.340, 59.95
13.86, 1.341, 59.62
13.87, 1.342, 61.56
13.88, 1.343, 60.53
13.89, 1.344, 61.57
13.90, 1.345, 61.00
13.91, 1.346, 61.78
13.92, 1.347, 61.51
13.93, 1.348, 62.41
13.94, 1.349, 63.05
13.95, 1.350, 63.11
13.96, 1.351, 61.70
13.97, 1.352, 63.50
13.98, 1.353, 63.48
13.99, 1.354, 62.80
14.00, 1.355, 62.63
14.01, 1.356, 63.33
14.02, 1.357, 63.60
14.03, 1.358, 64.54
14.04, 1.359, 63.58
14.05, 1.360, 62.09
14.06, 1.361, 62.26
14.07, 1.362, 63.49
14.08, 1.363, 65.45
14.09, 1.364, 64.53
14.10, 1.365, 63.39
14.11, 1.366, 64.36
14.12, 1.367, 65.30
14.13, 1.368, 65.06
14.14, 1.369, 64.63
14.15, 1.370, 64.57
14.16, 1.371, 65.28
14.17, 1.372, 65.47
14.18, 1.373, 66.95
14.19, 1.374, 66.34
14.20, 1.375, 67.43
14.21, 1.376, 65.70
14.22, 1.377, 66.28
14.23, 1.378, 65.94
14.24, 1.379, 66.78
14.25, 1.380, 64.36
14.26, 1.381, 66.76
14.27, 1.382, 65.93
14.28, 1.383, 65.18
14.29, 1.384, 66.47
14.30, 1.385, 66.08
14.31, 1.386, 67.81
14.32, 1.387, 66.75
14.33, 1.388, 67.47
14.34, 1.389, 67.50
14.35, 1.390, 67.43
14.36, 1.391, 66.39
14.37, 1.392, 68.03
14.38, 1.393, 66.44
14.39, 1.394, 67.87
14.40, 1.395, 67.47
14.41, 1.396, 67.23
14.42, 1.397, 67.15
14.43, 1.398, 67.13
14.44, 1.399, 67.21
14.45, 1.400, 67.87
14.46, 1.401, 68.04
14.47, 1.402, 67.91
14.48, 1.403, 67.52
14.49, 1.404, 67.60
14.50, 1.405, 66.19
14.51, 1.406, 68.51
14.52, 1.407, 66.75
14.53, 1.408, 68.48
14.54, 1.409, 66.78
14.55, 1.410, 68.20
14.56, 1.411, 67.46
14.57, 1.412, 69.39
14.58, 1.413, 67.35
14.59, 1.414, 68.86
14.60, 1.415, 68.79
14.61, 1.416, 67.90
14.62, 1.417, 69.53
14.63, 1.418, 66.99
14.64, 1.419, 67.75
14.65, 1.420, 67.73
14.66, 1.421, 68.01
14.67, 1.422, 68.78
14.68, 1.423, 66.71
14.69, 1.424, 68.44
14.70, 1.425, 68.73
14.71, 1.426, 68.73
14.72, 1.427, 67.67
14.73, 1.428, 67.66
14.74, 1.429, 68.50
14.75, 1.430, 68.51
14.76, 1.431, 67.92
14.77, 1.432, 67.13
14.78, 1.433, 68.30
14.79, 1.434, 68.42
14.80, 1.435, 68.77
14.81, 1.436, 69.11
14.82, 1.437, 67.71
14.83, 1.438, 68.71
14.84, 1.439, 67.96
14.85, 1.440, 67.59
14.86, 1.441, 69.81
14.87, 1.442, 69.76
14.88, 1.443, 67.35
14.89, 1.444, 67.37
14.90, 1.445, 66.57
14.91, 1.446, 68.44
14.92, 1.447, 68.56
14.93, 1.448, 68.50
14.94, 1.449, 68.01
14.95, 1.450, 68.77
14.96, 1.451, 69.51
14.97, 1.452, 68.79
14.98, 1.453, 67.68
14.99, 1.454, 68.32
15.00, 1.455, 67.63
15.01, 1.456, 68.15
15.02, 1.457, 67.13
15.03, 1.458, 66.97
15.04, 1.459, 69.16
15.05, 1.460, 69.76
15.06, 1.461, 69.62
15.07, 1.462, 70.23
15.08, 1.463, 69.99
15.09, 1.464, 70.71
15.10, 1.465, 70.49
15.11, 1.466, 69.84
15.12, 1.467, 69.49
15.13, 1.468, 70.19
15.14, 1.469, 68.90
15.15, 1.470, 68.97
15.16, 1.471, 69.88
15.17, 1.472, 70.47
15.18, 1.473, 69.74
15.19, 1.474, 69.74
15.20, 1.475, 70.48
15.21, 1.476, 70.06
15.22, 1.477, 69.64
15.23, 1.478, 70.03
15.24, 1.479, 70.31
15.25, 1.480, 68.93
15.26, 1.481, 69.39
15.27, 1.482, 69.42
15.28, 1.483, 68.69
15.29, 1.484, 70.16
15.30, 1.485, 68.79
15.31, 1.486, 69.68
15.32, 1.487, 68.94
15.33, 1.488, 70.36
15.34, 1.489, 70.09
15.35, 1.490, 70.68
15.36, 1.491, 70.60
15.37, 1.492, 68.70
15.38, 1.493, 70.15
15.39, 1.494, 70.63
15.40, 1.495, 70.63
15.41, 1.496, 70.68
15.42, 1.497, 69.49
15.43, 1.498, 70.24
15.44, 1.499, 70.33
15.45, 1.500, 72.13
15.46, 1.501, 70.46
15.47, 1.502, 71.72
15.48, 1.503, 69.59
15.49, 1.504, 71.66
15.50, 1.505, 69.79
15.51, 1.506, 71.25
15.52, 1.507, 69.72
15.53, 1.508, 70.99
15.54, 1.509, 71.14
15.55, 1.510, 71.53
15.56, 1.511, 70.40
15.57, 1.512, 72.67
15.58, 1.513, 72.84
15.59, 1.514, 72.45
15.60, 1.515, 72.31
15.61, 1.516, 72.30
15.62, 1.517, 72.57
15.63, 1.518, 72.41
15.64, 1.519, 72.33
15.65, 1.520, 71.37
15.66, 1.521, 71.15
15.67, 1.522, 71.50
15.68, 1.523, 72.37
15.69, 1.524, 73.77
15.70, 1.525, 72.30
15.71, 1.526, 73.26
15.72, 1.527, 73.25
15.73, 1.528, 72.72
15.74, 1.529, 74.03
15.75, 1.530, 72.15
15.76, 1.531, 72.23
15.77, 1.532, 72.98
15.78, 1.533, 74.29
15.79, 1.534, 73.60
15.80, 1.535, 72.61
15.81, 1.536, 74.56
15.82, 1.537, 73.94
15.83, 1.538, 74.63
15.84, 1.539, 75.05
15.85, 1.540, 73.66
15.86, 1.541, 74.89
15.87, 1.542, 74.75
15.88, 1.543, 74.82
15.89, 1.544, 74.59
15.90, 1.545, 73.80
15.91, 1.546, 75.07
15.92, 1.547, 75.26
15.93, 1.548, 74.25
15.94, 1.549, 75.91
15.95, 1.550, 74.72
15.96, 1.551, 75.28
15.97, 1.552, 74.34
15.98, 1.553, 74.19
15.99, 1.554, 76.03
16.00, 1.555, 75.42
16.01, 1.556, 75.04
16.02, 1.557, 75.96
16.03, 1.558, 76.77
16.04, 1.559, 78.00
16.05, 1.560, 76.87
16.06, 1.561, 77.65
16.07, 1.562, 76.28
16.08, 1.563, 76.74
16.09, 1.564, 75.52
16.10, 1.565, 77.23
16.11, 1.566, 76.94
16.12, 1.567, 77.59
16.13, 1.568, 77.16
16.14, 1.569, 78.49
16.15, 1.570, 77.92
16.16, 1.571, 76.74
16.17, 1.572, 76.98
16.18, 1.573, 78.62
16.19, 1.574, 78.69
16.20, 1.575, 78.41
16.21, 1.576, 78.34
16.22, 1.577, 78.50
16.23, 1.578, 79.50
16.24, 1.579, 79.91
16.25, 1.580, 78.30
16.26, 1.581, 78.64
16.27, 1.582, 78.91
16.28, 1.583, 80.91
16.29, 1.584, 79.23
16.30, 1.585, 80.91
16.31, 1.586, 81.87
16.32, 1.587, 80.26
16.33, 1.588, 81.56
16.34, 1.589, 80.64
16.35, 1.590, 79.87
16.36, 1.591, 81.31
16.37, 1.592, 80.61
16.38, 1.593, 80.62
16.39, 1.594, 81.26
16.40, 1.595, 82.59
16.41, 1.596, 83.22
16.42, 1.597, 81.01
16.43, 1.598, 80.41
16.44, 1.599, 81.79
16.45, 1.600, 80.89
16.46, 1.601, 80.94
16.47, 1.602, 80.99
16.48, 1.603, 82.63
16.49, 1.604, 83.56
16.50, 1.605, 82.63
16.51, 1.606, 84.41
16.52, 1.607, 82.71
16.53, 1.608, 81.65
16.54, 1.609, 84.06
16.55, 1.610, 83.72
16.56, 1.611, 83.40
16.57, 1.612, 84.44
16.58, 1.613, 84.73
16.59, 1.614, 84.65
16.60, 1.615, 83.31
16.61, 1.616, 84.26
16.62, 1.617, 84.89
16.63, 1.618, 84.63
16.64, 1.619, 84.20
16.65, 1.620, 83.94
16.66, 1.621, 85.05
16.67, 1.622, 85.66
16.68, 1.623, 85.79
16.69, 1.624, 87.00
16.70, 1.625, 86.40
16.71, 1.626, 86.27
16.72, 1.627, 85.53
16.73, 1.628, 85.61
16.74, 1.629, 87.44
16.75, 1.630, 86.89
16.76, 1.631, 85.89
16.77, 1.632, 86.80
16.78, 1.633, 87.56
16.79, 1.634, 88.57
16.80, 1.635, 87.57
16.81, 1.636, 88.49
16.82, 1.637, 88.35
16.83, 1.638, 87.69
16.84, 1.639, 88.71
16.85, 1.640, 88.77
16.86, 1.641, 89.36
16.87, 1.642, 87.83
16.88, 1.643, 89.61
16.89, 1.644, 88.06
16.90, 1.645, 88.71
16.91, 1.646, 89.44
16.92, 1.647, 88.97
16.93, 1.648, 88.86
16.94, 1.649, 89.10
16.95, 1.650, 89.03
16.96, 1.651, 89.45
16.97, 1.652, 89.63
16.98, 1.653, 90.23
16.99, 1.654, 91.41
17.00, 1.655, 91.34
17.01, 1.656, 92.04
17.02, 1.657, 92.47
17.03, 1.658, 92.36
17.04, 1.659, 90.06
17.05, 1.660, 91.09
17.06, 1.661, 92.72
17.07, 1.662, 91.18
17.08, 1.663, 92.96
17.09, 1.664, 93.01
17.10, 1.665, 92.55
17.11, 1.666, 93.30
17.12, 1.667, 93.29
17.13, 1.668, 93.41
17.14, 1.669, 94.61
17.15, 1.670, 95.58
17.16, 1.671, 95.44
17.17, 1.672, 95.59
17.18, 1.673, 95.65
17.19, 1.674, 96.27
17.20, 1.675, 95.07
17.21, 1.676, 96.16
17.22, 1.677, 95.43
17.23, 1.678, 95.35
17.24, 1.679, 96.21
17.25, 1.680, 96.69
17.26, 1.681, 98.94
17.27, 1.682, 97.79
17.28, 1.683, 98.17
17.29, 1.684, 98.01
17.30, 1.685, 99.38
17.31, 1.686, 97.88
17.32, 1.687, 99.52
17.33, 1.688, 98.34
17.34, 1.689, 98.75
17.35, 1.690, 99.96
17.36, 1.691, 99.94
17.37, 1.692, 98.75
17.38, 1.693, 100.7
17.39, 1.694, 99.70
17.40, 1.695, 100.7
17.41, 1.696, 101.9
17.42, 1.697, 101.5
17.43, 1.698, 101.7
17.44, 1.699, 101.5
17.45, 1.700, 103.3
17.46, 1.701, 103.0
17.47, 1.702, 103.7
17.48, 1.703, 103.6
17.49, 1.704, 102.1
17.50, 1.705, 103.4
17.51, 1.706, 104.0
17.52, 1.707, 104.0
17.53, 1.708, 106.6
17.54, 1.709, 105.4
17.55, 1.710, 105.3
17.56, 1.711, 106.5
17.57, 1.712, 106.6
17.58, 1.713, 107.0
17.59, 1.714, 107.1
17.60, 1.715, 107.0
17.61, 1.716, 108.1
17.62, 1.717, 108.1
17.63, 1.718, 109.8
17.64, 1.719, 108.4
17.65, 1.720, 108.2
17.66, 1.721, 109.9
17.67, 1.722, 111.3
17.68, 1.723, 110.4
17.69, 1.724, 110.7
17.70, 1.725, 110.9
17.71, 1.726, 111.5
17.72, 1.727, 111.7
17.73, 1.728, 112.6
17.74, 1.729, 112.0
17.75, 1.730, 113.5
17.76, 1.731, 114.0
17.77, 1.732, 113.0
17.78, 1.733, 114.5
17.79, 1.734, 114.2
17.80, 1.735, 115.8
17.81, 1.736, 116.0
17.82, 1.737, 117.5
17.83, 1.738, 117.4
17.84, 1.739, 116.5
17.85, 1.740, 116.7
17.86, 1.741, 119.7
17.87, 1.742, 118.3
17.88, 1.743, 120.3
17.89, 1.744, 120.2
17.90, 1.745, 119.0
17.91, 1.746, 120.9
17.92, 1.747, 120.6
17.93, 1.748, 122.2
17.94, 1.749, 123.0
17.95, 1.750, 122.9
17.96, 1.751, 121.0
17.97, 1.752, 121.8
17.98, 1.753, 123.3
17.99, 1.754, 124.5
18.00, 1.755, 123.7
18.01, 1.756, 126.5
18.02, 1.757, 126.9
18.03, 1.758, 127.0
18.04, 1.759, 127.3
18.05, 1.760, 127.4
18.06, 1.761, 127.5
18.07, 1.762, 128.8
18.08, 1.763, 129.3
18.09, 1.764, 131.2
18.10, 1.765, 129.7
18.11, 1.766, 131.7
18.12, 1.767, 130.6
18.13, 1.768, 131.8
18.14, 1.769, 133.5
18.15, 1.770, 133.9
18.16, 1.771, 133.2
18.17, 1.772, 134.9
18.18, 1.773, 134.2
18.19, 1.774, 136.0
18.20, 1.775, 135.9
18.21, 1.776, 136.4
18.22, 1.777, 136.8
18.23, 1.778, 137.7
18.24, 1.779, 139.6
18.25, 1.780, 140.2
18.26, 1.781, 141.1
18.27, 1.782, 142.1
18.28, 1.783, 141.9
18.29, 1.784, 141.9
18.30, 1.785, 142.7
18.31, 1.786, 142.7
18.32, 1.787, 143.3
18.33, 1.788, 145.7
18.34, 1.789, 145.2
18.35, 1.790, 145.4
18.36, 1.791, 146.9
18.37, 1.792, 149.0
18.38, 1.793, 148.3
18.39, 1.794, 148.8
18.40, 1.795, 149.8
18.41, 1.796, 150.8
18.42, 1.797, 151.1
18.43, 1.798, 150.9
18.44, 1.799, 151.6
18.45, 1.800, 153.5
18.46, 1.801, 155.7
18.47, 1.802, 155.5
18.48, 1.803, 153.8
18.49, 1.804, 156.5
18.50, 1.805, 158.3
18.51, 1.806, 157.9
18.52, 1.807, 157.7
18.53, 1.808, 159.6
18.54, 1.809, 159.6
18.55, 1.810, 159.0
18.56, 1.811, 160.4
18.57, 1.812, 162.0
18.58, 1.813, 162.1
18.59, 1.814, 163.0
18.60, 1.815, 161.9
18.61, 1.816, 166.0
18.62, 1.817, 164.8
18.63, 1.818, 165.3
18.64, 1.819, 168.5
18.65, 1.820, 169.2
18.66, 1.821, 169.4
18.67, 1.822, 169.4
18.68, 1.823, 172.0
18.69, 1.824, 172.8
18.70, 1.825, 170.6
18.71, 1.826, 172.4
18.72, 1.827, 173.6
18.73, 1.828, 174.2
18.74, 1.829, 175.0
18.75, 1.830, 176.9
18.76, 1.831, 177.3
18.77, 1.832, 178.6
18.78, 1.833, 180.7
18.79, 1.834, 180.7
18.80, 1.835, 182.0
18.81, 1.836, 182.3
18.82, 1.837, 182.5
18.83, 1.838, 183.8
18.84, 1.839, 184.9
18.85, 1.840, 187.1
18.86, 1.841, 188.7
18.87, 1.842, 189.0
18.88, 1.843, 188.9
18.89, 1.844, 189.0
18.90, 1.845, 189.9
18.91, 1.846, 192.1
18.92, 1.847, 193.0
18.93, 1.848, 193.1
18.94, 1.849, 194.6
18.95, 1.850, 196.5
18.96, 1.851, 196.4
18.97, 1.852, 198.2
18.98, 1.853, 199.0
18.99, 1.854, 200.7
19.00, 1.855, 201.0
19.01, 1.856, 201.7
19.02, 1.857, 202.5
19.03, 1.858, 203.3
19.04, 1.859, 206.0
19.05, 1.860, 206.1
19.06, 1.861, 207.2
19.07, 1.862, 208.6
19.08, 1.863, 210.3
19.09, 1.864, 211.3
19.10, 1.865, 211.0
19.11, 1.866, 213.7
19.12, 1.867, 214.6
19.13, 1.868, 214.1
19.14, 1.869, 216.3
19.15, 1.870, 216.4
19.16, 1.871, 218.3
19.17, 1.872, 218.8
19.18, 1.873, 221.9
19.19, 1.874, 221.7
19.20, 1.875, 222.2
19.21, 1.876, 222.9
19.22, 1.877, 224.4
19.23, 1.878, 225.7
19.24, 1.879, 227.1
19.25, 1.880, 227.9
19.26, 1.881, 229.8
19.27, 1.882, 229.9
19.28, 1.883, 230.4
19.29, 1.884, 230.5
19.30, 1.885, 233.4
19.31, 1.886, 235.9
19.32, 1.887, 235.9
19.33, 1.888, 238.3
19.34, 1.889, 240.2
19.35, 1.890, 241.3
19.36, 1.891, 243.2
19.37, 1.892, 242.0
19.38, 1.893, 244.3
19.39, 1.894, 245.4
19.40, 1.895, 247.2
19.41, 1.896, 248.7
19.42, 1.897, 248.8
19.43, 1.898, 250.6
19.44, 1.899, 253.1
19.45, 1.900, 252.8
19.46, 1.901, 253.9
19.47, 1.902, 256.2
19.48, 1.903, 258.2
19.49, 1.904, 259.2
19.50, 1.905, 259.9
19.51, 1.906, 260.7
19.52, 1.907, 262.7
19.53, 1.908, 262.5
19.54, 1.909, 263.8
19.55, 1.910, 265.3
19.56, 1.911, 267.8
19.57, 1.912, 269.0
19.58, 1.913, 272.2
19.59, 1.914, 274.2
19.60, 1.915, 273.6
19.61, 1.916, 274.6
19.62, 1.917, 277.2
19.63, 1.918, 278.2
19.64, 1.919, 281.1
19.65, 1.920, 281.7
19.66, 1.921, 282.3
19.67, 1.922, 283.6
19.68, 1.923, 285.6
19.69, 1.924, 287.2
19.70, 1.925, 288.7
19.71, 1.926, 291.1
19.72, 1.927, 292.4
19.73, 1.928, 293.8
19.74, 1.929, 294.2
19.75, 1.930, 295.1
19.76, 1.931, 297.3
19.77, 1.932, 298.0
19.78, 1.933, 300.2
19.79, 1.934, 302.0
19.80, 1.935, 302.7
19.81, 1.936, 305.4
19.82, 1.937, 308.5
19.83, 1.938, 308.3
19.84, 1.939, 309.1
19.85, 1.940, 312.3
19.86, 1.941, 312.9
19.87, 1.942, 315.1
19.88, 1.943, 316.3
19.89, 1.944, 318.3
19.90, 1.945, 319.7
19.91, 1.946, 321.1
19.92, 1.947, 322.7
19.93, 1.948, 321.9
19.94, 1.949, 324.2
19.95, 1.950, 325.7
19.96, 1.951, 326.6
19.97, 1.952, 329.7
19.98, 1.953, 332.2
19.99, 1.954, 333.2
20.00, 1.955, 334.4
20.01, 1.956, 337.8
20.02, 1.957, 338.2
20.03, 1.958, 340.6
20.04, 1.959, 341.4
20.05, 1.960, 341.7
20.06, 1.961, 344.9
20.07, 1.962, 345.4
20.08, 1.963, 348.8
20.09, 1.964, 349.5
20.10, 1.965, 351.5
20.11, 1.966, 353.2
20.12, 1.967, 355.6
20.13, 1.968, 358.4
20.14, 1.969, 361.0
20.15, 1.970, 360.7
20.16, 1.971, 362.6
20.17, 1.972, 364.5
20.18, 1.973, 366.7
20.19, 1.974, 367.3
20.20, 1.975, 369.1
20.21, 1.976, 372.6
20.22, 1.977, 370.6
20.23, 1.978, 375.6
20.24, 1.979, 376.9
20.25, 1.980, 379.2
20.26, 1.981, 379.9
20.27, 1.982, 381.6
20.28, 1.983, 381.4
20.29, 1.984, 382.8
20.30, 1.985, 382.3
20.31, 1.986, 383.5
20.32, 1.987, 385.3
20.33, 1.988, 384.4
20.34, 1.989, 385.9
20.35, 1.990, 384.9
20.36, 1.991, 385.1
20.37, 1.992, 386.5
20.38, 1.993, 387.3
20.39, 1.994, 386.3
20.40, 1.995, 388.4
20.41, 1.996, 387.4
20.42, 1.997, 390.2
20.43, 1.998, 389.8
20.44, 1.999, 390.7
20.45, 2.000, 390.2
20.46, 1.999, 390.5
20.47, 1.998, 391.8
20.48, 1.997, 392.6
20.49, 1.996, 391.4
20.50, 1.995, 393.2
20.51, 1.994, 393.6
20.52, 1.993, 394.4
20.53, 1.992, 394.2
20.54, 1.991, 395.5
20.55, 1.990, 396.7
20.56, 1.989, 394.8
20.57, 1.988, 395.7
20.58, 1.987, 396.6
20.59, 1.986, 396.7
20.60, 1.985, 397.4
20.61, 1.984, 396.2
20.62, 1.983, 399.5
20.63, 1.982, 399.0
20.64, 1.981, 399.4
20.65, 1.980, 396.6
20.66, 1.979, 395.5
20.67, 1.978, 395.0
20.68, 1.977, 394.8
20.69, 1.976, 395.8
20.70, 1.975, 393.7
20.71, 1.974, 392.5
20.72, 1.973, 392.7
20.73, 1.972, 391.3
20.74, 1.971, 391.2
20.75, 1.970, 390.5
20.76, 1.969, 391.5
20.77, 1.968, 387.7
20.78, 1.967, 386.4
20.79, 1.966, 386.2
20.80, 1.965, 386.1
20.81, 1.964, 385.7
20.82, 1.963, 384.2
20.83, 1.962, 381.6
20.84, 1.961, 381.3
20.85, 1.960, 380.0
20.86, 1.959, 380.3
20.87, 1.958, 378.3
20.88, 1.957, 378.1
20.89, 1.956, 376.4
20.90, 1.955, 375.0
20.91, 1.954, 375.1
20.92, 1.953, 375.4
20.93, 1.952, 372.4
20.94, 1.951, 370.3
20.95, 1.950, 371.9
20.96, 1.949, 369.3
20.97, 1.948, 367.0
20.98, 1.947, 366.6
20.99, 1.946, 365.7
21.00, 1.945, 365.2
21.01, 1.944, 363.4
21.02, 1.943, 363.1
21.03, 1.942, 363.8
21.04, 1.941, 362.0
21.05, 1.940, 360.8
21.06, 1.939, 360.8
21.07, 1.938, 360.5
21.08, 1.937, 358.7
21.09, 1.936, 356.8
21.10, 1.935, 356.3
21.11, 1.934, 356.3
21.12, 1.933, 354.4
21.13, 1.932, 354.1
21.14, 1.931, 354.0
21.15, 1.930, 351.0
21.16, 1.929, 351.6
21.17, 1.928, 350.0
21.18, 1.927, 351.1
21.19, 1.926, 348.7
21.20, 1.925, 348.2
21.21, 1.924, 347.1
21.22, 1.923, 345.0
21.23, 1.922, 345.1
21.24, 1.921, 342.6
21.25, 1.920, 341.5
21.26, 1.919, 340.5
21.27, 1.918, 340.9
21.28, 1.917, 339.9
21.29, 1.916, 337.1
21.30, 1.915, 338.8
21.31, 1.914, 337.4
21.32, 1.913, 334.8
21.33, 1.912, 333.8
21.34, 1.911, 332.4
21.35, 1.910, 330.4
21.36, 1.909, 330.4
21.37, 1.908, 328.5
21.38, 1.907, 328.6
21.39, 1.906, 327.3
21.40, 1.905, 325.4
21.41, 1.904, 324.9
21.42, 1.903, 326.0
21.43, 1.902, 326.0
21.44, 1.901, 323.2
21.45, 1.900, 321.9
21.46, 1.899, 321.3
21.47, 1.898, 319.4
21.48, 1.897, 318.2
21.49, 1.896, 317.1
21.50, 1.895, 318.0
21.51, 1.894, 314.4
21.52, 1.893, 314.1
21.53, 1.892, 312.1
21.54, 1.891, 313.1
21.55, 1.890, 311.5
21.56, 1.889, 310.8
21.57, 1.888, 309.8
21.58, 1.887, 309.5
21.59, 1.886, 306.4
21.60, 1.885, 306.1
21.61, 1.884, 305.7
21.62, 1.883, 305.2
21.63, 1.882, 304.8
21.64, 1.881, 303.4
21.65, 1.880, 302.8
21.66, 1.879, 302.5
21.67, 1.878, 300.0
21.68, 1.877, 298.4
21.69, 1.876, 299.2
21.70, 1.875, 298.4
21.71, 1.874, 295.9
21.72, 1.873, 294.5
21.73, 1.872, 292.9
21.74, 1.871, 293.2
21.75, 1.870, 292.3
21.76, 1.869, 289.9
21.77, 1.868, 289.4
21.78, 1.867, 288.5
21.79, 1.866, 287.5
21.80, 1.865, 286.8
21.81, 1.864, 286.2
21.82, 1.863, 285.1
21.83, 1.862, 284.6
21.84, 1.861, 283.0
21.85, 1.860, 282.7
21.86, 1.859, 280.6
21.87, 1.858, 279.1
21.88, 1.857, 277.8
21.89, 1.856, 277.3
21.90, 1.855, 276.3
21.91, 1.854, 276.8
21.92, 1.853, 275.7
21.93, 1.852, 275.1
21.94, 1.851, 272.5
21.95, 1.850, 272.4
21.96, 1.849, 272.4
21.97, 1.848, 271.6
21.98, 1.847, 269.2
21.99, 1.846, 268.0
22.00, 1.845, 266.8
22.01, 1.844, 266.6
22.02, 1.843, 264.6
22.03, 1.842, 265.4
22.04, 1.841, 264.8
22.05, 1.840, 263.9
22.06, 1.839, 262.6
22.07, 1.838, 262.1
22.08, 1.837, 261.9
22.09, 1.836, 259.5
22.10, 1.835, 257.8
22.11, 1.834, 256.9
22.12, 1.833, 255.4
22.13, 1.832, 254.7
22.14, 1.831, 250.9
22.15, 1.830, 253.1
22.16, 1.829, 251.6
22.17, 1.828, 251.8
22.18, 1.827, 248.8
22.19, 1.826, 250.1
22.20, 1.825, 249.3
22.21, 1.824, 247.4
22.22, 1.823, 245.4
22.23, 1.822, 244.6
22.24, 1.821, 242.7
22.25, 1.820, 243.8
22.26, 1.819, 240.6
22.27, 1.818, 239.9
22.28, 1.817, 238.7
22.29, 1.816, 238.2
22.30, 1.815, 236.1
22.31, 1.814, 236.2
22.32, 1.813, 235.9
22.33, 1.812, 235.7
22.34, 1.811, 234.2
22.35, 1.810, 234.8
22.36, 1.809, 233.0
22.37, 1.808, 232.6
22.38, 1.807, 230.4
22.39, 1.806, 229.8
22.40, 1.805, 228.7
22.41, 1.804, 227.8
22.42, 1.803, 227.1
22.43, 1.802, 225.9
22.44, 1.801, 226.9
22.45, 1.800, 224.7
22.46, 1.799, 223.8
22.47, 1.798, 223.5
22.48, 1.797, 223.0
22.49, 1.796, 220.6
22.50, 1.795, 221.3
22.51, 1.794, 220.4
22.52, 1.793, 219.4
22.53, 1.792, 218.8
22.54, 1.791, 217.2
22.55, 1.790, 215.1
22.56, 1.789, 213.7
22.57, 1.788, 214.3
22.58, 1.787, 214.1
22.59, 1.786, 210.1
22.60, 1.785, 208.7
22.61, 1.784, 208.8
22.62, 1.783, 207.0
22.63, 1.782, 204.8
22.64, 1.781, 204.3
22.65, 1.780, 205.1
22.66, 1.779, 204.5
22.67, 1.778, 201.2
22.68, 1.777, 202.5
22.69, 1.776, 200.5
22.70, 1.775, 200.3
22.71, 1.774, 199.9
22.72, 1.773, 198.4
22.73, 1.772, 198.5
22.74, 1.771, 195.5
22.75, 1.770, 195.1
22.76, 1.769, 194.5
22.77, 1.768, 193.8
22.78, 1.767, 192.0
22.79, 1.766, 192.0
22.80, 1.765, 191.5
22.81, 1.764, 189.0
22.82, 1.763, 190.8
22.83, 1.762, 191.1
22.84, 1.761, 190.2
22.85, 1.760, 188.7
22.86, 1.759, 185.9
22.87, 1.758, 186.9
22.88, 1.757, 183.9
22.89, 1.756, 184.1
22.90, 1.755, 182.4
22.91, 1.754, 182.7
22.92, 1.753, 181.3
22.93, 1.752, 180.0
22.94, 1.751, 178.9
22.95, 1.750, 182.2
22.96, 1.749, 178.8
22.97, 1.748, 179.0
22.98, 1.747, 177.0
22.99, 1.746, 176.2
23.00, 1.745, 174.5
23.01, 1.744, 172.8
23.02, 1.743, 171.9
23.03, 1.742, 171.4
23.04, 1.741, 171.0
23.05, 1.740, 170.3
23.06, 1.739, 169.6
23.07, 1.738, 168.0
23.08, 1.737, 168.3
23.09, 1.736, 167.4
23.10, 1.735, 166.3
23.11, 1.734, 166.3
23.12, 1.733, 164.7
23.13, 1.732, 163.5
23.14, 1.731, 163.4
23.15, 1.730, 161.4
23.16, 1.729, 161.5
23.17, 1.728, 158.0
23.18, 1.727, 159.0
23.19, 1.726, 158.5
23.20, 1.725, 157.1
23.21, 1.724, 156.9
23.22, 1.723, 154.7
23.23, 1.722, 154.3
23.24, 1.721, 155.2
23.25, 1.720, 154.8
23.26, 1.719, 153.9
23.27, 1.718, 153.7
23.28, 1.717, 151.3
23.29, 1.716, 150.1
23.30, 1.715, 150.1
23.31, 1.714, 150.0
23.32, 1.713, 147.5
23.33, 1.712, 148.6
23.34, 1.711, 147.2
23.35, 1.710, 146.3
23.36, 1.709, 145.0
23.37, 1.708, 144.2
23.38, 1.707, 144.5
23.39, 1.706, 143.7
23.40, 1.705, 141.7
23.41, 1.704, 140.4
23.42, 1.703, 139.4
23.43, 1.702, 140.2
23.44, 1.701, 137.4
23.45, 1.700, 137.3
23.46, 1.699, 135.8
23.47, 1.698, 135.0
23.48, 1.697, 133.0
23.49, 1.696, 133.1
23.50, 1.695, 132.0
23.51, 1.694, 132.0
23.52, 1.693, 132.6
23.53, 1.692, 131.3
23.54, 1.691, 129.6
23.55, 1.690, 130.4
23.56, 1.689, 127.1
23.57, 1.688, 129.5
23.58, 1.687, 126.9
23.59, 1.686, 126.0
23.60, 1.685, 124.7
23.61, 1.684, 124.5
23.62, 1.683, 124.6
23.63, 1.682, 122.4
23.64, 1.681, 123.0
23.65, 1.680, 122.6
23.66, 1.679, 121.5
23.67, 1.678, 122.4
23.68, 1.677, 122.0
23.69, 1.676, 120.5
23.70, 1.675, 117.5
23.71, 1.674, 118.5
23.72, 1.673, 117.9
23.73, 1.672, 115.1
23.74, 1.671, 115.3
23.75, 1.670, 113.3
23.76, 1.669, 114.3
23.77, 1.668, 113.5
23.78, 1.667, 113.7
23.79, 1.666, 112.8
23.80, 1.665, 112.3
23.81, 1.664, 112.5
23.82, 1.663, 111.2
23.83, 1.662, 108.2
23.84, 1.661, 108.0
23.85, 1.660, 107.4
23.86, 1.659, 107.2
23.87, 1.658, 106.6
23.88, 1.657, 106.0
23.89, 1.656, 105.0
23.90, 1.655, 105.4
23.91, 1.654, 103.9
23.92, 1.653, 104.8
23.93, 1.652, 102.5
23.94, 1.651, 102.0
23.95, 1.650, 101.3
23.96, 1.649, 101.0
23.97, 1.648, 100.2
23.98, 1.647, 98.70
23.99, 1.646, 98.60
24.00, 1.645, 98.09
24.01, 1.644, 97.85
24.02, 1.643, 96.92
24.03, 1.642, 96.12
24.04, 1.641, 95.66
24.05, 1.640, 95.98
24.06, 1.639, 95.15
24.07, 1.638, 96.48
24.08, 1.637, 93.99
24.09, 1.636, 94.39
24.10, 1.635, 92.82
24.11, 1.634, 92.73
24.12, 1.633, 92.67
24.13, 1.632, 91.29
24.14, 1.631, 91.28
24.15, 1.630, 89.17
24.16, 1.629, 90.61
24.17, 1.628, 87.20
24.18, 1.627, 86.50
24.19, 1.626, 87.08
24.20, 1.625, 87.77
24.21, 1.624, 87.09
24.22, 1.623, 87.47
24.23, 1.622, 87.80
24.24, 1.621, 87.06
24.25, 1.620, 85.92
24.26, 1.619, 84.66
24.27, 1.618, 84.37
24.28, 1.617, 82.69
24.29, 1.616, 81.22
24.30, 1.615, 80.21
24.31, 1.614, 79.84
24.32, 1.613, 80.26
24.33, 1.612, 80.52
24.34, 1.611, 77.71
24.35, 1.610, 78.27
24.36, 1.609, 78.48
24.37, 1.608, 77.79
24.38, 1.607, 78.14
24.39, 1.606, 77.43
24.40, 1.605, 75.87
24.41, 1.604, 75.68
24.42, 1.603, 74.88
24.43, 1.602, 73.88
24.44, 1.601, 74.61
24.45, 1.600, 75.81
24.46, 1.599, 73.85
24.47, 1.598, 74.98
24.48, 1.597, 74.48
24.49, 1.596, 72.83
24.50, 1.595, 71.42
24.51, 1.594, 70.57
24.52, 1.593, 69.20
24.53, 1.592, 70.52
24.54, 1.591, 67.54
24.55, 1.590, 69.89
24.56, 1.589, 69.35
24.57, 1.588, 69.80
24.58, 1.587, 69.47
24.59, 1.586, 67.17
24.60, 1.585, 67.10
24.61, 1.584, 66.65
24.62, 1.583, 67.43
24.63, 1.582, 66.92
24.64, 1.581, 65.67
24.65, 1.580, 65.69
24.66, 1.579, 64.39
24.67, 1.578, 63.63
24.68, 1.577, 65.34
24.69, 1.576, 64.17
24.70, 1.575, 61.92
24.71, 1.574, 62.04
24.72, 1.573, 62.51
24.73, 1.572, 59.72
24.74, 1.571, 61.10
24.75, 1.570, 60.98
24.76, 1.569, 59.59
24.77, 1.568, 59.62
24.78, 1.567, 58.82
24.79, 1.566, 58.64
24.80, 1.565, 58.16
24.81, 1.564, 57.13
24.82, 1.563, 58.85
24.83, 1.562, 55.99
24.84, 1.561, 56.49
24.85, 1.560, 55.52
24.86, 1.559, 57.44
24.87, 1.558, 57.93
24.88, 1.557, 54.45
24.89, 1.556, 57.42
24.90, 1.555, 55.34
24.91, 1.554, 56.16
24.92, 1.553, 53.21
24.93, 1.552, 54.42
24.94, 1.551, 53.34
24.95, 1.550, 53.14
24.96, 1.549, 52.42
24.97, 1.548, 51.81
24.98, 1.547, 51.69
24.99, 1.546, 52.49
25.00, 1.545, 53.02
25.01, 1.544, 52.11
25.02, 1.543, 51.83
25.03, 1.542, 49.74
25.04, 1.541, 51.00
25.05, 1.540, 50.38
25.06, 1.539, 50.38
25.07, 1.538, 49.29
25.08, 1.537, 47.83
25.09, 1.536, 46.63
25.10, 1.535, 47.95
25.11, 1.534, 48.33
25.12, 1.533, 49.24
25.13, 1.532, 48.05
25.14, 1.531, 46.91
25.15, 1.530, 46.49
25.16, 1.529, 46.25
25.17, 1.528, 45.65
25.18, 1.527, 44.43
25.19, 1.526, 44.40
25.20, 1.525, 42.27
25.21, 1.524, 43.60
25.22, 1.523, 42.73
25.23, 1.522, 41.56
25.24, 1.521, 42.65
25.25, 1.520, 42.71
25.26, 1.519, 43.10
25.27, 1.518, 43.84
25.28, 1.517, 42.39
25.29, 1.516, 43.70
25.30, 1.515, 42.42
25.31, 1.514, 42.70
25.32, 1.513, 40.44
25.33, 1.512, 39.94
25.34, 1.511, 40.69
25.35, 1.510, 39.92
25.36, 1.509, 40.71
25.37, 1.508, 41.28
25.38, 1.507, 43.07
25.39, 1.506, 40.15
25.40, 1.505, 41.05
25.41, 1.504, 39.60
25.42, 1.503, 39.55
25.43, 1.502, 37.88
25.44, 1.501, 39.20
25.45, 1.500, 40.60
25.46, 1.499, 40.12
25.47, 1.498, 38.58
25.48, 1.497, 38.56
25.49, 1.496, 39.44
25.50, 1.495, 38.12
25.51, 1.494, 37.55
25.52, 1.493, 39.67
25.53, 1.492, 38.28
25.54, 1.491, 36.69
25.55, 1.490, 35.75
25.56, 1.489, 35.48
25.57, 1.488, 35.01
25.58, 1.487, 35.64
25.59, 1.486, 35.61
25.60, 1.485, 34.67
25.61, 1.484, 35.67
25.62, 1.483, 33.44
25.63, 1.482, 34.78
25.64, 1.481, 34.65
25.65, 1.480, 34.14
25.66, 1.479, 33.88
25.67, 1.478, 34.14
25.68, 1.477, 33.85
25.69, 1.476, 32.57
25.70, 1.475, 33.71
25.71, 1.474, 34.37
25.72, 1.473, 33.26
25.73, 1.472, 34.12
25.74, 1.471, 32.02
25.75, 1.470, 31.36
25.76, 1.469, 33.07
25.77, 1.468, 33.47
25.78, 1.467, 32.90
25.79, 1.466, 32.09
25.80, 1.465, 32.47
25.81, 1.464, 31.53
25.82, 1.463, 29.84
25.83, 1.462, 30.60
25.84, 1.461, 30.94
25.85, 1.460, 30.26
25.86, 1.459, 31.19
25.87, 1.458, 29.51
25.88, 1.457, 28.86
25.89, 1.456, 30.94
25.90, 1.455, 27.72
25.91, 1.454, 27.77
25.92, 1.453, 28.37
25.93, 1.452, 29.94
25.94, 1.451, 30.96
25.95, 1.450, 29.89
25.96, 1.449, 29.76
25.97, 1.448, 27.02
25.98, 1.447, 27.03
25.99, 1.446, 28.56
26.00, 1.445, 27.21
26.01, 1.444, 26.93
26.02, 1.443, 25.62
26.03, 1.442, 26.51
26.04, 1.441, 25.68
26.05, 1.440, 26.61
26.06, 1.439, 22.24
26.07, 1.438, 26.03
26.08, 1.437, 25.86
26.09, 1.436, 27.30
26.10, 1.435, 25.04
26.11, 1.434, 25.56
26.12, 1.433, 25.14
26.13, 1.432, 24.99
26.14, 1.431, 25.39
26.15, 1.430, 24.98
26.16, 1.429, 24.48
26.17, 1.428, 24.68
26.18, 1.427, 24.40
26.19, 1.426, 26.50
26.20, 1.425, 24.63
26.21, 1.424, 26.08
26.22, 1.423, 26.68
26.23, 1.422, 24.35
26.24, 1.421, 25.42
26.25, 1.420, 25.88
26.26, 1.419, 24.23
26.27, 1.418, 24.23
26.28, 1.417, 22.60
26.29, 1.416, 23.03
26.30, 1.415, 23.04
26.31, 1.414, 24.97
26.32, 1.413, 23.53
26.33, 1.412, 23.57
26.34, 1.411, 22.69
26.35, 1.410, 24.76
26.36, 1.409, 21.65
26.37, 1.408, 22.42
26.38, 1.407, 22.06
26.39, 1.406, 19.70
26.40, 1.405, 21.11
26.41, 1.404, 19.70
26.42, 1.403, 20.30
26.43, 1.402, 20.44
26.44, 1.401, 19.56
26.45, 1.400, 20.07
26.46, 1.399, 19.59
26.47, 1.398, 20.21
26.48, 1.397, 20.08
26.49, 1.396, 20.52
26.50, 1.395, 20.52
26.51, 1.394, 21.18
26.52, 1.393, 19.33
26.53, 1.392, 20.51
26.54, 1.391, 21.33
26.55, 1.390, 19.30
26.56, 1.389, 20.15
26.57, 1.388, 20.35
26.58, 1.387, 21.25
26.59, 1.386, 19.49
26.60, 1.385, 18.29
26.61, 1.384, 19.08
26.62, 1.383, 18.70
26.63, 1.382, 20.68
26.64, 1.381, 19.55
26.65, 1.380, 21.04
26.66, 1.379, 17.62
26.67, 1.378, 19.38
26.68, 1.377, 17.19
26.69, 1.376, 18.56
26.70, 1.375, 20.43
26.71, 1.374, 21.07
26.72, 1.373, 19.84
26.73, 1.372, 19.53
26.74, 1.371, 19.35
26.75, 1.370, 17.79
26.76, 1.369, 19.82
26.77, 1.368, 17.78
26.78, 1.367, 18.76
26.79, 1.366, 15.96
26.80, 1.365, 16.69
26.81, 1.364, 16.34
26.82, 1.363, 16.74
26.83, 1.362, 18.90
26.84, 1.361, 17.83
26.85, 1.360, 17.61
26.86, 1.359, 17.78
26.87, 1.358, 18.04
26.88, 1.357, 15.66
26.89, 1.356, 15.71
26.90, 1.355, 14.23
26.91, 1.354, 15.50
26.92, 1.353, 15.44
26.93, 1.352, 15.44
26.94, 1.351, 15.14
26.95, 1.350, 14.61
26.96, 1.349, 16.44
26.97, 1.348, 15.93
26.98, 1.347, 16.06
26.99, 1.346, 15.04
27.00, 1.345, 15.25
27.01, 1.344, 15.53
27.02, 1.343, 16.81
27.03, 1.342, 13.86
27.04, 1.341, 13.48
27.05, 1.340, 13.55
27.06, 1.339, 14.83
27.07, 1.338, 14.64
27.08, 1.337, 15.09
27.09, 1.336, 16.94
27.10, 1.335, 16.34
27.11, 1.334, 15.62
27.12, 1.333, 15.87
27.13, 1.332, 14.33
27.14, 1.331, 14.18
27.15, 1.330, 14.97
27.16, 1.329, 13.53
27.17, 1.328, 14.88
27.18, 1.327, 14.12
27.19, 1.326, 16.48
27.20, 1.325, 14.57
27.21, 1.324, 15.35
27.22, 1.323, 13.23
27.23, 1.322, 13.84
27.24, 1.321, 13.83
27.25, 1.320, 14.39
27.26, 1.319, 13.83
27.27, 1.318, 14.13
27.28, 1.317, 11.99
27.29, 1.316, 13.67
27.30, 1.315, 14.30
27.31, 1.314, 12.07
27.32, 1.313, 14.05
27.33, 1.312, 12.35
27.34, 1.311, 12.87
27.35, 1.310, 13.14
27.36, 1.309, 14.18
27.37, 1.308, 11.93
27.38, 1.307, 12.52
27.39, 1.306, 10.99
27.40, 1.305, 14.44
27.41, 1.304, 13.76
27.42, 1.303, 12.87
27.43, 1.302, 11.92
27.44, 1.301, 11.49
27.45, 1.300, 13.65
27.46, 1.299, 11.18
27.47, 1.298, 12.35
27.48, 1.297, 11.12
27.49, 1.296, 12.16
27.50, 1.295, 13.62
27.51, 1.294, 13.88
27.52, 1.293, 13.22
27.53, 1.292, 13.71
27.54, 1.291, 11.98
27.55, 1.290, 11.17
27.56, 1.289, 12.20
27.57, 1.288, 12.49
27.58, 1.287, 11.69
27.59, 1.286, 11.54
27.60, 1.285, 12.81
27.61, 1.284, 12.00
27.62, 1.283, 11.00
27.63, 1.282, 12.63
27.64, 1.281, 10.52
27.65, 1.280, 11.03
27.66, 1.279, 11.21
27.67, 1.278, 8.883
27.68, 1.277, 9.966
27.69, 1.276, 9.569
27.70, 1.275, 10.02
27.71, 1.274, 11.75
27.72, 1.273, 11.53
27.73, 1.272, 11.65
27.74, 1.271, 10.49
27.75, 1.270, 10.38
27.76, 1.269, 11.00
27.77, 1.268, 10.92
27.78, 1.267, 11.38
27.79, 1.266, 9.984
27.80, 1.265, 10.14
27.81, 1.264, 10.43
27.82, 1.263, 10.05
27.83, 1.262, 11.32
27.84, 1.261, 10.75
27.85, 1.260, 10.38
27.86, 1.259, 9.368
27.87, 1.258, 10.62
27.88, 1.257, 10.75
27.89, 1.256, 10.04
27.90, 1.255, 9.941
27.91, 1.254, 10.92
27.92, 1.253, 9.708
27.93, 1.252, 7.950
27.94, 1.251, 7.785
27.95, 1.250, 10.95
27.96, 1.249, 10.49
27.97, 1.248, 10.74
27.98, 1.247, 12.08
27.99, 1.246, 9.775
28.00, 1.245, 9.469
28.01, 1.244, 10.83
28.02, 1.243, 11.44
28.03, 1.242, 9.933
28.04, 1.241, 8.288
28.05, 1.240, 8.575
28.06, 1.239, 9.835
28.07, 1.238, 8.522
28.08, 1.237, 9.134
28.09, 1.236, 8.297
28.10, 1.235, 8.276
28.11, 1.234, 6.706
28.12, 1.233, 7.861
28.13, 1.232, 7.055
28.14, 1.231, 8.452
28.15, 1.230, 9.256
28.16, 1.229, 8.145
28.17, 1.228, 8.377
28.18, 1.227, 7.033
28.19, 1.226, 7.414
28.20, 1.225, 6.535
28.21, 1.224, 7.569
28.22, 1.223, 6.856
28.23, 1.222, 6.832
28.24, 1.221, 6.394
28.25, 1.220, 6.618
28.26, 1.219, 7.374
28.27, 1.218, 8.933
28.28, 1.217, 8.597
28.29, 1.216, 8.733
28.30, 1.215, 7.134
28.31, 1.214, 7.722
28.32, 1.213, 8.455
28.33, 1.212, 6.783
28.34, 1.211, 5.931
28.35, 1.210, 6.579
28.36, 1.209, 6.351
28.37, 1.208, 7.677
28.38, 1.207, 7.682
28.39, 1.206, 7.503
28.40, 1.205, 8.391
28.41, 1.204, 8.883
28.42, 1.203, 8.353
28.43, 1.202, 8.191
28.44, 1.201, 6.727
28.45, 1.200, 6.220
28.46, 1.199, 8.152
28.47, 1.198, 6.991
28.48, 1.197, 6.602
28.49, 1.196, 6.720
28.50, 1.195, 6.293
28.51, 1.194, 4.842
28.52, 1.193, 7.166
28.53, 1.192, 4.673
28.54, 1.191, 6.439
28.55, 1.190, 4.682
28.56, 1.189, 5.996
28.57, 1.188, 7.003
28.58, 1.187, 4.742
28.59, 1.186, 4.709
28.60, 1.185, 5.067
28.61, 1.184, 3.852
28.62, 1.183, 4.898
28.63, 1.182, 5.191
28.64, 1.181, 7.145
28.65, 1.180, 5.970
28.66, 1.179, 5.218
28.67, 1.178, 5.114
28.68, 1.177, 5.619
28.69, 1.176, 5.482
28.70, 1.175, 5.607
28.71, 1.174, 5.463
28.72, 1.173, 5.295
28.73, 1.172, 5.314
28.74, 1.171, 6.400
28.75, 1.170, 5.166
28.76, 1.169, 5.385
28.77, 1.168, 6.580
28.78, 1.167, 5.500
28.79, 1.166, 4.120
28.80, 1.165, 4.931
28.81, 1.164, 5.697
28.82, 1.163, 3.821
28.83, 1.162, 5.243
28.84, 1.161, 4.672
28.85, 1.160, 5.666
28.86, 1.159, 4.968
28.87, 1.158, 5.981
28.88, 1.157, 5.578
28.89, 1.156, 5.252
28.90, 1.155, 4.980
28.91, 1.154, 4.838
28.92, 1.153, 6.216
28.93, 1.152, 5.436
28.94, 1.151, 4.530
28.95, 1.150, 1.883
28.96, 1.149, 4.007
28.97, 1.148, 2.672
28.98, 1.147, 1.772
28.99, 1.146, 3.980
29.00, 1.145, 2.140
29.01, 1.144, 4.837
29.02, 1.143, 4.393
29.03, 1.142, 5.696
29.04, 1.141, 4.104
29.05, 1.140, 2.697
29.06, 1.139, 2.698
29.07, 1.138, 4.982
29.08, 1.137, 3.200
29.09, 1.136, 1.308
29.10, 1.135, 3.775
29.11, 1.134, 3.437
29.12, 1.133, 3.252
29.13, 1.132, 4.266
29.14, 1.131, 4.440
29.15, 1.130, 3.913
29.16, 1.129, 4.661
29.17, 1.128, 4.492
29.18, 1.127, 2.684
29.19, 1.126, 2.606
29.20, 1.125, 2.082
29.21, 1.124, 3.061
29.22, 1.123, 1.398
29.23, 1.122, 3.137
29.24, 1.121, 5.001
29.25, 1.120, 2.831
29.26, 1.119, 3.574
29.27, 1.118, 4.754
29.28, 1.117, 4.693
29.29, 1.116, 2.398
29.30, 1.115, 3.875
29.31, 1.114, 5.337
29.32, 1.113, 1.128
29.33, 1.112, 2.768
29.34, 1.111, 1.921
29.35, 1.110, 2.570
29.36, 1.109, 0.3938
29.37, 1.108, 0.3673
29.38, 1.107, 1.109
29.39, 1.106, 1.990
29.40, 1.105, 1.672
29.41, 1.104, 1.397
29.42, 1.103, 2.169
29.43, 1.102, 2.652
29.44, 1.101, 1.062
29.45, 1.100, 2.664
29.46, 1.099, 1.605
29.47, 1.098, 0.2506
29.48, 1.097, -0.1547
29.49, 1.096, 2.099
29.50, 1.095, 1.940
29.51, 1.094, 3.197
29.52, 1.093, 1.843
29.53, 1.092, 1.622
29.54, 1.091, 3.225
29.55, 1.090, 3.339
29.56, 1.089, 1.883
29.57, 1.088, 1.111
29.58, 1.087, 1.439
29.59, 1.086, 0.6973
29.60, 1.085, 0.5957
29.61, 1.084, 2.192
29.62, 1.083, 1.288
29.63, 1.082, 1.074
29.64, 1.081, -0.4258
29.65, 1.080, 1.678
29.66, 1.079, 1.299
29.67, 1.078, 1.601
29.68, 1.077, 2.340
29.69, 1.076, 2.631
29.70, 1.075, 0.5536
29.71, 1.074, 2.238
29.72, 1.073, 1.779
29.73, 1.072, 3.155
29.74, 1.071, 2.186
29.75, 1.070, 0.9218
29.76, 1.069, 0.9022
29.77, 1.068, -0.7236
29.78, 1.067, 0.6112
29.79, 1.066, 1.121
29.80, 1.065, -0.6135
29.81, 1.064, 1.623
29.82, 1.063, 1.604
29.83, 1.062, 0.3273
29.84, 1.061, -1.415
29.85, 1.060, 1.043
29.86, 1.059, 2.092
29.87, 1.058, -0.7711
29.88, 1.057, 1.134
29.89, 1.056, 1.345
29.90, 1.055, 0.5567
29.91, 1.054, -0.3258
29.92, 1.053, 0.7620
29.93, 1.052, 1.292
29.94, 1.051, 0.8194
29.95, 1.050, 1.741
29.96, 1.049, -0.2336
29.97, 1.048, 0.5141
29.98, 1.047, 3.315
29.99, 1.046, 0.6243
30.00, 1.045, -0.9289
30.01, 1.044, 0.6764
30.02, 1.043, 0.9186
30.03, 1.042, 0.4224
30.04, 1.041, 1.743
30.05, 1.040, 2.630
30.06, 1.039, 3.028
30.07, 1.038, 0.6141
30.08, 1.037, 1.692
30.09, 1.036, 0.8243
30.10, 1.035, 0.3704
30.11, 1.034, 1.838
30.12, 1.033, -0.3652
30.13, 1.032, 0.5105
30.14, 1.031, 1.721
30.15, 1.030, 0.7776
30.16, 1.029, 0.7170
30.17, 1.028, 0.6744
30.18, 1.027, 1.263
30.19, 1.026, -1.129
30.20, 1.025, 0.3653
30.21, 1.024, 0.8950
30.22, 1.023, -1.583
30.23, 1.022, -1.417
30.24, 1.021, -0.7598
30.25, 1.020, 0.4408
30.26, 1.019, -0.3911
30.27, 1.018, -0.0001310
30.28, 1.017, 0.8380
30.29, 1.016, 1.105
30.30, 1.015, 0.7342
30.31, 1.014, -0.9533
30.32, 1.013, 0.4405
30.33, 1.012, 0.4290
30.34, 1.011, 0.9510
30.35, 1.010, 1.097
30.36, 1.009, 0.6582
30.37, 1.008, -0.5282
30.38, 1.007, 0.2690
30.39, 1.006, -0.9388
30.40, 1.005, -2.048
30.41, 1.004, -1.056
30.42, 1.003, 1.003
30.43, 1.002, 0.2381
30.44, 1.001, -0.4639
30.45, 1.000, -0.8151
30.46, 0.9990, -0.7980
30.47, 0.9980, -0.1509
30.48, 0.9970, 1.173
30.49, 0.9960, -0.2416
30.50, 0.9950, 0.1803
30.51, 0.9940, 0.1133
30.52, 0.9930, 1.873
30.53, 0.9920, -0.1538
30.54, 0.9910, -0.4913
30.55, 0.9900, 1.778
30.56, 0.9890, -0.05835
30.57, 0.9880, 0.1884
30.58, 0.9870, 0.6989
30.59, 0.9860, -1.287
30.60, 0.9850, -0.2840
30.61, 0.9840, -0.4931
30.62, 0.9830, -1.114
30.63, 0.9820, -2.039
30.64, 0.9810, -0.9823
30.65, 0.9800, -1.029
30.66, 0.9790, 0.7767
30.67, 0.9780, 0.1906
30.68, 0.9770, 0.08363
30.69, 0.9760, 0.04287
30.70, 0.9750, 0.6131
30.71, 0.9740, -1.409
30.72, 0.9730, -2.356
30.73, 0.9720, -1.615
30.74, 0.9710, -0.1160
30.75, 0.9700, -1.578
30.76, 0.9690, -0.2361
30.77, 0.9680, 0.9883
30.78, 0.9670, 0.08424
30.79, 0.9660, -1.874
30.80, 0.9650, -1.418
30.81, 0.9640, -1.523
30.82, 0.9630, -1.607
30.83, 0.9620, -1.774
30.84, 0.9610, -1.573
30.85, 0.9600, 1.357
30.86, 0.9590, 0.1531
30.87, 0.9580, -1.669
30.88, 0.9570, -1.624
30.89, 0.9560, 0.8231
30.90, 0.9550, -0.5718
30.91, 0.9540, -0.01148
30.92, 0.9530, 0.9732
30.93, 0.9520, -0.04526
30.94, 0.9510, -1.905
30.95, 0.9500, 0.9480
30.96, 0.9490, -2.451
30.97, 0.9480, -0.8199
30.98, 0.9470, 0.1938
30.99, 0.9460, -2.398
31.00, 0.9450, -0.1634
31.01, 0.9440, 0.3463
31.02, 0.9430, -1.490
31.03, 0.9420, 0.3323
31.04, 0.9410, -0.9118
31.05, 0.9400, -2.646
31.06, 0.9390, -3.950
31.07, 0.9380, -1.539
31.08, 0.9370, -2.390
31.09, 0.9360, -1.148
31.10, 0.9350, -1.457
31.11, 0.9340, -3.119
31.12, 0.9330, -2.238
31.13, 0.9320, 0.1210
31.14, 0.9310, -0.1527
31.15, 0.9300, -0.4897
31.16, 0.9290, -0.06333
31.17, 0.9280, -0.5574
31.18, 0.9270, -1.083
31.19, 0.9260, -0.2920
31.20, 0.9250, -2.779
31.21, 0.9240, -0.4266
31.22, 0.9230, 0.6390
31.23, 0.9220, -0.8544
31.24, 0.9210, -1.170
31.25, 0.9200, -2.298
31.26, 0.9190, -0.8144
31.27, 0.9180, 1.083
31.28, 0.9170, -2.473
31.29, 0.9160, 0.5430
31.30, 0.9150, -1.881
31.31, 0.9140, -1.715
31.32, 0.9130, -2.185
31.33, 0.9120, -0.4494
31.34, 0.9110, -2.292
31.35, 0.9100, -2.133
31.36, 0.9090, -1.511
31.37, 0.9080, -1.382
31.38, 0.9070, -1.710
31.39, 0.9060, -3.151
31.40, 0.9050, -2.465
31.41, 0.9040, -2.513
31.42, 0.9030, -2.556
31.43, 0.9020, -2.440
31.44, 0.9010, -2.563
31.45, 0.9000, -1.840
31.46, 0.8990, -1.064
31.47, 0.8980, -1.515
31.48, 0.8970, -1.048
31.49, 0.8960, -2.198
31.50, 0.8950, -2.643
31.51, 0.8940, -3.145
31.52, 0.8930, -3.116
31.53, 0.8920, -2.659
31.54, 0.8910, -0.7860
31.55, 0.8900, -2.250
31.56, 0.8890, -3.109
31.57, 0.8880, -2.562
31.58, 0.8870, -1.972
31.59, 0.8860, -0.9396
31.60, 0.8850, -2.275
31.61, 0.8840, -1.556
31.62, 0.8830, -3.175
31.63, 0.8820, -3.149
31.64, 0.8810, -3.866
31.65, 0.8800, -2.627
31.66, 0.8790, -2.193
31.67, 0.8780, -0.4114
31.68, 0.8770, 0.1798
31.69, 0.8760, -1.189
31.70, 0.8750, -0.6602
31.71, 0.8740, -1.361
31.72, 0.8730, -2.198
31.73, 0.8720, -3.645
31.74, 0.8710, -3.065
31.75, 0.8700, -1.590
31.76, 0.8690, -1.172
31.77, 0.8680, -2.364
31.78, 0.8670, -2.846
31.79, 0.8660, -2.134
31.80, 0.8650, -1.827
31.81, 0.8640, -1.365
31.82, 0.8630, -2.846
31.83, 0.8620, -3.283
31.84, 0.8610, -2.911
31.85, 0.8600, -2.860
31.86, 0.8590, -3.021
31.87, 0.8580, -1.794
31.88, 0.8570, -2.613
31.89, 0.8560, -3.380
31.90, 0.8550, -2.730
31.91, 0.8540, -1.616
31.92, 0.8530, -2.144
31.93, 0.8520, -2.086
31.94, 0.8510, -4.115
31.95, 0.8500, -4.049
31.96, 0.8490, -3.261
31.97, 0.8480, -4.525
31.98, 0.8470, -1.510
31.99, 0.8460, -3.395
32.00, 0.8450, -2.249
32.01, 0.8440, -1.762
32.02, 0.8430, -2.404
32.03, 0.8420, -2.618
32.04, 0.8410, -2.195
32.05, 0.8400, -2.586
32.06, 0.8390, -1.742
32.07, 0.8380, -3.292
32.08, 0.8370, -3.486
32.09, 0.8360, -2.603
32.10, 0.8350, -3.930
32.11, 0.8340, -3.061
32.12, 0.8330, -1.785
32.13, 0.8320, -3.256
32.14, 0.8310, -4.047
32.15, 0.8300, -2.576
32.16, 0.8290, -1.439
32.17, 0.8280, -1.541
32.18, 0.8270, -1.837
32.19, 0.8260, -4.053
32.20, 0.8250, -2.367
32.21, 0.8240, -1.783
32.22, 0.8230, -1.525
32.23, 0.8220, -1.913
32.24, 0.8210, -2.969
32.25, 0.8200, 0.4794
32.26, 0.8190, -0.7971
32.27, 0.8180, -1.544
32.28, 0.8170, -2.208
32.29, 0.8160, -3.026
32.30, 0.8150, -4.393
32.31, 0.8140, -3.487
32.32, 0.8130, -2.588
32.33, 0.8120, -4.068
32.34, 0.8110, -3.197
32.35, 0.8100, -1.880
32.36, 0.8090, -1.531
32.37, 0.8080, -2.951
32.38, 0.8070, -1.443
32.39, 0.8060, -3.687
32.40, 0.8050, -1.910
32.41, 0.8040, -4.514
32.42, 0.8030, -2.946
32.43, 0.8020, -2.314
32.44, 0.8010, -4.322
32.45, 0.8000, -4.056
32.46, 0.7990, -4.572
32.47, 0.7980, -2.673
32.48, 0.7970, -2.431
32.49, 0.7960, -2.041
32.50, 0.7950, -3.097
32.51, 0.7940, -1.239
32.52, 0.7930, -4.595
32.53, 0.7920, -3.225
32.54, 0.7910, -3.334
32.55, 0.7900, -3.411
32.56, 0.7890, -3.096
32.57, 0.7880, -2.505
32.58, 0.7870, -2.371
32.59, 0.7860, -1.096
32.60, 0.7850, -0.4051
32.61, 0.7840, -3.179
32.62, 0.7830, -1.733
32.63, 0.7820, -3.030
32.64, 0.7810, -1.421
32.65, 0.7800, -2.326
32.66, 0.7790, -2.103
32.67, 0.7780, -2.437
32.68, 0.7770, -3.991
32.69, 0.7760, -3.366
32.70, 0.7750, -2.881
32.71, 0.7740, -3.627
32.72, 0.7730, -2.417
32.73, 0.7720, -2.930
32.74, 0.7710, -2.806
32.75, 0.7700, -4.718
32.76, 0.7690, -3.791
32.77, 0.7680, -3.629
32.78, 0.7670, -4.574
32.79, 0.7660, -3.651
32.80, 0.7650, -2.429
32.81, 0.7640, -3.698
32.82, 0.7630, -2.551
32.83, 0.7620, -1.774
32.84, 0.7610, -2.139
32.85, 0.7600, -4.138
32.86, 0.7590, -3.444
32.87, 0.7580, -3.662
32.88, 0.7570, -2.478
32.89, 0.7560, -4.452
32.90, 0.7550, -2.841
32.91, 0.7540, -3.605
32.92, 0.7530, -3.723
32.93, 0.7520, -3.921
32.94, 0.7510, -2.678
32.95, 0.7500, -2.148
32.96, 0.7490, -2.974
32.97, 0.7480, -3.009
32.98, 0.7470, -1.713
32.99, 0.7460, -2.969
33.00, 0.7450, -4.392
33.01, 0.7440, -3.032
33.02, 0.7430, -2.384
33.03, 0.7420, -3.291
33.04, 0.7410, -4.003
33.05, 0.7400, -4.067
33.06, 0.7390, -4.598
33.07, 0.7380, -4.189
33.08, 0.7370, -3.750
33.09, 0.7360, -5.243
33.10, 0.7350, -4.383
33.11, 0.7340, -5.617
33.12, 0.7330, -3.624
33.13, 0.7320, -4.840
33.14, 0.7310, -5.143
33.15, 0.7300, -3.811
33.16, 0.7290, -2.747
33.17, 0.7280, -3.443
33.18, 0.7270, -3.905
33.19, 0.7260, -4.360
33.20, 0.7250, -4.583
33.21, 0.7240, -4.478
33.22, 0.7230, -2.757
33.23, 0.7220, -5.102
33.24, 0.7210, -2.271
33.25, 0.7200, -5.006
33.26, 0.7190, -3.064
33.27, 0.7180, -3.992
33.28, 0.7170, -4.782
33.29, 0.7160, -3.960
33.30, 0.7150, -4.070
33.31, 0.7140, -5.607
33.32, 0.7130, -5.993
33.33, 0.7120, -5.913
33.34, 0.7110, -4.728
33.35, 0.7100, -3.934
33.36, 0.7090, -3.139
33.37, 0.7080, -4.045
33.38, 0.7070, -1.375
33.39, 0.7060, -2.411
33.40, 0.7050, -3.025
33.41, 0.7040, -2.336
33.42, 0.7030, -3.790
33.43, 0.7020, -4.480
33.44, 0.7010, -3.886
33.45, 0.7000, -4.001
33.46, 0.6990, -4.982
33.47, 0.6980, -3.191
33.48, 0.6970, -3.915
33.49, 0.6960, -3.361
33.50, 0.6950, -3.300
33.51, 0.6940, -3.805
33.52, 0.6930, -4.214
33.53, 0.6920, -4.880
33.54, 0.6910, -2.973
33.55, 0.6900, -4.819
33.56, 0.6890, -4.347
33.57, 0.6880, -3.956
33.58, 0.6870, -4.326
33.59, 0.6860, -5.979
33.60, 0.6850, -3.859
33.61, 0.6840, -3.957
33.62, 0.6830, -3.401
33.63, 0.6820, -3.453
33.64, 0.6810, -3.902
33.65, 0.6800, -4.623
33.66, 0.6790, -4.750
33.67, 0.6780, -3.722
33.68, 0.6770, -3.620
33.69, 0.6760, -3.416
33.70, 0.6750, -3.633
33.71, 0.6740, -4.558
33.72, 0.6730, -4.388
33.73, 0.6720, -3.886
33.74, 0.6710, -4.301
33.75, 0.6700, -5.355
33.76, 0.6690, -3.724
33.77, 0.6680, -4.110
33.78, 0.6670, -5.731
33.79, 0.6660, -3.087
33.80, 0.6650, -3.397
33.81, 0.6640, -2.785
33.82, 0.6630, -3.840
33.83, 0.6620, -3.942
33.84, 0.6610, -3.237
33.85, 0.6600, -2.815
33.86, 0.6590, -5.535
33.87, 0.6580, -4.501
33.88, 0.6570, -5.202
33.89, 0.6560, -2.403
33.90, 0.6550, -4.424
33.91, 0.6540, -4.719
33.92, 0.6530, -5.782
33.93, 0.6520, -3.675
33.94, 0.6510, -4.998
33.95, 0.6500, -4.592
33.96, 0.6490, -5.721
33.97, 0.6480, -4.356
33.98, 0.6470, -6.434
33.99, 0.6460, -5.474
34.00, 0.6450, -4.765
34.01, 0.6440, -6.666
34.02, 0.6430, -3.837
34.03, 0.6420, -3.797
34.04, 0.6410, -4.319
34.05, 0.6400, -5.986
34.06, 0.6390, -4.884
34.07, 0.6380, -5.731
34.08, 0.6370, -4.516
34.09, 0.6360, -5.710
34.10, 0.6350, -4.623
34.11, 0.6340, -4.477
34.12, 0.6330, -4.282
34.13, 0.6320, -4.045
34.14, 0.6310, -4.008
34.15, 0.6300, -5.468
34.16, 0.6290, -4.932
34.17, 0.6280, -6.182
34.18, 0.6270, -3.529
34.19, 0.6260, -2.285
34.20, 0.6250, -3.489
34.21, 0.6240, -6.522
34.22, 0.6230, -2.636
34.23, 0.6220, -4.668
34.24, 0.6210, -4.263
34.25, 0.6200, -5.350
34.26, 0.6190, -4.925
34.27, 0.6180, -5.044
34.28, 0.6170, -4.523
34.29, 0.6160, -3.827
34.30, 0.6150, -3.785
34.31, 0.6140, -4.904
34.32, 0.6130, -4.222
34.33, 0.6120, -3.988
34.34, 0.6110, -4.018
34.35, 0.6100, -3.564
34.36, 0.6090, -4.361
34.37, 0.6080, -5.156
34.38, 0.6070, -6.046
34.39, 0.6060, -5.661
34.40, 0.6050, -6.635
34.41, 0.6040, -5.556
34.42, 0.6030, -4.680
34.43, 0.6020, -5.278
34.44, 0.6010, -4.895
34.45, 0.6000, -7.765
34.46, 0.5990, -4.749
34.47, 0.5980, -5.028
34.48, 0.5970, -5.869
34.49, 0.5960, -5.020
34.50, 0.5950, -4.965
34.51, 0.5940, -5.055
34.52, 0.5930, -5.451
34.53, 0.5920, -4.195
34.54, 0.5910, -5.141
34.55, 0.5900, -6.014
34.56, 0.5890, -3.633
34.57, 0.5880, -4.787
34.58, 0.5870, -3.500
34.59, 0.5860, -4.443
34.60, 0.5850, -5.006
34.61, 0.5840, -5.029
34.62, 0.5830, -5.175
34.63, 0.5820, -3.617
34.64, 0.5810, -4.885
34.65, 0.5800, -5.088
34.66, 0.5790, -4.428
34.67, 0.5780, -5.271
34.68, 0.5770, -4.116
34.69, 0.5760, -3.931
34.70, 0.5750, -2.862
34.71, 0.5740, -3.666
34.72, 0.5730, -5.138
34.73, 0.5720, -5.778
34.74, 0.5710, -4.758
34.75, 0.5700, -6.587
34.76, 0.5690, -5.658
34.77, 0.5680, -3.817
34.78, 0.5670, -4.046
34.79, 0.5660, -3.534
34.80, 0.5650, -6.287
34.81, 0.5640, -5.740
34.82, 0.5630, -3.609
34.83, 0.5620, -6.689
34.84, 0.5610, -5.139
34.85, 0.5600, -6.205
34.86, 0.5590, -5.217
34.87, 0.5580, -5.910
34.88, 0.5570, -6.373
34.89, 0.5560, -7.007
34.90, 0.5550, -5.684
34.91, 0.5540, -6.082
34.92, 0.5530, -6.603
34.93, 0.5520, -5.427
34.94, 0.5510, -6.194
34.95, 0.5500, -6.134
34.96, 0.5490, -5.772
34.97, 0.5480, -3.732
34.98, 0.5470, -5.096
34.99, 0.5460, -5.595
35.00, 0.5450, -5.384
35.01, 0.5440, -3.952
35.02, 0.5430, -5.540
35.03, 0.5420, -4.242
35.04, 0.5410, -4.935
35.05, 0.5400, -7.410
35.06, 0.5390, -6.236
35.07, 0.5380, -4.739
35.08, 0.5370, -4.309
35.09, 0.5360, -5.106
35.10, 0.5350, -4.091
35.11, 0.5340, -5.807
35.12, 0.5330, -5.219
35.13, 0.5320, -5.700
35.14, 0.5310, -6.066
35.15, 0.5300, -6.277
35.16, 0.5290, -5.360
35.17, 0.5280, -4.910
35.18, 0.5270, -5.419
35.19, 0.5260, -6.051
35.20, 0.5250, -5.412
35.21, 0.5240, -5.506
35.22, 0.5230, -5.407
35.23, 0.5220, -6.489
35.24, 0.5210, -6.150
35.25, 0.5200, -5.342
35.26, 0.5190, -6.545
35.27, 0.5180, -6.061
35.28, 0.5170, -6.261
35.29, 0.5160, -6.651
35.30, 0.5150, -4.726
35.31, 0.5140, -6.047
35.32, 0.5130, -6.990
35.33, 0.5120, -4.383
35.34, 0.5110, -4.548
35.35, 0.5100, -5.026
35.36, 0.5090, -5.385
35.37, 0.5080, -4.988
35.38, 0.5070, -6.467
35.39, 0.5060, -4.225
35.40, 0.5050, -4.842
35.41, 0.5040, -4.845
35.42, 0.5030, -4.492
35.43, 0.5020, -5.305
35.44, 0.5010, -5.373
35.45, 0.5000, -4.672
35.46, 0.4990, -5.461
35.47, 0.4980, -6.441
35.48, 0.4970, -5.671
35.49, 0.4960, -5.847
35.50, 0.4950, -5.418
35.51, 0.4940, -6.440
35.52, 0.4930, -6.063
35.53, 0.4920, -5.279
35.54, 0.4910, -6.519
35.55, 0.4900, -4.994
35.56, 0.4890, -5.928
35.57, 0.4880, -5.294
35.58, 0.4870, -5.682
35.59, 0.4860, -6.281
35.60, 0.4850, -6.611
35.61, 0.4840, -6.264
35.62, 0.4830, -5.894
35.63, 0.4820, -6.796
35.64, 0.4810, -5.864
35.65, 0.4800, -7.290
35.66, 0.4790, -7.996
35.67, 0.4780, -6.373
35.68, 0.4770, -7.105
35.69, 0.4760, -7.344
35.70, 0.4750, -8.151
35.71, 0.4740, -6.424
35.72, 0.4730, -5.953
35.73, 0.4720, -5.754
35.74, 0.4710, -6.911
35.75, 0.4700, -6.286
35.76, 0.4690, -7.424
35.77, 0.4680, -4.937
35.78, 0.4670, -6.655
35.79, 0.4660, -7.192
35.80, 0.4650, -8.207
35.81, 0.4640, -6.117
35.82, 0.4630, -6.073
35.83, 0.4620, -6.705
35.84, 0.4610, -6.382
35.85, 0.4600, -6.056
35.86, 0.4590, -5.563
35.87, 0.4580, -4.628
35.88, 0.4570, -6.780
35.89, 0.4560, -6.164
35.90, 0.4550, -6.037
35.91, 0.4540, -6.992
35.92, 0.4530, -5.462
35.93, 0.4520, -5.880
35.94, 0.4510, -4.473
35.95, 0.4500, -6.562
35.96, 0.4490, -5.911
35.97, 0.4480, -6.988
35.98, 0.4470, -5.758
35.99, 0.4460, -5.054
36.00, 0.4450, -5.619
36.01, 0.4440, -6.468
36.02, 0.4430, -4.403
36.03, 0.4420, -6.283
36.04, 0.4410, -6.336
36.05, 0.4400, -5.017
36.06, 0.4390, -6.493
36.07, 0.4380, -6.833
36.08, 0.4370, -6.477
36.09, 0.4360, -7.142
36.10, 0.4350, -9.099
36.11, 0.4340, -5.869
36.12, 0.4330, -7.808
36.13, 0.4320, -6.020
36.14, 0.4310, -6.886
36.15, 0.4300, -5.870
36.16, 0.4290, -6.919
36.17, 0.4280, -6.517
36.18, 0.4270, -6.713
36.19, 0.4260, -7.926
36.20, 0.4250, -5.870
36.21, 0.4240, -7.923
36.22, 0.4230, -8.555
36.23, 0.4220, -7.094
36.24, 0.4210, -5.278
36.25, 0.4200, -7.703
36.26, 0.4190, -5.307
36.27, 0.4180, -6.260
36.28, 0.4170, -6.427
36.29, 0.4160, -8.096
36.30, 0.4150, -6.870
36.31, 0.4140, -7.142
36.32, 0.4130, -7.918
36.33, 0.4120, -6.693
36.34, 0.4110, -6.435
36.35, 0.4100, -8.597
36.36, 0.4090, -7.912
36.37, 0.4080, -5.712
36.38, 0.4070, -5.265
36.39, 0.4060, -5.946
36.40, 0.4050, -7.065
36.41, 0.4040, -6.850
36.42, 0.4030, -5.676
36.43, 0.4020, -7.025
36.44, 0.4010, -6.717
36.45, 0.4000, -5.129
36.46, 0.3990, -7.471
36.47, 0.3980, -6.525
36.48, 0.3970, -7.125
36.49, 0.3960, -6.137
36.50, 0.3950, -7.952
36.51, 0.3940, -6.203
36.52, 0.3930, -6.323
36.53, 0.3920, -6.915
36.54, 0.3910, -6.575
36.55, 0.3900, -7.388
36.56, 0.3890, -6.457
36.57, 0.3880, -6.620
36.58, 0.3870, -7.505
36.59, 0.3860, -7.314
36.60, 0.3850, -6.868
36.61, 0.3840, -7.695
36.62, 0.3830, -7.021
36.63, 0.3820, -7.853
36.64, 0.3810, -6.892
36.65, 0.3800, -7.612
36.66, 0.3790, -5.427
36.67, 0.3780, -6.998
36.68, 0.3770, -5.445
36.69, 0.3760, -7.508
36.70, 0.3750, -6.517
36.71, 0.3740, -7.199
36.72, 0.3730, -7.111
36.73, 0.3720, -5.468
36.74, 0.3710, -7.836
36.75, 0.3700, -6.284
36.76, 0.3690, -8.056
36.77, 0.3680, -8.093
36.78, 0.3670, -6.595
36.79, 0.3660, -7.005
36.80, 0.3650, -7.551
36.81, 0.3640, -7.705
36.82, 0.3630, -6.615
36.83, 0.3620, -7.488
36.84, 0.3610, -7.516
36.85, 0.3600, -6.768
36.86, 0.3590, -6.751
36.87, 0.3580, -6.693
36.88, 0.3570, -4.902
36.89, 0.3560, -8.227
36.90, 0.3550, -8.064
36.91, 0.3540, -7.172
36.92, 0.3530, -9.000
36.93, 0.3520, -7.749
36.94, 0.3510, -7.576
36.95, 0.3500, -8.146
36.96, 0.3490, -8.999
36.97, 0.3480, -8.669
36.98, 0.3470, -7.732
36.99, 0.3460, -6.549
37.00, 0.3450, -8.094
37.01, 0.3440, -5.947
37.02, 0.3430, -7.949
37.03, 0.3420, -7.358
37.04, 0.3410, -7.039
37.05, 0.3400, -8.211
37.06, 0.3390, -7.474
37.07, 0.3380, -8.300
37.08, 0.3370, -6.464
37.09, 0.3360, -7.980
37.10, 0.3350, -6.916
37.11, 0.3340, -7.745
37.12, 0.3330, -7.040
37.13, 0.3320, -7.487
37.14, 0.3310, -7.192
37.15, 0.3300, -7.813
37.16, 0.3290, -6.364
37.17, 0.3280, -6.634
37.18, 0.3270, -7.906
37.19, 0.3260, -6.878
37.20, 0.3250, -8.146
37.21, 0.3240, -8.674
37.22, 0.3230, -8.279
37.23, 0.3220, -8.086
37.24, 0.3210, -8.098
37.25, 0.3200, -8.077
37.26, 0.3190, -7.145
37.27, 0.3180, -8.582
37.28, 0.3170, -7.533
37.29, 0.3160, -7.681
37.30, 0.3150, -6.775
37.31, 0.3140, -8.526
37.32, 0.3130, -8.871
37.33, 0.3120, -9.271
37.34, 0.3110, -7.569
37.35, 0.3100, -8.738
37.36, 0.3090, -8.545
37.37, 0.3080, -7.376
37.38, 0.3070, -9.469
37.39, 0.3060, -8.615
37.40, 0.3050, -8.453
37.41, 0.3040, -7.784
37.42, 0.3030, -7.142
37.43, 0.3020, -9.257
37.44, 0.3010, -7.652
37.45, 0.3000, -8.929
37.46, 0.2990, -9.081
37.47, 0.2980, -6.881
37.48, 0.2970, -8.811
37.49, 0.2960, -7.465
37.50, 0.2950, -8.388
37.51, 0.2940, -8.661
37.52, 0.2930, -7.999
37.53, 0.2920, -8.410
37.54, 0.2910, -7.008
37.55, 0.2900, -6.414
37.56, 0.2890, -8.756
37.57, 0.2880, -7.069
37.58, 0.2870, -7.422
37.59, 0.2860, -6.905
37.60, 0.2850, -8.066
37.61, 0.2840, -7.855
37.62, 0.2830, -7.191
37.63, 0.2820, -8.133
37.64, 0.2810, -8.371
37.65, 0.2800, -8.462
37.66, 0.2790, -7.234
37.67, 0.2780, -9.030
37.68, 0.2770, -7.569
37.69, 0.2760, -7.454
37.70, 0.2750, -8.009
37.71, 0.2740, -6.809
37.72, 0.2730, -7.662
37.73, 0.2720, -7.812
37.74, 0.2710, -8.024
37.75, 0.2700, -8.769
37.76, 0.2690, -8.784
37.77, 0.2680, -9.457
37.78, 0.2670, -8.802
37.79, 0.2660, -8.364
37.80, 0.2650, -8.023
37.81, 0.2640, -8.271
37.82, 0.2630, -8.262
37.83, 0.2620, -9.549
37.84, 0.2610, -7.986
37.85, 0.2600, -9.163
37.86, 0.2590, -8.820
37.87, 0.2580, -8.871
37.88, 0.2570, -8.744
37.89, 0.2560, -9.377
37.90, 0.2550, -7.974
37.91, 0.2540, -9.679
37.92, 0.2530, -8.821
37.93, 0.2520, -8.194
37.94, 0.2510, -7.954
37.95, 0.2500, -8.341
37.96, 0.2490, -9.342
37.97, 0.2480, -8.966
37.98, 0.2470, -9.502
37.99, 0.2460, -8.260
38.00, 0.2450, -9.642
38.01, 0.2440, -7.275
38.02, 0.2430, -7.787
38.03, 0.2420, -7.298
38.04, 0.2410, -7.341
38.05, 0.2400, -7.779
38.06, 0.2390, -7.785
38.07, 0.2380, -7.903
38.08, 0.2370, -7.999
38.09, 0.2360, -8.470
38.10, 0.2350, -8.727
38.11, 0.2340, -7.902
38.12, 0.2330, -9.981
38.13, 0.2320, -8.142
38.14, 0.2310, -9.014
38.15, 0.2300, -7.991
38.16, 0.2290, -8.643
38.17, 0.2280, -8.012
38.18, 0.2270, -8.125
38.19, 0.2260, -9.640
38.20, 0.2250, -9.316
38.21, 0.2240, -8.993
38.22, 0.2230, -9.253
38.23, 0.2220, -9.230
38.24, 0.2210, -9.125
38.25, 0.2200, -9.143
38.26, 0.2190, -8.615
38.27, 0.2180, -9.138
38.28, 0.2170, -8.860
38.29, 0.2160, -9.448
38.30, 0.2150, -9.706
38.31, 0.2140, -8.516
38.32, 0.2130, -9.717
38.33, 0.2120, -8.614
38.34, 0.2110, -9.526
38.35, 0.2100, -7.911
38.36, 0.2090, -7.907
38.37, 0.2080, -5.347
38.38, 0.2070, -9.588
38.39, 0.2060, -8.606
38.40, 0.2050, -7.471
38.41, 0.2040, -8.189
38.42, 0.2030, -9.126
38.43, 0.2020, -8.397
38.44, 0.2010, -9.139
38.45, 0.2000, -9.193
38.46, 0.1990, -8.775
38.47, 0.1980, -8.511
38.48, 0.1970, -9.584
38.49, 0.1960, -8.741
38.50, 0.1950, -8.293
38.51, 0.1940, -8.189
38.52, 0.1930, -9.053
38.53, 0.1920, -8.705
38.54, 0.1910, -8.697
38.55, 0.1900, -8.094
38.56, 0.1890, -8.027
38.57, 0.1880, -8.436
38.58, 0.1870, -7.649
38.59, 0.1860, -9.165
38.60, 0.1850, -9.368
38.61, 0.1840, -8.566
38.62, 0.1830, -8.915
38.63, 0.1820, -9.897
38.64, 0.1810, -10.00
38.65, 0.1800, -9.295
38.66, 0.1790, -9.545
38.67, 0.1780, -8.981
38.68, 0.1770, -8.897
38.69, 0.1760, -9.782
38.70, 0.1750, -8.363
38.71, 0.1740, -7.658
38.72, 0.1730, -8.788
38.73, 0.1720, -8.980
38.74, 0.1710, -9.636
38.75, 0.1700, -9.649
38.76, 0.1690, -9.604
38.77, 0.1680, -9.129
38.78, 0.1670, -10.72
38.79, 0.1660, -9.321
38.80, 0.1650, -8.460
38.81, 0.1640, -8.111
38.82, 0.1630, -8.343
38.83, 0.1620, -9.468
38.84, 0.1610, -9.827
38.85, 0.1600, -9.245
38.86, 0.1590, -9.256
38.87, 0.1580, -9.232
38.88, 0.1570, -10.43
38.89, 0.1560, -9.807
38.90, 0.1550, -9.464
38.91, 0.1540, -9.659
38.92, 0.1530, -10.68
38.93, 0.1520, -10.84
38.94, 0.1510, -10.98
38.95, 0.1500, -9.076
38.96, 0.1490, -9.426
38.97, 0.1480, -9.155
38.98, 0.1470, -10.18
38.99, 0.1460, -9.645
39.00, 0.1450, -9.615
39.01, 0.1440, -9.669
39.02, 0.1430, -9.296
39.03, 0.1420, -9.737
39.04, 0.1410, -9.695
39.05, 0.1400, -10.70
39.06, 0.1390, -10.65
39.07, 0.1380, -9.814
39.08, 0.1370, -11.38
39.09, 0.1360, -10.07
39.10, 0.1350, -10.78
39.11, 0.1340, -10.40
39.12, 0.1330, -10.03
39.13, 0.1320, -8.892
39.14, 0.1310, -8.591
39.15, 0.1300, -9.462
39.16, 0.1290, -8.812
39.17, 0.1280, -9.066
39.18, 0.1270, -8.926
39.19, 0.1260, -9.186
39.20, 0.1250, -8.488
39.21, 0.1240, -9.426
39.22, 0.1230, -10.86
39.23, 0.1220, -11.05
39.24, 0.1210, -9.746
39.25, 0.1200, -8.597
39.26, 0.1190, -9.234
39.27, 0.1180, -9.379
39.28, 0.1170, -10.32
39.29, 0.1160, -9.153
39.30, 0.1150, -10.14
39.31, 0.1140, -9.376
39.32, 0.1130, -8.481
39.33, 0.1120, -10.23
39.34, 0.1110, -8.982
39.35, 0.1100, -10.07
39.36, 0.1090, -8.858
39.37, 0.1080, -9.002
39.38, 0.1070, -10.01
39.39, 0.1060, -9.860
39.40, 0.1050, -10.67
39.41, 0.1040, -9.816
39.42, 0.1030, -10.27
39.43, 0.1020, -9.068
39.44, 0.1010, -10.71
39.45, 0.1000, -9.383
39.46, 0.09900, -11.12
39.47, 0.09800, -9.816
39.48, 0.09700, -10.17
39.49, 0.09600, -10.27
39.50, 0.09500, -10.34
39.51, 0.09400, -9.960
39.52, 0.09300, -10.30
39.53, 0.09200, -9.246
39.54, 0.09100, -9.754
39.55, 0.09000, -10.42
39.56, 0.08900, -9.538
39.57, 0.08800, -10.12
39.58, 0.08700, -10.85
39.59, 0.08600, -10.26
39.60, 0.08500, -10.09
39.61, 0.08400, -9.938
39.62, 0.08300, -10.29
39.63, 0.08200, -9.107
39.64, 0.08100, -11.14
39.65, 0.08000, -10.15
39.66, 0.07900, -9.367
39.67, 0.07800, -9.371
39.68, 0.07700, -11.46
39.69, 0.07600, -9.687
39.70, 0.07500, -11.49
39.71, 0.07400, -9.687
39.72, 0.07300, -10.58
39.73, 0.07200, -9.117
39.74, 0.07100, -9.990
39.75, 0.07000, -10.54
39.76, 0.06900, -11.20
39.77, 0.06800, -8.840
39.78, 0.06700, -10.52
39.79, 0.06600, -10.26
39.80, 0.06500, -11.00
39.81, 0.06400, -11.43
39.82, 0.06300, -9.526
39.83, 0.06200, -10.95
39.84, 0.06100, -10.69
39.85, 0.06000, -11.08
39.86, 0.05900, -8.982
39.87, 0.05800, -9.910
39.88, 0.05700, -10.90
39.89, 0.05600, -12.90
39.90, 0.05500, -11.02
39.91, 0.05400, -12.41
39.92, 0.05300, -11.90
39.93, 0.05200, -11.36
39.94, 0.05100, -11.20
39.95, 0.05000, -11.82
39.96, 0.04900, -10.96
39.97, 0.04800, -10.77
39.98, 0.04700, -10.91
39.99, 0.04600, -9.892
40.00, 0.04500, -10.11
40.01, 0.04400, -10.33
40.02, 0.04300, -10.02
40.03, 0.04200, -11.79
40.04, 0.04100, -11.29
40.05, 0.04000, -9.094
40.06, 0.03900, -9.749
40.07, 0.03800, -9.312
40.08, 0.03700, -11.07
40.09, 0.03600, -9.969
40.10, 0.03500, -10.65
40.11, 0.03400, -10.04
40.12, 0.03300, -9.614
40.13, 0.03200, -10.12
40.14, 0.03100, -9.889
40.15, 0.03000, -10.97
40.16, 0.02900, -9.633
40.17, 0.02800, -11.06
40.18, 0.02700, -10.38
40.19, 0.02600, -11.55
40.20, 0.02500, -10.81
40.21, 0.02400, -12.55
40.22, 0.02300, -11.12
40.23, 0.02200, -10.97
40.24, 0.02100, -10.16
40.25, 0.02000, -10.82
40.26, 0.01900, -10.84
40.27, 0.01800, -9.654
40.28, 0.01700, -9.524
40.29, 0.01600, -11.21
40.30, 0.01500, -10.30
40.31, 0.01400, -10.91
40.32, 0.01300, -12.40
40.33, 0.01200, -12.06
40.34, 0.01100, -11.98
40.35, 0.01000, -11.85
40.36, 0.009000, -12.52
40.37, 0.008000, -13.01
40.38, 0.007000, -12.07
40.39, 0.006000, -11.18
40.40, 0.005000, -12.80
40.41, 0.004000, -10.92
40.42, 0.003000, -11.99
40.43, 0.002000, -11.83
40.44, 0.001000, -11.25
40.45, 0.000, -7.474
